,loss_g,loss_d,train_wd,train_ce_d,train_mse,train_acc,test_mse,test_acc
0,0.13841360807418823,0.3491198718547821,-6.92605972290039e-05,0.7100459933280945,0.24023869633674622,0.31985294117647056,0.3424089550971985,0.26176470588235246
1,0.14764493703842163,0.06495869159698486,-0.0003185272216796875,0.7096089720726013,0.32959991693496704,0.20266544117647056,0.6236885786056519,0.22499999999999964
2,0.14899508655071259,0.030529113486409187,-0.00044786930084228516,0.7097673416137695,1.1883766651153564,0.14522058823529416,1.4478424787521362,0.21470588235294075
3,0.13623811304569244,0.011989395134150982,0.00010102987289428711,0.7148478031158447,1.4456089735031128,0.2164522058823526,1.7189885377883911,0.24558823529411744
4,0.13531826436519623,0.007105674594640732,9.655952453613281e-06,0.7150614857673645,1.3664551973342896,0.20036764705882337,1.6033109426498413,0.24117647058823521
5,0.13508081436157227,0.007196982856839895,0.000517725944519043,0.7170745730400085,1.0123153924942017,0.26240808823529416,1.175698161125183,0.26617647058823524
6,0.14229390025138855,0.005607912316918373,0.0008758306503295898,0.716128408908844,1.8757978677749634,0.27159926470588236,2.3707268238067627,0.24852941176470578
7,0.14543814957141876,0.0046173701994121075,0.0018423199653625488,0.7155619859695435,2.101717948913574,0.2164522058823526,2.7591421604156494,0.27058823529411746
8,0.14426495134830475,0.004207824822515249,0.002161741256713867,0.7185847163200378,2.9452152252197266,0.23253676470588236,2.8150601387023926,0.27647058823529413
9,0.13156698644161224,0.003184740897268057,0.0028031468391418457,0.7128103971481323,2.1932499408721924,0.26930147058823517,2.7058520317077637,0.2632352941176469
10,0.13156242668628693,0.0013153688050806522,0.0034300684928894043,0.7100608348846436,2.1085703372955322,0.31985294117647056,2.8356287479400635,0.27205882352941135
11,0.13565291464328766,0.0006165942177176476,0.004542827606201172,0.7103323936462402,2.295362949371338,0.2440257352941172,2.8008999824523926,0.2514705882352941
12,0.1406598538160324,-0.0014019175432622433,0.005042433738708496,0.7117855548858643,2.586965799331665,0.234834558823529,2.7924351692199707,0.2426470588235291
13,0.1362154483795166,0.00044137565419077873,0.005768775939941406,0.7108844518661499,2.1639719009399414,0.21874999999999978,2.812849283218384,0.24999999999999967
14,0.14558331668376923,-0.0015741856768727303,0.0069678425788879395,0.7109267711639404,2.4081950187683105,0.2256433823529408,2.8116037845611572,0.24999999999999967
15,0.14354588091373444,-0.0037435535341501236,0.007564425468444824,0.7088136076927185,2.510277032852173,0.2049632352941172,2.8154330253601074,0.25588235294117634
16,0.13103391230106354,-0.005883947014808655,0.008345365524291992,0.7091625928878784,2.664139747619629,0.3244485294117644,2.8662948608398438,0.27647058823529413
17,0.13612374663352966,-0.005218586418777704,0.008674919605255127,0.7088102698326111,2.196451187133789,0.2555147058823526,2.8717727661132812,0.3088235294117647
18,0.13922345638275146,-0.006543229334056377,0.009485960006713867,0.7120255827903748,2.296570301055908,0.2922794117647054,2.8757495880126953,0.3088235294117647
19,0.13889825344085693,-0.006283559370785952,0.008840084075927734,0.7149924039840698,1.9370633363723755,0.2256433823529408,2.8092668056488037,0.31323529411764695
20,0.13762612640857697,-0.006242954172194004,0.009150147438049316,0.7179899215698242,1.8409408330917358,0.26240808823529416,2.085096597671509,0.3102941176470586
21,0.12932386994361877,-0.007099687121808529,0.009283304214477539,0.7105512022972107,0.6356480717658997,0.267003676470588,1.3323781490325928,0.3073529411764703
22,0.13900595903396606,-0.008502167649567127,0.01022273302078247,0.7175326943397522,0.6599186658859253,0.25091911764705876,0.7306440472602844,0.2955882352941175
23,0.13675765693187714,-0.007467333227396011,0.009243369102478027,0.7176545858383179,0.2460566610097885,0.2876838235294116,0.3507353663444519,0.2867647058823525
24,0.14280416071414948,-0.0076639074832201,0.009416520595550537,0.7205885052680969,0.08400842547416687,0.2440257352941172,0.08014636486768723,0.29411764705882304
25,0.13155649602413177,-0.006510199047625065,0.007947862148284912,0.7173154354095459,0.04095624014735222,0.3037683823529408,0.08388732373714447,0.30147058823529416
26,0.14663292467594147,-0.0073468368500471115,0.00875866413116455,0.7198526263237,0.053944628685712814,0.2440257352941172,0.08588894456624985,0.29117647058823526
27,0.14584262669086456,-0.006878973916172981,0.007845580577850342,0.7183070778846741,0.0374833419919014,0.23713235294117618,0.07561428099870682,0.2999999999999997
28,0.14328797161579132,-0.0061173527501523495,0.007793307304382324,0.7148555517196655,0.05489524453878403,0.24172794117647056,0.07453551143407822,0.2985294117647058
29,0.1385866403579712,-0.006374063901603222,0.007821202278137207,0.719606876373291,0.08386009186506271,0.26011029411764697,0.08988562226295471,0.29411764705882304
30,0.14796699583530426,-0.006549820303916931,0.008144676685333252,0.7213956713676453,0.0723104178905487,0.20036764705882337,0.08400110900402069,0.27647058823529413
31,0.14019811153411865,-0.006677145138382912,0.008171439170837402,0.719289243221283,0.05309905856847763,0.28079044117647056,0.08259720355272293,0.2735294117647058
32,0.13274258375167847,-0.0066258227452635765,0.007779598236083984,0.7139866948127747,0.06726479530334473,0.28998161764705876,0.08381970226764679,0.2676470588235291
33,0.13489273190498352,-0.006135118193924427,0.008098483085632324,0.7196208238601685,0.07238036394119263,0.23943014705882337,0.07983732968568802,0.2794117647058819
34,0.15145573019981384,-0.006540730595588684,0.0077155232429504395,0.717150866985321,0.08987511694431305,0.195772058823529,0.08406583219766617,0.2735294117647058
35,0.14123688638210297,-0.007491414900869131,0.008285284042358398,0.7155151963233948,0.07335763424634933,0.22794117647058798,0.08341360837221146,0.27647058823529413
36,0.1363336443901062,-0.006912436336278915,0.007973849773406982,0.7223244309425354,0.053663868457078934,0.22794117647058798,0.09098537266254425,0.27058823529411746
37,0.14251801371574402,-0.007872732356190681,0.008938848972320557,0.7171030044555664,0.07876157015562057,0.22334558823529416,0.08853836357593536,0.2735294117647058
38,0.14033769071102142,-0.007144792005419731,0.008452117443084717,0.7178694009780884,0.08166225999593735,0.24632352941176439,0.11336582154035568,0.26617647058823524
39,0.13550135493278503,-0.007722572423517704,0.008376359939575195,0.7128309011459351,0.11998927593231201,0.2968749999999998,0.1356779932975769,0.2676470588235291
40,0.13856613636016846,-0.008091717958450317,0.00866997241973877,0.7176638245582581,0.11074990779161453,0.25091911764705876,0.11439096182584763,0.2691176470588236
41,0.14177440106868744,-0.007863054983317852,0.008451998233795166,0.7177486419677734,0.07270756363868713,0.2555147058823526,0.11132592707872391,0.2676470588235291
42,0.14919357001781464,-0.008059059269726276,0.008691847324371338,0.7230566143989563,0.08176126331090927,0.20036764705882337,0.09866130352020264,0.2676470588235291
43,0.14873532950878143,-0.008100021630525589,0.009396672248840332,0.7182164192199707,0.11669701337814331,0.23713235294117618,0.09505459666252136,0.27058823529411746
44,0.14017930626869202,-0.007308255415409803,0.008579790592193604,0.7192218899726868,0.0939943939447403,0.23253676470588236,0.09671846777200699,0.2676470588235291
45,0.15245790779590607,-0.008415197022259235,0.009218037128448486,0.7215292453765869,0.058664124459028244,0.18198529411764697,0.10014922171831131,0.27058823529411746
46,0.13707342743873596,-0.007957871071994305,0.008750855922698975,0.7247940897941589,0.07106892764568329,0.2830882352941172,0.09970522671937943,0.2647058823529408
47,0.14449337124824524,-0.00811395701020956,0.0085715651512146,0.7195456624031067,0.07364442199468613,0.26930147058823517,0.09505412727594376,0.2647058823529408
48,0.1458401083946228,-0.008596875704824924,0.009060025215148926,0.7228694558143616,0.08852197974920273,0.25091911764705876,0.09259359538555145,0.27205882352941135
49,0.14530512690544128,-0.008608169853687286,0.009386301040649414,0.7167668342590332,0.08162636309862137,0.21874999999999978,0.09522003680467606,0.27058823529411746
50,0.1380940079689026,-0.008203395642340183,0.008894503116607666,0.7238412499427795,0.10965271294116974,0.2440257352941172,0.10506846755743027,0.2691176470588236
51,0.15335893630981445,-0.009782555513083935,0.010357320308685303,0.7239562273025513,0.09328082948923111,0.17279411764705876,0.09627541154623032,0.27058823529411746
52,0.13825584948062897,-0.007449616212397814,0.009252607822418213,0.7210978269577026,0.09642532467842102,0.273897058823529,0.0997697189450264,0.2632352941176469
53,0.1333717256784439,-0.007408544421195984,0.008734583854675293,0.7204626798629761,0.09029025584459305,0.2830882352941172,0.10013289004564285,0.27058823529411746
54,0.13769873976707458,-0.008382444269955158,0.009430408477783203,0.724821150302887,0.07985811680555344,0.2761948529411762,0.09667880833148956,0.2691176470588236
55,0.137507364153862,-0.00883918534964323,0.009277701377868652,0.7246728539466858,0.09556131809949875,0.28079044117647056,0.09613898396492004,0.26617647058823524
56,0.13506118953227997,-0.007992543280124664,0.008974552154541016,0.7244985103607178,0.10597814619541168,0.306066176470588,0.09915124624967575,0.2647058823529408
57,0.1348639726638794,-0.008788026869297028,0.00941312313079834,0.7260901927947998,0.09999015182256699,0.2532169117647054,0.0978965163230896,0.2691176470588236
58,0.1382439136505127,-0.008955507539212704,0.00958549976348877,0.7220732569694519,0.08039657026529312,0.2532169117647054,0.105159230530262,0.2749999999999997
59,0.14155416190624237,-0.009078651666641235,0.009631812572479248,0.7243567109107971,0.08018434792757034,0.23023897058823517,0.09475356340408325,0.2749999999999997
60,0.14260020852088928,-0.008324370719492435,0.009535729885101318,0.7251642942428589,0.11257874220609665,0.22334558823529416,0.09814824908971786,0.2691176470588236
61,0.1406024992465973,-0.007618336006999016,0.009234488010406494,0.7300505042076111,0.0791979655623436,0.26240808823529416,0.09441855549812317,0.2735294117647058
62,0.14382082223892212,-0.008517742156982422,0.008977234363555908,0.7276901602745056,0.11231454461812973,0.2049632352941172,0.09590838104486465,0.2749999999999997
63,0.14463678002357483,-0.008327844552695751,0.008749067783355713,0.7263509631156921,0.09793118387460709,0.23023897058823517,0.09322769194841385,0.27058823529411746
64,0.14488042891025543,-0.008222309872508049,0.008812665939331055,0.7236067652702332,0.08369453996419907,0.23713235294117618,0.09521417319774628,0.2647058823529408
65,0.13997715711593628,-0.00737348897382617,0.008045494556427002,0.7255734205245972,0.0936814472079277,0.2532169117647054,0.09070796519517899,0.2676470588235291
66,0.1465757191181183,-0.008131531067192554,0.00851738452911377,0.725308358669281,0.10760389268398285,0.2440257352941172,0.09894717484712601,0.26176470588235246
67,0.13789843022823334,-0.008224787190556526,0.00850522518157959,0.7273430824279785,0.10029614716768265,0.2578124999999998,0.09172482043504715,0.26176470588235246
68,0.13436992466449738,-0.007330780383199453,0.008096277713775635,0.7230774164199829,0.07287666201591492,0.27159926470588236,0.09103845804929733,0.2676470588235291
69,0.13394370675086975,-0.007562864106148481,0.007893562316894531,0.7248842120170593,0.08448491990566254,0.306066176470588,0.10004252940416336,0.2632352941176469
70,0.14618246257305145,-0.008376902900636196,0.008730769157409668,0.724675714969635,0.12282437086105347,0.22334558823529416,0.09407803416252136,0.25735294117647023
71,0.14174331724643707,-0.007900322787463665,0.00830763578414917,0.7262365818023682,0.10048616677522659,0.2555147058823526,0.09587999433279037,0.2588235294117647
72,0.13203459978103638,-0.006644464563578367,0.007791757583618164,0.7294222116470337,0.080171138048172,0.2853860294117644,0.09192118048667908,0.26176470588235246
73,0.13060787320137024,-0.007736481726169586,0.008364439010620117,0.7239886522293091,0.0747590884566307,0.28079044117647056,0.09350854158401489,0.2588235294117647
74,0.13768987357616425,-0.008239603601396084,0.008681774139404297,0.7298257946968079,0.11014925688505173,0.2256433823529408,0.09433526545763016,0.2647058823529408
75,0.1365441232919693,-0.008823334239423275,0.0091019868850708,0.7257586121559143,0.05537211894989014,0.234834558823529,0.0952291190624237,0.2647058823529408
76,0.14988544583320618,-0.008661650121212006,0.009007513523101807,0.7314002513885498,0.08984634280204773,0.22334558823529416,0.09262511134147644,0.26029411764705856
77,0.1347150057554245,-0.00831960141658783,0.008757591247558594,0.7288047671318054,0.07074349373579025,0.2532169117647054,0.09947195649147034,0.277941176470588
78,0.13616086542606354,-0.00822603888809681,0.008678257465362549,0.7266814112663269,0.0994206890463829,0.2647058823529408,0.09624052047729492,0.29411764705882304
79,0.1367182433605194,-0.008251397870481014,0.00867074728012085,0.7277386784553528,0.10907046496868134,0.29917279411764697,0.09264703840017319,0.29117647058823526
80,0.1335817575454712,-0.008141262456774712,0.008484840393066406,0.7332795262336731,0.10250075161457062,0.31066176470588236,0.09510383754968643,0.28088235294117636
81,0.14213597774505615,-0.008381485939025879,0.008697211742401123,0.731309711933136,0.08895216882228851,0.2853860294117644,0.09393036365509033,0.2852941176470586
82,0.13488999009132385,-0.008738144300878048,0.008984386920928955,0.7251976132392883,0.05184595659375191,0.2761948529411762,0.09613292664289474,0.2794117647058819
83,0.13433007895946503,-0.0080228541046381,0.00875312089920044,0.7281383872032166,0.12299076467752457,0.3037683823529408,0.09363321959972382,0.2794117647058819
84,0.14023032784461975,-0.00841335579752922,0.008917689323425293,0.7262848615646362,0.0934048593044281,0.2830882352941172,0.0971779078245163,0.277941176470588
85,0.14276064932346344,-0.008266877382993698,0.008571624755859375,0.7274350523948669,0.08085743337869644,0.2922794117647054,0.09778527170419693,0.27205882352941135
86,0.13500522077083588,-0.007822205312550068,0.008220195770263672,0.7256591320037842,0.06973704695701599,0.2853860294117644,0.09153851866722107,0.2794117647058819
87,0.14774879813194275,-0.00840331893414259,0.008696675300598145,0.728415846824646,0.10160573571920395,0.2049632352941172,0.09101101756095886,0.277941176470588
88,0.1473117470741272,-0.008449495770037174,0.008689939975738525,0.7305968403816223,0.08091682940721512,0.20726102941176439,0.09545206278562546,0.28088235294117636
89,0.14270730316638947,-0.007830156944692135,0.008289873600006104,0.7307546138763428,0.10593545436859131,0.26930147058823517,0.09542787820100784,0.277941176470588
90,0.1421254277229309,-0.007541005499660969,0.008243918418884277,0.7314566373825073,0.1051027774810791,0.2440257352941172,0.09487246721982956,0.2735294117647058
91,0.14860057830810547,-0.00870517734438181,0.009159505367279053,0.7285765409469604,0.08611318469047546,0.19806985294117618,0.09451159089803696,0.2691176470588236
92,0.13731004297733307,-0.007643686607480049,0.008313536643981934,0.7337518334388733,0.08832274377346039,0.29917279411764697,0.09204580634832382,0.28088235294117636
93,0.13991673290729523,-0.008328101597726345,0.008799552917480469,0.7294642329216003,0.14943049848079681,0.2784926470588234,0.09456662088632584,0.277941176470588
94,0.13818220794200897,-0.007751781959086657,0.008116483688354492,0.7276411652565002,0.10272721946239471,0.2761948529411762,0.09381299465894699,0.277941176470588
95,0.1390371471643448,-0.007632427848875523,0.0080605149269104,0.7271059155464172,0.09246374666690826,0.273897058823529,0.09639136493206024,0.27647058823529413
96,0.14981471002101898,-0.008461061865091324,0.008855223655700684,0.7334066033363342,0.09225849062204361,0.18887867647058798,0.09736628830432892,0.2794117647058819
97,0.1369689702987671,-0.007345820777118206,0.007923722267150879,0.7248132824897766,0.10044439882040024,0.24632352941176439,0.09584616869688034,0.27647058823529413
98,0.14479319751262665,-0.0091311139985919,0.009461402893066406,0.7288663983345032,0.07120240479707718,0.21185661764705876,0.09265383332967758,0.27647058823529413
99,0.13499273359775543,-0.007838398218154907,0.008388102054595947,0.7314488291740417,0.08648893982172012,0.28998161764705876,0.0944739356637001,0.27058823529411746
100,0.1389600932598114,-0.008542918600142002,0.009017109870910645,0.7324914336204529,0.08410473167896271,0.2784926470588234,0.09603167325258255,0.27647058823529413
101,0.1387297809123993,-0.007948254235088825,0.008330285549163818,0.7327499389648438,0.10699410736560822,0.26930147058823517,0.09151677042245865,0.277941176470588
102,0.1404840052127838,-0.008071144111454487,0.008459925651550293,0.7260669469833374,0.07289289683103561,0.2555147058823526,0.0942145586013794,0.2676470588235291
103,0.1413593888282776,-0.00857335701584816,0.009047448635101318,0.7348933219909668,0.09005194902420044,0.24172794117647056,0.09347560256719589,0.2514705882352941
104,0.13744571805000305,-0.008894536644220352,0.009520888328552246,0.7312367558479309,0.08926035463809967,0.23253676470588236,0.09640341252088547,0.26617647058823524
105,0.14648057520389557,-0.007453463971614838,0.008957743644714355,0.7296904921531677,0.10539219528436661,0.24172794117647056,0.09584521502256393,0.2632352941176469
106,0.14666405320167542,-0.008177912794053555,0.008536934852600098,0.7296385169029236,0.10295021533966064,0.2440257352941172,0.0957348421216011,0.26617647058823524
107,0.1373586356639862,-0.009077430702745914,0.009463727474212646,0.7326870560646057,0.08104895800352097,0.2440257352941172,0.09745312482118607,0.2691176470588236
108,0.13903218507766724,-0.008805309422314167,0.009125888347625732,0.7326815128326416,0.0947604551911354,0.26011029411764697,0.09640926122665405,0.2676470588235291
109,0.14676718413829803,-0.008776819333434105,0.009288966655731201,0.7296009659767151,0.076585553586483,0.21185661764705876,0.0969645231962204,0.2676470588235291
110,0.13919980823993683,-0.00810984242707491,0.008518576622009277,0.7266249060630798,0.10332149267196655,0.26930147058823517,0.09711620211601257,0.27058823529411746
111,0.13940732181072235,-0.008332435041666031,0.008789360523223877,0.7310545444488525,0.09619799256324768,0.25091911764705876,0.0951414629817009,0.26617647058823524
112,0.12991824746131897,-0.00752486614510417,0.007845401763916016,0.7298411130905151,0.08332432061433792,0.3037683823529408,0.09602534770965576,0.2676470588235291
113,0.1475420594215393,-0.008818165399134159,0.009560644626617432,0.7341980338096619,0.09445245563983917,0.19806985294117618,0.09514384716749191,0.2691176470588236
114,0.1430761069059372,-0.008808986283838749,0.009214937686920166,0.7278822660446167,0.09738840162754059,0.24632352941176439,0.0931132361292839,0.2632352941176469
115,0.14446239173412323,-0.008536865003407001,0.008860528469085693,0.7344014644622803,0.09747139364480972,0.26240808823529416,0.09653963148593903,0.2691176470588236
116,0.1460597664117813,-0.00871655810624361,0.00896751880645752,0.7333405613899231,0.08177179098129272,0.23943014705882337,0.0929221659898758,0.2691176470588236
117,0.14156633615493774,-0.008212011307477951,0.008598625659942627,0.7291807532310486,0.07421965897083282,0.26930147058823517,0.10033757239580154,0.26176470588235246
118,0.13911563158035278,-0.008597331121563911,0.009054481983184814,0.7299118041992188,0.08887993544340134,0.2578124999999998,0.09933015704154968,0.2647058823529408
119,0.1414366364479065,-0.008472044952213764,0.008840858936309814,0.7322551012039185,0.10244298726320267,0.24632352941176439,0.0943160429596901,0.26029411764705856
120,0.13094176352024078,-0.007985996082425117,0.00892263650894165,0.7289472818374634,0.135724738240242,0.3037683823529408,0.09696682542562485,0.2544117647058819
121,0.13959616422653198,-0.008376031182706356,0.009023308753967285,0.7314544320106506,0.09964465349912643,0.26011029411764697,0.09362177550792694,0.26029411764705856
122,0.1397440880537033,-0.006843367591500282,0.00899273157119751,0.7294125556945801,0.09825766831636429,0.2532169117647054,0.09862177073955536,0.2588235294117647
123,0.14096304774284363,-0.008915793150663376,0.009824514389038086,0.7337159514427185,0.1090003252029419,0.2876838235294116,0.0937507376074791,0.2647058823529408
124,0.14728328585624695,-0.008627037517726421,0.009268522262573242,0.7302563786506653,0.08877623081207275,0.1865808823529408,0.09829585254192352,0.25735294117647023
125,0.1403629183769226,-0.008812880143523216,0.009103834629058838,0.7328316569328308,0.10446887463331223,0.2578124999999998,0.1021011546254158,0.26617647058823524
126,0.13965122401714325,-0.00868498720228672,0.008947551250457764,0.7291870713233948,0.09041701257228851,0.28079044117647056,0.09435876458883286,0.25735294117647023
127,0.14471742510795593,-0.008692795410752296,0.008917093276977539,0.732334554195404,0.08807411789894104,0.234834558823529,0.0930812880396843,0.2632352941176469
128,0.1366090476512909,-0.008443429134786129,0.009012043476104736,0.7347102761268616,0.08333426713943481,0.2830882352941172,0.0963774099946022,0.2676470588235291
129,0.1411942094564438,-0.008106058463454247,0.008392035961151123,0.7335473895072937,0.10094238817691803,0.23023897058823517,0.09480009227991104,0.26176470588235246
130,0.13586819171905518,-0.00818156823515892,0.008776664733886719,0.7313176393508911,0.08965034782886505,0.30147058823529416,0.09387440979480743,0.26029411764705856
131,0.13538417220115662,-0.00868379045277834,0.0088958740234375,0.730796754360199,0.07159682363271713,0.2853860294117644,0.0982496440410614,0.25735294117647023
132,0.13953648507595062,-0.0083056865260005,0.008587002754211426,0.7286618947982788,0.07271916419267654,0.28079044117647056,0.0915398895740509,0.26617647058823524
133,0.13409818708896637,-0.007868897169828415,0.00855553150177002,0.7287798523902893,0.08544449508190155,0.26930147058823517,0.0947503000497818,0.2632352941176469
134,0.14306533336639404,-0.008357367478311062,0.009143710136413574,0.7358208894729614,0.05283389240503311,0.22104779411764697,0.09914807230234146,0.2647058823529408
135,0.14988481998443604,-0.009226419031620026,0.009506404399871826,0.7337459921836853,0.09495703876018524,0.20036764705882337,0.09976023435592651,0.2588235294117647
136,0.14508195221424103,-0.009138105437159538,0.009324312210083008,0.7316667437553406,0.0684620589017868,0.2578124999999998,0.10326754301786423,0.26176470588235246
137,0.14451175928115845,-0.007912717759609222,0.008521199226379395,0.7307348847389221,0.09889953583478928,0.2578124999999998,0.09779896587133408,0.26617647058823524
138,0.15212716162204742,-0.008767642080783844,0.009167134761810303,0.7365949749946594,0.10072705149650574,0.18428308823529416,0.09852667152881622,0.26029411764705856
139,0.1443895846605301,-0.007396457716822624,0.008243083953857422,0.7332655191421509,0.10005433857440948,0.28998161764705876,0.09440058469772339,0.26176470588235246
140,0.14834389090538025,-0.008911464363336563,0.009255588054656982,0.7288812398910522,0.10770293325185776,0.21874999999999978,0.09638170897960663,0.2632352941176469
141,0.1384633183479309,-0.008458903059363365,0.008710920810699463,0.7321791052818298,0.057783447206020355,0.27159926470588236,0.09800590574741364,0.27058823529411746
142,0.14216651022434235,-0.008576640859246254,0.009691596031188965,0.7302604913711548,0.11413443833589554,0.2578124999999998,0.09727747738361359,0.2544117647058819
143,0.13940513134002686,-0.008518336340785027,0.008965492248535156,0.735161542892456,0.06378021091222763,0.2532169117647054,0.0991833284497261,0.25735294117647023
144,0.13099396228790283,-0.009016834199428558,0.009239912033081055,0.7336119413375854,0.10058444738388062,0.2532169117647054,0.09621677547693253,0.2544117647058819
145,0.1365026831626892,-0.008041208609938622,0.008774936199188232,0.7352585196495056,0.08813603967428207,0.2853860294117644,0.09538639336824417,0.26176470588235246
146,0.13667838275432587,-0.00820890162140131,0.008505046367645264,0.7307384014129639,0.08608077466487885,0.2922794117647054,0.09600647538900375,0.24705882352941133
147,0.14774756133556366,-0.008597391657531261,0.008996844291687012,0.7336441278457642,0.05802664905786514,0.2256433823529408,0.09778225421905518,0.25588235294117634
148,0.13934795558452606,-0.008379245176911354,0.008670568466186523,0.7338421940803528,0.08022739738225937,0.2578124999999998,0.0967131108045578,0.2676470588235291
149,0.1459919512271881,-0.008678063750267029,0.00896310806274414,0.7333158850669861,0.1049472987651825,0.26240808823529416,0.09700017422437668,0.2647058823529408
150,0.1353049874305725,-0.008443816564977169,0.00887906551361084,0.7357985377311707,0.08104467391967773,0.26930147058823517,0.09767785668373108,0.25735294117647023
151,0.14629259705543518,-0.008338944986462593,0.008731305599212646,0.73064124584198,0.10413753986358643,0.23713235294117618,0.09502619504928589,0.25588235294117634
152,0.13096508383750916,-0.007912559434771538,0.008980810642242432,0.7339423894882202,0.06985791027545929,0.2968749999999998,0.09564543515443802,0.2588235294117647
153,0.1340838074684143,-0.008400206454098225,0.008712053298950195,0.7324155569076538,0.08132600039243698,0.3359374999999998,0.09368284046649933,0.2544117647058819
154,0.14581239223480225,-0.009201961569488049,0.009585022926330566,0.7336228489875793,0.09707123041152954,0.22334558823529416,0.09502142667770386,0.25588235294117634
155,0.136745423078537,-0.008685773238539696,0.009003758430480957,0.7296991348266602,0.07227887213230133,0.26011029411764697,0.093594491481781,0.26029411764705856
156,0.13384465873241425,-0.008155357092618942,0.008445501327514648,0.7341580390930176,0.09537862986326218,0.3037683823529408,0.0961470678448677,0.2588235294117647
157,0.1425667256116867,-0.007968269288539886,0.00891345739364624,0.7346670031547546,0.08140865713357925,0.24172794117647056,0.09664130210876465,0.2632352941176469
158,0.13931864500045776,-0.008692603558301926,0.008987605571746826,0.7306563258171082,0.07215109467506409,0.23943014705882337,0.09461493045091629,0.2588235294117647
159,0.14774097502231598,-0.008256028406322002,0.008571267127990723,0.7344170212745667,0.07060982286930084,0.22104779411764697,0.09977149963378906,0.2588235294117647
160,0.13860775530338287,-0.007519958075135946,0.00852346420288086,0.7300924062728882,0.08267401158809662,0.31985294117647056,0.09819501638412476,0.2647058823529408
161,0.13550780713558197,-0.008315108716487885,0.008813738822937012,0.7334238886833191,0.07388409227132797,0.2555147058823526,0.09525173902511597,0.2588235294117647
162,0.1443755030632019,-0.00591742480173707,0.009129941463470459,0.7339035868644714,0.08044133335351944,0.23713235294117618,0.09675055742263794,0.25735294117647023
163,0.13432341814041138,-0.0080983005464077,0.008705675601959229,0.7325381636619568,0.08470789343118668,0.28079044117647056,0.09517429023981094,0.252941176470588
164,0.13854393362998962,-0.00853005051612854,0.009215235710144043,0.7356919646263123,0.1095794141292572,0.3037683823529408,0.09618694335222244,0.2544117647058819
165,0.1320374757051468,-0.008154308423399925,0.008577406406402588,0.7346559762954712,0.07006660848855972,0.33823529411764697,0.09510313719511032,0.2544117647058819
166,0.13856279850006104,-0.008797341957688332,0.009134352207183838,0.73585045337677,0.10251400619745255,0.26930147058823517,0.09390147775411606,0.2544117647058819
167,0.1349015235900879,-0.008258924819529057,0.008594632148742676,0.7329148650169373,0.07695157825946808,0.2922794117647054,0.09727306663990021,0.25588235294117634
168,0.14241358637809753,-0.00842951238155365,0.009007811546325684,0.7320685982704163,0.0930933803319931,0.25091911764705876,0.09753990173339844,0.2514705882352941
169,0.1375109851360321,-0.0077402652241289616,0.008266687393188477,0.7349263429641724,0.06871434301137924,0.25091911764705876,0.09754972904920578,0.25588235294117634
170,0.1431097686290741,-0.008774763904511929,0.009101152420043945,0.7359684109687805,0.06492678821086884,0.2555147058823526,0.09611096233129501,0.2544117647058819
171,0.1297321915626526,-0.008371894247829914,0.008626997470855713,0.7318124175071716,0.08815255761146545,0.352022058823529,0.09776518493890762,0.24852941176470578
172,0.13298949599266052,-0.008593608625233173,0.008921802043914795,0.7292859554290771,0.07181369513273239,0.26011029411764697,0.09341983497142792,0.24705882352941133
173,0.139778271317482,-0.00847516767680645,0.00884246826171875,0.7351564168930054,0.08425664156675339,0.24862132352941158,0.09941364824771881,0.24999999999999967
174,0.13021957874298096,-0.008590137585997581,0.009364128112792969,0.7378345131874084,0.08707724511623383,0.31066176470588236,0.09589621424674988,0.24558823529411744
175,0.14431147277355194,-0.008162486366927624,0.008769989013671875,0.7351163029670715,0.05088699236512184,0.2141544117647054,0.0966220572590828,0.24705882352941133
176,0.14786933362483978,-0.008503398858010769,0.008824765682220459,0.7321992516517639,0.11040568351745605,0.21874999999999978,0.09659505635499954,0.2426470588235291
177,0.1400214582681656,-0.00859647337347269,0.008899211883544922,0.7361434102058411,0.06595826148986816,0.2532169117647054,0.09689697623252869,0.23823529411764688
178,0.1393142193555832,-0.008427082560956478,0.008856892585754395,0.7356134057044983,0.09190893173217773,0.24862132352941158,0.0982464998960495,0.24117647058823521
179,0.13261058926582336,-0.008483435958623886,0.009038150310516357,0.7324133515357971,0.06280846148729324,0.31066176470588236,0.09842344373464584,0.24117647058823521
180,0.14130477607250214,-0.00783240981400013,0.008087754249572754,0.7301645278930664,0.06543338298797607,0.2922794117647054,0.09295495599508286,0.236764705882353
181,0.14452248811721802,-0.008476607501506805,0.00869673490524292,0.7384287714958191,0.07591407746076584,0.23943014705882337,0.09517459571361542,0.2426470588235291
182,0.14207875728607178,-0.009092825464904308,0.00935286283493042,0.7362340092658997,0.1014934703707695,0.20955882352941158,0.09628063440322876,0.22058823529411742
183,0.14806783199310303,-0.00782108400017023,0.008933007717132568,0.7350449562072754,0.08412294834852219,0.234834558823529,0.10093757510185242,0.22352941176470575
184,0.13142164051532745,-0.008562840521335602,0.008997559547424316,0.7379956245422363,0.06388247013092041,0.24862132352941158,0.08908213675022125,0.22058823529411742
185,0.14643745124340057,-0.009475317783653736,0.009831070899963379,0.7329658269882202,0.07133167237043381,0.18198529411764697,0.09787748008966446,0.2323529411764702
186,0.13659164309501648,-0.008415468037128448,0.009223341941833496,0.7367773056030273,0.1189722865819931,0.26240808823529416,0.16850560903549194,0.22794117647058798
187,0.14445717632770538,-0.008075248450040817,0.008652985095977783,0.7355265021324158,0.16450871527194977,0.20955882352941158,0.19690246880054474,0.23088235294117632
188,0.1421528309583664,-0.008698166348040104,0.009341657161712646,0.7352455854415894,0.17429937422275543,0.2256433823529408,0.19839687645435333,0.22794117647058798
189,0.14012202620506287,-0.008733903989195824,0.00945580005645752,0.734593391418457,0.1325434297323227,0.22104779411764697,0.1978806108236313,0.2220588235294113
190,0.14052246510982513,-0.009216401726007462,0.009612321853637695,0.7326695322990417,0.122883640229702,0.23023897058823517,0.19639313220977783,0.21911764705882353
191,0.14012034237384796,-0.009091205894947052,0.009417593479156494,0.7398210763931274,0.14012061059474945,0.27159926470588236,0.1990853250026703,0.22058823529411742
192,0.15213295817375183,-0.00968290213495493,0.01000678539276123,0.7355723977088928,0.15601564943790436,0.1659007352941172,0.18984323740005493,0.21470588235294075
193,0.1417195051908493,-0.008402886800467968,0.009129583835601807,0.7387125492095947,0.16022348403930664,0.23253676470588236,0.19383344054222107,0.20882352941176463
194,0.1478838175535202,-0.010015798732638359,0.010381102561950684,0.7361576557159424,0.16644960641860962,0.19117647058823517,0.1876971274614334,0.21470588235294075
195,0.13895294070243835,-0.00875397864729166,0.00977182388305664,0.7339766621589661,0.16706770658493042,0.18887867647058798,0.18795089423656464,0.21323529411764686
196,0.14704537391662598,-0.007757410407066345,0.009169220924377441,0.7381481528282166,0.11042748391628265,0.22104779411764697,0.18749046325683594,0.22058823529411742
197,0.14426928758621216,-0.008817782625555992,0.009765028953552246,0.7355561256408691,0.182091623544693,0.18428308823529416,0.19526484608650208,0.2220588235294113
198,0.14179089665412903,-0.007553745061159134,0.010196268558502197,0.7336577773094177,0.1507030427455902,0.22104779411764697,0.1940792202949524,0.21323529411764686
199,0.14418448507785797,-0.009396513924002647,0.009900152683258057,0.7359373569488525,0.13480886816978455,0.20726102941176439,0.19559936225414276,0.21029411764705852
200,0.13947120308876038,-0.009022697806358337,0.009574174880981445,0.7358877062797546,0.21284939348697662,0.234834558823529,0.1973486840724945,0.21470588235294075
201,0.14867210388183594,-0.009131865575909615,0.009502768516540527,0.7371752262115479,0.1461266130208969,0.18887867647058798,0.1892811805009842,0.2161764705882352
202,0.14615124464035034,-0.009351781569421291,0.00984877347946167,0.7412224411964417,0.15865156054496765,0.19347426470588236,0.1857478767633438,0.21470588235294075
203,0.13818767666816711,-0.009886534884572029,0.010223627090454102,0.7402326464653015,0.17550097405910492,0.2141544117647054,0.18365855515003204,0.21029411764705852
204,0.15123489499092102,-0.009629460982978344,0.010334193706512451,0.7350524067878723,0.18980959057807922,0.11994485294117618,0.19184225797653198,0.21323529411764686
205,0.14660881459712982,-0.009587138891220093,0.01007765531539917,0.7385677695274353,0.15755662322044373,0.21874999999999978,0.19390515983104706,0.21029411764705852
206,0.15171051025390625,-0.009243194945156574,0.010368525981903076,0.7367088794708252,0.2050638049840927,0.1659007352941172,0.18495672941207886,0.21323529411764686
207,0.14915339648723602,-0.009622178971767426,0.010054826736450195,0.7412781119346619,0.16122916340827942,0.1865808823529408,0.1854865401983261,0.21764705882352908
208,0.14448416233062744,-0.009889393113553524,0.010357439517974854,0.7389757037162781,0.2073693424463272,0.19806985294117618,0.19048871099948883,0.21764705882352908
209,0.1421915739774704,-0.008659976534545422,0.009468615055084229,0.7358470559120178,0.14105649292469025,0.2141544117647054,0.18129193782806396,0.2220588235294113
210,0.14333154261112213,-0.009324000217020512,0.009687840938568115,0.7401589751243591,0.16137923300266266,0.267003676470588,0.19530564546585083,0.2220588235294113
211,0.14901499450206757,-0.010135726071894169,0.010490000247955322,0.7412703037261963,0.21006980538368225,0.20266544117647056,0.17335748672485352,0.22499999999999964
212,0.14333942532539368,-0.010076162405312061,0.010498225688934326,0.736389696598053,0.17061316967010498,0.2141544117647054,0.17930452525615692,0.22352941176470575
213,0.1375761181116104,-0.00882592611014843,0.00923091173171997,0.7398912310600281,0.12962782382965088,0.2532169117647054,0.16830632090568542,0.21323529411764686
214,0.14322420954704285,-0.008849550038576126,0.009292125701904297,0.7420898079872131,0.14535242319107056,0.1865808823529408,0.1725090891122818,0.2220588235294113
215,0.13767439126968384,-0.009632939472794533,0.010177969932556152,0.7364177703857422,0.12438945472240448,0.28079044117647056,0.16453853249549866,0.22352941176470575
216,0.14576999843120575,-0.010362276807427406,0.010885477066040039,0.7389659881591797,0.12515872716903687,0.24862132352941158,0.16236835718154907,0.22499999999999964
217,0.14476235210895538,-0.009862259961664677,0.010259866714477539,0.7457360625267029,0.12897351384162903,0.20266544117647056,0.16806350648403168,0.22352941176470575
218,0.149574875831604,-0.009308526292443275,0.01007235050201416,0.7374032735824585,0.1595522165298462,0.19347426470588236,0.16849809885025024,0.21029411764705852
219,0.14636413753032684,-0.00987531803548336,0.010483205318450928,0.743528425693512,0.128121480345726,0.23943014705882337,0.16435079276561737,0.22941176470588187
220,0.14407241344451904,-0.009974627755582333,0.010233402252197266,0.7390245199203491,0.13629968464374542,0.18887867647058798,0.1686931550502777,0.21470588235294075
221,0.1490236520767212,-0.009115745313465595,0.009494125843048096,0.7428115010261536,0.15760840475559235,0.18887867647058798,0.1697058230638504,0.21911764705882353
222,0.13489578664302826,-0.009329480119049549,0.00981980562210083,0.7361876368522644,0.10397837311029434,0.28079044117647056,0.16439372301101685,0.2161764705882352
223,0.15719358623027802,-0.009765357710421085,0.010223329067230225,0.7398040294647217,0.12090115249156952,0.195772058823529,0.16182848811149597,0.2220588235294113
224,0.14578726887702942,-0.010027340613305569,0.010615170001983643,0.7437281012535095,0.13967521488666534,0.19117647058823517,0.17024067044258118,0.22499999999999964
225,0.14659570157527924,-0.009190811775624752,0.009885132312774658,0.7394604086875916,0.20211392641067505,0.22334558823529416,0.16729752719402313,0.21764705882352908
226,0.13950654864311218,-0.009826401248574257,0.010374486446380615,0.7381364703178406,0.14510522782802582,0.2945772058823526,0.16984017193317413,0.22352941176470575
227,0.1359444111585617,-0.009544518776237965,0.009882986545562744,0.7422838807106018,0.14625631272792816,0.2876838235294116,0.16876354813575745,0.21911764705882353
228,0.14715994894504547,-0.00989406555891037,0.01024717092514038,0.7396524548530579,0.12166565656661987,0.20726102941176439,0.15817013382911682,0.21764705882352908
229,0.14539094269275665,-0.010421658866107464,0.010822296142578125,0.7429823279380798,0.17630060017108917,0.23023897058823517,0.1651405394077301,0.21911764705882353
230,0.13955937325954437,-0.010146640241146088,0.01053011417388916,0.7392150163650513,0.12726616859436035,0.2440257352941172,0.16553224623203278,0.2220588235294113
231,0.14259584248065948,-0.009381435811519623,0.009682118892669678,0.7443975806236267,0.1164313480257988,0.23023897058823517,0.1605329066514969,0.22058823529411742
232,0.14727193117141724,-0.010127329267561436,0.010512053966522217,0.741764485836029,0.14318500459194183,0.25091911764705876,0.168955460190773,0.21764705882352908
233,0.13963884115219116,-0.009143113158643246,0.009512245655059814,0.7440003156661987,0.15344643592834473,0.23023897058823517,0.165622279047966,0.2220588235294113
234,0.1478724628686905,-0.010274359956383705,0.010589659214019775,0.7437519431114197,0.17392154037952423,0.2164522058823526,0.17068549990653992,0.21911764705882353
235,0.1366051882505417,-0.009616682305932045,0.010066986083984375,0.7431923747062683,0.11900670826435089,0.24862132352941158,0.16399544477462769,0.2161764705882352
236,0.14286895096302032,-0.009140366688370705,0.00964885950088501,0.7418441772460938,0.2014303356409073,0.2256433823529408,0.16835327446460724,0.2161764705882352
237,0.14304806292057037,-0.00932619534432888,0.009706079959869385,0.7476929426193237,0.16567519307136536,0.23943014705882337,0.15941371023654938,0.21911764705882353
238,0.14160756766796112,-0.009429603815078735,0.00979912281036377,0.7403621673583984,0.12093453109264374,0.2164522058823526,0.16478730738162994,0.2220588235294113
239,0.14802250266075134,-0.009945230558514595,0.010559320449829102,0.7430691719055176,0.12078195810317993,0.18428308823529416,0.1684630960226059,0.22352941176470575
240,0.14662493765354156,-0.009999743662774563,0.010526835918426514,0.7481040358543396,0.09050462394952774,0.20036764705882337,0.17069686949253082,0.22058823529411742
241,0.14677105844020844,-0.009414253756403923,0.009867072105407715,0.743872344493866,0.13709203898906708,0.20955882352941158,0.16754062473773956,0.22352941176470575
242,0.1345374435186386,-0.009636473841965199,0.010503292083740234,0.7445129752159119,0.1324165016412735,0.273897058823529,0.17433825135231018,0.22794117647058798
243,0.13891586661338806,-0.009141857735812664,0.00961315631866455,0.7464757561683655,0.20224611461162567,0.23023897058823517,0.17772230505943298,0.21911764705882353
244,0.139299675822258,-0.00958996918052435,0.010257303714752197,0.7431884407997131,0.12604732811450958,0.2578124999999998,0.16829879581928253,0.22058823529411742
245,0.13867424428462982,-0.009495249018073082,0.010305523872375488,0.7512352466583252,0.1552821844816208,0.22334558823529416,0.17376025021076202,0.22499999999999964
246,0.1311829388141632,-0.009781526401638985,0.010130882263183594,0.744263231754303,0.13221101462841034,0.3175551470588234,0.16660693287849426,0.22499999999999964
247,0.14472541213035583,-0.010229747742414474,0.010796129703521729,0.7415571808815002,0.14217504858970642,0.19347426470588236,0.176747664809227,0.21323529411764686
248,0.1336875557899475,-0.01011178269982338,0.010500788688659668,0.7437688708305359,0.1160954013466835,0.273897058823529,0.17483165860176086,0.22794117647058798
249,0.14123547077178955,-0.009271569550037384,0.009691953659057617,0.7522469162940979,0.126725971698761,0.25091911764705876,0.17065036296844482,0.22794117647058798
250,0.13861557841300964,-0.00992642156779766,0.010656476020812988,0.7441761493682861,0.1329081952571869,0.312959558823529,0.17205770313739777,0.21911764705882353
251,0.1410861313343048,-0.01003357209265232,0.010324537754058838,0.7474647760391235,0.13726605474948883,0.25091911764705876,0.16849221289157867,0.22058823529411742
252,0.14088597893714905,-0.009741958230733871,0.01001971960067749,0.7439736723899841,0.15104462206363678,0.2555147058823526,0.17757603526115417,0.21764705882352908
253,0.14772270619869232,-0.009704486466944218,0.009997963905334473,0.7499570250511169,0.12224037945270538,0.2141544117647054,0.17201818525791168,0.22499999999999964
254,0.14027878642082214,-0.009777319617569447,0.010288119316101074,0.7453504800796509,0.13949589431285858,0.24862132352941158,0.1766815334558487,0.2264705882352941
255,0.1497894525527954,-0.010196652263402939,0.01051408052444458,0.7439135909080505,0.13514016568660736,0.20266544117647056,0.17459093034267426,0.2220588235294113
256,0.15527290105819702,-0.010513626039028168,0.011026144027709961,0.7531115412712097,0.1255645900964737,0.16819852941176439,0.16782236099243164,0.21764705882352908
257,0.15236271917819977,-0.010118992067873478,0.010575413703918457,0.7494933009147644,0.1562248021364212,0.23943014705882337,0.16571351885795593,0.21911764705882353
258,0.1412421315908432,-0.009464872069656849,0.01017087697982788,0.7464368939399719,0.13454198837280273,0.273897058823529,0.16447564959526062,0.22352941176470575
259,0.14412076771259308,-0.00991014949977398,0.010567188262939453,0.7463163137435913,0.17428459227085114,0.21185661764705876,0.16514001786708832,0.21911764705882353
260,0.13400274515151978,-0.008823694661259651,0.009420514106750488,0.7455202341079712,0.16226474940776825,0.273897058823529,0.16921114921569824,0.21764705882352908
261,0.14571326971054077,-0.009966549463570118,0.010332703590393066,0.7489704489707947,0.15423740446567535,0.2256433823529408,0.17094604671001434,0.22058823529411742
262,0.14359642565250397,-0.009829586371779442,0.010277152061462402,0.7445750832557678,0.13551771640777588,0.23023897058823517,0.1705591231584549,0.2161764705882352
263,0.14577795565128326,-0.010320359840989113,0.010961353778839111,0.7459421157836914,0.13189980387687683,0.22334558823529416,0.1631052941083908,0.2161764705882352
264,0.15052670240402222,-0.010357977822422981,0.010857582092285156,0.7465599179267883,0.14642970263957977,0.19347426470588236,0.16219499707221985,0.2161764705882352
265,0.14690716564655304,-0.009690454229712486,0.010719060897827148,0.7525995969772339,0.1589585542678833,0.19806985294117618,0.16651301085948944,0.20882352941176463
266,0.14231593906879425,-0.010229155421257019,0.010590612888336182,0.7508411407470703,0.16141869127750397,0.234834558823529,0.16537022590637207,0.2220588235294113
267,0.1460266262292862,-0.009603520855307579,0.010113179683685303,0.7529635429382324,0.20183469355106354,0.2578124999999998,0.1636740118265152,0.2161764705882352
268,0.1400780826807022,-0.009752844460308552,0.010142087936401367,0.7527391910552979,0.14267560839653015,0.28079044117647056,0.1712990254163742,0.21911764705882353
269,0.14491093158721924,-0.009998129680752754,0.010644257068634033,0.750780463218689,0.16069135069847107,0.2440257352941172,0.17028900980949402,0.2220588235294113
270,0.1532602608203888,-0.010014132596552372,0.010342776775360107,0.7489523887634277,0.1483982503414154,0.2141544117647054,0.16600605845451355,0.2161764705882352
271,0.14165851473808289,-0.010382664389908314,0.010702669620513916,0.7463929653167725,0.1344326287508011,0.23943014705882337,0.16500382125377655,0.21029411764705852
272,0.14176620543003082,-0.010068110190331936,0.010423600673675537,0.7499566674232483,0.14300136268138885,0.2555147058823526,0.16697946190834045,0.21470588235294075
273,0.1383761316537857,-0.009514231234788895,0.010003983974456787,0.7476865649223328,0.13165441155433655,0.2784926470588234,0.16984622180461884,0.21911764705882353
274,0.14188706874847412,-0.010348590090870857,0.010629713535308838,0.7518196702003479,0.12236472964286804,0.2876838235294116,0.1707943081855774,0.21176470588235297
275,0.14496557414531708,-0.010369096882641315,0.010967433452606201,0.7515104413032532,0.14288374781608582,0.20955882352941158,0.16501910984516144,0.21323529411764686
276,0.14364464581012726,-0.010072429664433002,0.010411202907562256,0.7512219548225403,0.18423551321029663,0.21185661764705876,0.16926108300685883,0.21911764705882353
277,0.15067708492279053,-0.010195042937994003,0.0106353759765625,0.7473410964012146,0.1384221315383911,0.24172794117647056,0.16467107832431793,0.21470588235294075
278,0.14428651332855225,-0.00967889092862606,0.0105743408203125,0.7534525990486145,0.11784244328737259,0.21185661764705876,0.16975454986095428,0.21029411764705852
279,0.13402578234672546,-0.009357953444123268,0.00979536771774292,0.7560756206512451,0.10765907168388367,0.28998161764705876,0.16872979700565338,0.21764705882352908
280,0.14705589413642883,-0.009431402198970318,0.009898185729980469,0.7534627914428711,0.2183200865983963,0.21874999999999978,0.17001646757125854,0.21764705882352908
281,0.14324438571929932,-0.01049085520207882,0.010755538940429688,0.7548061013221741,0.09491670876741409,0.23253676470588236,0.16996844112873077,0.21764705882352908
282,0.13955843448638916,-0.00899409968405962,0.009948909282684326,0.7503615021705627,0.1342182606458664,0.2830882352941172,0.170156791806221,0.21176470588235297
283,0.14482097327709198,-0.010012657381594181,0.010447084903717041,0.7527055144309998,0.13330146670341492,0.2256433823529408,0.1668023020029068,0.21911764705882353
284,0.15434175729751587,-0.010143028572201729,0.010590732097625732,0.7497876286506653,0.16379433870315552,0.2256433823529408,0.16457615792751312,0.21911764705882353
285,0.1519678235054016,-0.009675733745098114,0.010098278522491455,0.7547350525856018,0.1121193990111351,0.20726102941176439,0.16924159228801727,0.20882352941176463
286,0.13777270913124084,-0.009765006601810455,0.01028972864151001,0.7571182250976562,0.12934812903404236,0.2830882352941172,0.16669856011867523,0.20294117647058796
287,0.14851878583431244,-0.009878192096948624,0.010639309883117676,0.7529163360595703,0.13172362744808197,0.25091911764705876,0.1723804920911789,0.21323529411764686
288,0.14970511198043823,-0.010203118436038494,0.010695993900299072,0.7539634108543396,0.15721404552459717,0.2141544117647054,0.1630273014307022,0.21323529411764686
289,0.15813888609409332,-0.010169241577386856,0.01065206527709961,0.7510625123977661,0.186985582113266,0.18887867647058798,0.17545871436595917,0.21176470588235297
290,0.14455999433994293,-0.008662893436849117,0.010519027709960938,0.7488933205604553,0.11845259368419647,0.26011029411764697,0.17413705587387085,0.21470588235294075
291,0.14249904453754425,-0.009262816980481148,0.010575592517852783,0.7544347643852234,0.15592430531978607,0.24632352941176439,0.17242099344730377,0.21176470588235297
292,0.14073960483074188,-0.010631200857460499,0.01104825735092163,0.7537010312080383,0.1257566511631012,0.2256433823529408,0.17871366441249847,0.21911764705882353
293,0.14396274089813232,-0.010006869211792946,0.010612308979034424,0.7515919804573059,0.1360485553741455,0.2256433823529408,0.18017546832561493,0.21176470588235297
294,0.1546005755662918,-0.010381583124399185,0.01081174612045288,0.7547758221626282,0.1762578785419464,0.15900735294117618,0.17753653228282928,0.20882352941176463
295,0.15312965214252472,-0.010217752307653427,0.010688722133636475,0.751537024974823,0.176764577627182,0.1750919117647054,0.1730489879846573,0.21176470588235297
296,0.1387510895729065,-0.009317447431385517,0.009900093078613281,0.7545477151870728,0.1038861870765686,0.26240808823529416,0.1793854832649231,0.21176470588235297
297,0.1489143967628479,-0.010009683668613434,0.010367333889007568,0.7520997524261475,0.14093852043151855,0.19117647058823517,0.1800726354122162,0.21323529411764686
298,0.14813433587551117,-0.010468050837516785,0.010961592197418213,0.7526192665100098,0.15053939819335938,0.2141544117647054,0.17834581434726715,0.21470588235294075
299,0.1371440291404724,-0.009225216694176197,0.010228395462036133,0.7594999670982361,0.14682617783546448,0.267003676470588,0.1801268607378006,0.20735294117647018
300,0.14543592929840088,-0.009554009884595871,0.010293066501617432,0.7598432898521423,0.12881825864315033,0.21874999999999978,0.1812303364276886,0.2161764705882352
301,0.14669448137283325,-0.010079463012516499,0.010552525520324707,0.754183828830719,0.16502882540225983,0.23023897058823517,0.18437577784061432,0.2161764705882352
302,0.15613380074501038,-0.009407496079802513,0.00992041826248169,0.7545340657234192,0.1618526130914688,0.17049632352941158,0.17708584666252136,0.21029411764705852
303,0.14898668229579926,-0.010426439344882965,0.010889828205108643,0.7584481239318848,0.18152765929698944,0.21874999999999978,0.17984622716903687,0.21029411764705852
304,0.14871077239513397,-0.010300214402377605,0.010867834091186523,0.7598324418067932,0.15395791828632355,0.20726102941176439,0.18253496289253235,0.2058823529411763
305,0.1420840471982956,-0.009534607641398907,0.010167360305786133,0.7621625065803528,0.13069044053554535,0.28998161764705876,0.17708878219127655,0.21176470588235297
306,0.14172182977199554,-0.010463337413966656,0.010839104652404785,0.7607774138450623,0.1186269149184227,0.24862132352941158,0.18213802576065063,0.21470588235294075
307,0.1471642702817917,-0.00982710625976324,0.010105788707733154,0.7554522752761841,0.15158630907535553,0.24172794117647056,0.18245208263397217,0.21029411764705852
308,0.1476355642080307,-0.010940193198621273,0.01126021146774292,0.7590326070785522,0.16052545607089996,0.2049632352941172,0.17651206254959106,0.21323529411764686
309,0.1476127803325653,-0.01076784823089838,0.011132657527923584,0.7563774585723877,0.1594999134540558,0.2532169117647054,0.17789259552955627,0.21029411764705852
310,0.1490250825881958,-0.010473575443029404,0.011353015899658203,0.7587931752204895,0.1310671716928482,0.23253676470588236,0.17877598106861115,0.21176470588235297
311,0.1481119841337204,-0.009430061094462872,0.009935855865478516,0.7514118552207947,0.13870641589164734,0.267003676470588,0.17659874260425568,0.2058823529411763
312,0.14465545117855072,-0.010878625325858593,0.011166393756866455,0.7602007389068604,0.16457010805606842,0.19347426470588236,0.18103879690170288,0.21470588235294075
313,0.15299783647060394,-0.00962765235453844,0.01026153564453125,0.7604509592056274,0.14292080700397491,0.195772058823529,0.1753540188074112,0.20735294117647018
314,0.15302616357803345,-0.010571184568107128,0.011033236980438232,0.754305899143219,0.13841819763183594,0.24632352941176439,0.17768225073814392,0.2044117647058824
315,0.15426748991012573,-0.010533194988965988,0.011087119579315186,0.7626819610595703,0.10945391654968262,0.195772058823529,0.17304058372974396,0.22058823529411742
316,0.14853818714618683,-0.01070955116301775,0.011355042457580566,0.7570387125015259,0.1472429633140564,0.267003676470588,0.17529231309890747,0.2161764705882352
317,0.1581876277923584,-0.010974935255944729,0.011259198188781738,0.759376585483551,0.1890879124403,0.16360294117647056,0.17730475962162018,0.2044117647058824
318,0.14776058495044708,-0.010057578794658184,0.010612964630126953,0.7561964392662048,0.1596338301897049,0.24862132352941158,0.17414869368076324,0.2220588235294113
319,0.1465383768081665,-0.01045197807252407,0.010930538177490234,0.7590370774269104,0.1500915139913559,0.267003676470588,0.17345528304576874,0.21470588235294075
320,0.14431829750537872,-0.010442784056067467,0.01081705093383789,0.7647984027862549,0.10832716524600983,0.1865808823529408,0.1755218654870987,0.21470588235294075
321,0.1476968377828598,-0.010277372784912586,0.010555744171142578,0.7577062249183655,0.16007113456726074,0.23253676470588236,0.16961267590522766,0.2058823529411763
322,0.1463070809841156,-0.010337352752685547,0.01072758436203003,0.7601445317268372,0.1597268283367157,0.267003676470588,0.16886082291603088,0.20735294117647018
323,0.15703029930591583,-0.01050869096070528,0.011094450950622559,0.760282576084137,0.14453648030757904,0.156709558823529,0.17040924727916718,0.2044117647058824
324,0.14901989698410034,-0.010402868501842022,0.010958492755889893,0.75948166847229,0.13591931760311127,0.23253676470588236,0.1722640097141266,0.2058823529411763
325,0.14953385293483734,-0.009698040783405304,0.010132908821105957,0.7570239305496216,0.14251327514648438,0.23023897058823517,0.1698397696018219,0.20735294117647018
326,0.1528458148241043,-0.01006991695612669,0.010434985160827637,0.7569878101348877,0.1699228137731552,0.20266544117647056,0.17217187583446503,0.20735294117647018
327,0.14413608610630035,-0.009581583552062511,0.010150671005249023,0.7655180096626282,0.12690193951129913,0.2578124999999998,0.17519238591194153,0.21176470588235297
328,0.15301191806793213,-0.010225030593574047,0.0110703706741333,0.759708821773529,0.15062016248703003,0.23943014705882337,0.1705256849527359,0.21029411764705852
329,0.13775448501110077,-0.009780282154679298,0.009994924068450928,0.7605339884757996,0.15074247121810913,0.267003676470588,0.16959016025066376,0.20735294117647018
330,0.13792827725410461,-0.00969536229968071,0.010339736938476562,0.761688768863678,0.1525452733039856,0.2830882352941172,0.16875414550304413,0.20882352941176463
331,0.1522834748029709,-0.010029466822743416,0.010475635528564453,0.7628875374794006,0.15578113496303558,0.23943014705882337,0.17407338321208954,0.21176470588235297
332,0.13993500173091888,-0.009951225481927395,0.010765612125396729,0.7634449005126953,0.13056106865406036,0.2761948529411762,0.175290048122406,0.21911764705882353
333,0.1354445517063141,-0.008888126350939274,0.009670615196228027,0.7636640071868896,0.11318723112344742,0.31985294117647056,0.1688048094511032,0.2161764705882352
334,0.1469028741121292,-0.010292978957295418,0.011344552040100098,0.7621424794197083,0.1322087049484253,0.2256433823529408,0.1657492220401764,0.20882352941176463
335,0.14816437661647797,-0.009222391061484814,0.010467886924743652,0.7587245106697083,0.15675067901611328,0.2555147058823526,0.16909892857074738,0.22352941176470575
336,0.1422598659992218,-0.009690615348517895,0.010268747806549072,0.7651231288909912,0.16354934871196747,0.24632352941176439,0.1697281002998352,0.21470588235294075
337,0.15106236934661865,-0.009641002863645554,0.01026684045791626,0.7607913017272949,0.1467953771352768,0.23943014705882337,0.16711203753948212,0.2161764705882352
338,0.14270587265491486,-0.01014027837663889,0.01043015718460083,0.7607347369194031,0.14869444072246552,0.2784926470588234,0.16588722169399261,0.21764705882352908
339,0.15330681204795837,-0.010889026336371899,0.011178553104400635,0.7617619037628174,0.13007581233978271,0.22794117647058798,0.16869625449180603,0.22058823529411742
340,0.15004608035087585,-0.0093946922570467,0.010154783725738525,0.7659978866577148,0.1550607979297638,0.20955882352941158,0.1677296757698059,0.20294117647058796
341,0.14681370556354523,-0.00984930619597435,0.010369658470153809,0.7639705538749695,0.15392985939979553,0.23023897058823517,0.1682623326778412,0.2161764705882352
342,0.14372658729553223,-0.011128741316497326,0.011486530303955078,0.7646754384040833,0.13180409371852875,0.2532169117647054,0.16723717749118805,0.20882352941176463
343,0.15597306191921234,-0.010287289507687092,0.010589003562927246,0.763266921043396,0.14183162152767181,0.1659007352941172,0.1699063777923584,0.20882352941176463
344,0.14779984951019287,-0.010351899079978466,0.010805606842041016,0.7666904926300049,0.15522070229053497,0.2853860294117644,0.167308509349823,0.21764705882352908
345,0.15106302499771118,-0.01112524326890707,0.011386334896087646,0.7655659914016724,0.1612349897623062,0.23023897058823517,0.1666906177997589,0.21911764705882353
346,0.1504802107810974,-0.010358685627579689,0.010636866092681885,0.7657691836357117,0.14734047651290894,0.19347426470588236,0.1663273721933365,0.21323529411764686
347,0.15169282257556915,-0.010829737409949303,0.011236369609832764,0.7638075947761536,0.1734657734632492,0.2578124999999998,0.16631925106048584,0.21323529411764686
348,0.14791393280029297,-0.009913920424878597,0.010436773300170898,0.7659925818443298,0.14912280440330505,0.24172794117647056,0.16833500564098358,0.21764705882352908
349,0.15609435737133026,-0.010226170532405376,0.010617554187774658,0.7556124329566956,0.1374235898256302,0.18887867647058798,0.16966590285301208,0.21764705882352908
350,0.15156583487987518,-0.008959958329796791,0.010659337043762207,0.7595024704933167,0.1864980310201645,0.234834558823529,0.16743285953998566,0.22352941176470575
351,0.1541179120540619,-0.009222304448485374,0.010619938373565674,0.7616533041000366,0.1368834227323532,0.24172794117647056,0.16576291620731354,0.23088235294117632
352,0.1486034393310547,-0.010252507403492928,0.010689139366149902,0.7640512585639954,0.16894955933094025,0.2555147058823526,0.16819673776626587,0.2161764705882352
353,0.14925923943519592,-0.01024214830249548,0.010544538497924805,0.7584507465362549,0.13926276564598083,0.22334558823529416,0.1655167043209076,0.21029411764705852
354,0.14197880029678345,-0.00989456009119749,0.010373711585998535,0.7672361135482788,0.12984217703342438,0.24172794117647056,0.1662253588438034,0.23088235294117632
355,0.13793830573558807,-0.010216500610113144,0.010561823844909668,0.763444721698761,0.11140063405036926,0.2784926470588234,0.16783972084522247,0.22058823529411742
356,0.14307649433612823,-0.010471632704138756,0.010848820209503174,0.7636032700538635,0.14472715556621552,0.2830882352941172,0.1660279780626297,0.22058823529411742
357,0.1531880497932434,-0.010513256303966045,0.010923027992248535,0.7657784819602966,0.17176026105880737,0.1750919117647054,0.16578388214111328,0.21764705882352908
358,0.1558290272951126,-0.010267164558172226,0.010875284671783447,0.7609172463417053,0.17875151336193085,0.20036764705882337,0.16853798925876617,0.22794117647058798
359,0.1392340064048767,-0.010288175195455551,0.010777592658996582,0.7682323455810547,0.11724681407213211,0.2853860294117644,0.16703073680400848,0.21764705882352908
360,0.1518150120973587,-0.0104818195104599,0.01091986894607544,0.7655103802680969,0.15027651190757751,0.23713235294117618,0.1693851351737976,0.21470588235294075
361,0.14973556995391846,-0.009773993864655495,0.01023852825164795,0.7679880261421204,0.12160837650299072,0.20955882352941158,0.16537603735923767,0.21029411764705852
362,0.1480470448732376,-0.01065918244421482,0.010944902896881104,0.7700749635696411,0.14391997456550598,0.23253676470588236,0.16859102249145508,0.21470588235294075
363,0.1457907110452652,-0.010275335051119328,0.010615110397338867,0.7633596062660217,0.13837088644504547,0.24862132352941158,0.16496135294437408,0.2161764705882352
364,0.14755657315254211,-0.01001033280044794,0.010315418243408203,0.7664486169815063,0.13691285252571106,0.23713235294117618,0.16811081767082214,0.21470588235294075
365,0.14855018258094788,-0.009757745079696178,0.010551512241363525,0.7619070410728455,0.1714794784784317,0.21874999999999978,0.16718590259552002,0.21764705882352908
366,0.14972075819969177,-0.009448290802538395,0.010406911373138428,0.7684018611907959,0.11118244379758835,0.22104779411764697,0.16592058539390564,0.21911764705882353
367,0.1462225615978241,-0.009971504099667072,0.010628998279571533,0.764243483543396,0.14320628345012665,0.24862132352941158,0.16692982614040375,0.20735294117647018
368,0.13862940669059753,-0.009823366068303585,0.010197579860687256,0.7682468891143799,0.12861834466457367,0.2784926470588234,0.17576242983341217,0.2220588235294113
369,0.1512906700372696,-0.01009851973503828,0.010480821132659912,0.767225444316864,0.1365945190191269,0.2830882352941172,0.16794748604297638,0.2161764705882352
370,0.1470533311367035,-0.010659231804311275,0.010868847370147705,0.7713850736618042,0.1746560037136078,0.2876838235294116,0.17121967673301697,0.20735294117647018
371,0.14491984248161316,-0.01067074853926897,0.010988175868988037,0.7700135707855225,0.12008903920650482,0.28998161764705876,0.17854079604148865,0.2161764705882352
372,0.15601442754268646,-0.010032839141786098,0.01071012020111084,0.7640185952186584,0.169743150472641,0.23713235294117618,0.1766626238822937,0.21470588235294075
373,0.15024709701538086,-0.010542306117713451,0.010841012001037598,0.7673748731613159,0.13881243765354156,0.24862132352941158,0.1697321981191635,0.22499999999999964
374,0.14736329019069672,-0.010635878890752792,0.011121392250061035,0.7692488431930542,0.13894663751125336,0.23253676470588236,0.17312105000019073,0.2058823529411763
375,0.14185892045497894,-0.01022273488342762,0.010604143142700195,0.7672783732414246,0.14453014731407166,0.2532169117647054,0.1810537427663803,0.2264705882352941
376,0.15334002673625946,-0.01068720780313015,0.01093071699142456,0.7713314294815063,0.18256618082523346,0.19806985294117618,0.17951731383800507,0.21764705882352908
377,0.14611448347568512,-0.010458504781126976,0.010802149772644043,0.7686148285865784,0.12827248871326447,0.2440257352941172,0.1671087145805359,0.2058823529411763
378,0.14597037434577942,-0.010076307691633701,0.010619640350341797,0.7663384675979614,0.1580544412136078,0.20266544117647056,0.17333170771598816,0.21911764705882353
379,0.1382477730512619,-0.010165389627218246,0.010508537292480469,0.7677786946296692,0.1475149393081665,0.2945772058823526,0.18910156190395355,0.21911764705882353
380,0.14434847235679626,-0.010870702564716339,0.011254847049713135,0.7731647491455078,0.17084167897701263,0.24632352941176439,0.18767893314361572,0.21029411764705852
381,0.1509237140417099,-0.010425450280308723,0.010771036148071289,0.7715348601341248,0.13277308642864227,0.2440257352941172,0.17577935755252838,0.2058823529411763
382,0.15048600733280182,-0.010934722609817982,0.011350095272064209,0.765464186668396,0.1850709766149521,0.23023897058823517,0.17975975573062897,0.21911764705882353
383,0.14574873447418213,-0.009725061245262623,0.010292291641235352,0.767504096031189,0.18219326436519623,0.3037683823529408,0.17572960257530212,0.21323529411764686
384,0.1475258469581604,-0.011287029832601547,0.011745154857635498,0.7643595933914185,0.15614593029022217,0.22794117647058798,0.17441268265247345,0.21323529411764686
385,0.1487829089164734,-0.010283946990966797,0.010679781436920166,0.7653533220291138,0.16274431347846985,0.2555147058823526,0.1805371791124344,0.21911764705882353
386,0.14023908972740173,-0.009989386424422264,0.01031726598739624,0.7727691531181335,0.14998884499073029,0.2968749999999998,0.17429518699645996,0.21029411764705852
387,0.14751744270324707,-0.01088585052639246,0.011268079280853271,0.7696787714958191,0.11949973553419113,0.2555147058823526,0.17525872588157654,0.22058823529411742
388,0.14433415234088898,-0.010594016872346401,0.010929763317108154,0.7688384652137756,0.19620345532894135,0.24862132352941158,0.17714931070804596,0.21176470588235297
389,0.1504821479320526,-0.0098356818780303,0.010125875473022461,0.7682235240936279,0.10515531897544861,0.20036764705882337,0.17144069075584412,0.21029411764705852
390,0.15070609748363495,-0.009840939193964005,0.010561883449554443,0.7689594626426697,0.19324490427970886,0.23713235294117618,0.17365705966949463,0.21176470588235297
391,0.1489066481590271,-0.010805577971041203,0.011220276355743408,0.7704774737358093,0.13497479259967804,0.25091911764705876,0.17659014463424683,0.20882352941176463
392,0.14953723549842834,-0.010846782475709915,0.011422038078308105,0.7650797367095947,0.16681082546710968,0.2256433823529408,0.17627018690109253,0.20294117647058796
393,0.15302616357803345,-0.010613280348479748,0.01093912124633789,0.7739750742912292,0.12422969937324524,0.18198529411764697,0.17732514441013336,0.20294117647058796
394,0.15018807351589203,-0.010997406207025051,0.011458754539489746,0.7685016989707947,0.15121757984161377,0.20266544117647056,0.17415273189544678,0.2161764705882352
395,0.14598777890205383,-0.010408477857708931,0.01080012321472168,0.7686723470687866,0.14847072958946228,0.2784926470588234,0.1757638156414032,0.20735294117647018
396,0.14464281499385834,-0.010728082619607449,0.011261582374572754,0.77223801612854,0.16625294089317322,0.26011029411764697,0.17138458788394928,0.20147058823529407
397,0.14014941453933716,-0.010020829737186432,0.010341227054595947,0.7718390226364136,0.12683245539665222,0.3037683823529408,0.1781778633594513,0.20294117647058796
398,0.1505773961544037,-0.010689817368984222,0.011207103729248047,0.7755664587020874,0.13658450543880463,0.20266544117647056,0.17511433362960815,0.20294117647058796
399,0.14379747211933136,-0.010526619851589203,0.011472880840301514,0.7748171091079712,0.17482131719589233,0.234834558823529,0.17592646181583405,0.2044117647058824
