,loss_g,loss_d,train_wd,train_ce_d,train_mse,train_acc,test_mse,test_acc
0,0.9789659976959229,7.942432880401611,0.0002930760383605957,6.039249897003174,0.17157435417175293,0.23943014705882337,0.27936041355133057,0.2426470588235291
1,0.9931496381759644,7.3166351318359375,0.00011736154556274414,5.93520450592041,0.27301281690597534,0.23943014705882337,0.20324520766735077,0.2897058823529408
2,0.9830513596534729,6.752708435058594,0.00034305453300476074,6.001164436340332,0.22496886551380157,0.26930147058823517,0.33570748567581177,0.2735294117647058
3,1.058823585510254,6.1767354011535645,-0.00019396841526031494,6.048555374145508,0.21102432906627655,0.28998161764705876,0.23706768453121185,0.2882352941176469
4,0.9383230209350586,5.105340480804443,-0.0004363805055618286,6.034293174743652,0.14414049685001373,0.29917279411764697,0.27216947078704834,0.30441176470588194
5,0.9906601905822754,4.345920085906982,0.0005289912223815918,6.132996082305908,0.15972675383090973,0.3658088235294116,0.30552607774734497,0.3573529411764703
6,0.9376163482666016,3.0851175785064697,0.00017733871936798096,6.093560695648193,0.17909297347068787,0.345128676470588,0.24041250348091125,0.29411764705882304
7,1.0090192556381226,2.8953146934509277,-0.0007926821708679199,6.099351406097412,0.13724499940872192,0.3543198529411762,0.279142290353775,0.33823529411764697
8,1.0225849151611328,2.2792458534240723,-0.0008402168750762939,5.9699859619140625,0.131216362118721,0.36810661764705876,0.26149046421051025,0.354411764705882
9,0.8723944425582886,2.0376150608062744,-0.00046850740909576416,6.071750640869141,0.15409784018993378,0.37959558823529416,0.28128382563591003,0.36176470588235254
10,1.0750048160552979,2.1543428897857666,0.00043267011642456055,5.992909908294678,0.2926459014415741,0.41636029411764697,0.29143819212913513,0.35147058823529365
11,0.9790221452713013,2.050304889678955,-0.0008438825607299805,6.198136806488037,0.1506481170654297,0.3704044117647054,0.250165194272995,0.363235294117647
12,0.9922770261764526,2.0737967491149902,2.111494541168213e-05,6.058412075042725,0.1497856080532074,0.42784926470588236,0.27685654163360596,0.4102941176470587
13,1.002403736114502,1.9699187278747559,0.000653684139251709,6.0539045333862305,0.19313225150108337,0.38648897058823517,0.2793055772781372,0.4102941176470587
14,1.0333375930786133,2.013356924057007,-0.00035944581031799316,6.012957572937012,0.2118052989244461,0.4508272058823526,0.2686229944229126,0.40588235294117647
15,0.9912047386169434,2.195004463195801,0.0002515166997909546,6.200231075286865,0.13120725750923157,0.39797794117647056,0.347690224647522,0.4264705882352937
16,1.0193543434143066,1.8328850269317627,-0.0006583333015441895,6.077358722686768,0.18122412264347076,0.4094669117647054,0.20958271622657776,0.4220588235294115
17,0.9907437562942505,1.7548322677612305,-0.0009333789348602295,6.026126384735107,0.1559922695159912,0.42784926470588236,0.3041122555732727,0.43823529411764706
18,0.9990190267562866,1.972118854522705,0.000581786036491394,6.207643032073975,0.18866398930549622,0.4140624999999998,0.2967894673347473,0.47647058823529376
19,0.9644180536270142,2.0785465240478516,2.968311309814453e-05,6.184410572052002,0.20472444593906403,0.42784926470588236,0.2378363460302353,0.4779411764705882
20,1.029581069946289,2.073551654815674,0.000508531928062439,5.972430229187012,0.205335333943367,0.37959558823529416,0.2903483808040619,0.4926470588235293
21,0.9477770328521729,1.6919156312942505,-0.0004528313875198364,6.108482837677002,0.22133605182170868,0.46691176470588236,0.2811742424964905,0.4691176470588232
22,0.954413890838623,1.6320006847381592,0.0019486546516418457,6.120925426483154,0.2365356683731079,0.4898897058823526,0.23578625917434692,0.5014705882352938
23,0.9724534749984741,1.5992578268051147,-0.0010427385568618774,6.076569080352783,0.20711968839168549,0.4715073529411762,0.2287503331899643,0.4926470588235293
24,0.9697970747947693,2.0502631664276123,0.0004658550024032593,6.174962043762207,0.25348901748657227,0.5197610294117644,0.2462681084871292,0.4911764705882349
25,1.0230991840362549,1.6181871891021729,-0.00014813244342803955,6.008269786834717,0.193772554397583,0.4898897058823526,0.24961064755916595,0.5073529411764705
26,0.9380415678024292,1.4385924339294434,-0.001699402928352356,6.026389122009277,0.1897428333759308,0.4921874999999998,0.2716495096683502,0.5279411764705882
27,0.9190536737442017,1.301018238067627,-0.0005722641944885254,6.183282375335693,0.1477978378534317,0.4990808823529408,0.2502652406692505,0.530882352941176
28,1.0253934860229492,1.3544878959655762,0.00012908875942230225,6.151865482330322,0.12535962462425232,0.508272058823529,0.24041348695755005,0.5161764705882349
29,0.9589888453483582,1.2763382196426392,0.0006041973829269409,5.998223781585693,0.18161660432815552,0.5151654411764706,0.21416091918945312,0.5352941176470588
30,1.0022387504577637,1.3876376152038574,-0.0004617422819137573,6.190092086791992,0.18905989825725555,0.49678308823529416,0.21417103707790375,0.5102941176470588
31,0.9834844470024109,1.2976481914520264,0.0003035217523574829,6.181858062744141,0.11625934392213821,0.4898897058823526,0.2704251706600189,0.5205882352941177
32,0.9388777613639832,1.0080347061157227,0.00012558698654174805,6.180755138397217,0.14554375410079956,0.508272058823529,0.20013496279716492,0.5088235294117643
33,0.900824785232544,1.2027543783187866,0.0003097951412200928,6.2028703689575195,0.17445427179336548,0.5427389705882352,0.23076118528842926,0.5441176470588233
34,1.0535171031951904,1.0306224822998047,-0.001122012734413147,6.108467102050781,0.13557465374469757,0.501378676470588,0.2637970745563507,0.5132352941176466
35,1.1342370510101318,0.988555908203125,0.0003312528133392334,6.182077884674072,0.12757816910743713,0.5059742647058824,0.1999388486146927,0.5294117647058821
36,0.972932755947113,0.8865348100662231,-0.0005011558532714844,6.163593292236328,0.13106803596019745,0.5381433823529408,0.20693019032478333,0.5499999999999999
37,0.9767799377441406,0.9541535377502441,0.0006933510303497314,6.200712203979492,0.17403320968151093,0.5128676470588234,0.25006338953971863,0.5647058823529411
38,1.0190672874450684,0.9469814896583557,-0.00017005205154418945,6.184134006500244,0.14431977272033691,0.572610294117647,0.2124120444059372,0.530882352941176
39,0.8942747712135315,0.8218172192573547,0.00022786855697631836,6.150951862335205,0.13480977714061737,0.5450367647058824,0.26864954829216003,0.539705882352941
40,0.9681006669998169,1.080963134765625,0.00032050907611846924,6.209749221801758,0.169331893324852,0.501378676470588,0.2577725052833557,0.5602941176470588
41,0.978017270565033,0.7116611003875732,-0.0005497932434082031,6.095103740692139,0.09791132807731628,0.5266544117647054,0.19235017895698547,0.5720588235294116
42,0.9805973172187805,0.6402732133865356,0.0001096576452255249,6.1226301193237305,0.16937965154647827,0.5519301470588234,0.21427521109580994,0.566176470588235
43,1.0018389225006104,0.5198795199394226,3.056228160858154e-05,6.120701789855957,0.12797750532627106,0.5519301470588234,0.2347484976053238,0.5823529411764705
44,0.9734970331192017,0.5802927017211914,0.0003369748592376709,6.106893062591553,0.14495061337947845,0.5496323529411762,0.21729876101016998,0.5897058823529411
45,0.9862520694732666,0.7023494243621826,7.949769496917725e-05,6.200092315673828,0.12009204179048538,0.5680147058823526,0.21851062774658203,0.5705882352941172
46,0.9128259420394897,0.5119197964668274,-0.0005120038986206055,6.153560161590576,0.08036874979734421,0.5519301470588234,0.21595558524131775,0.5514705882352938
47,1.0123308897018433,0.5668356418609619,5.155801773071289e-05,6.281403064727783,0.22889134287834167,0.5565257352941172,0.22380675375461578,0.5867647058823527
48,0.9035391211509705,0.4896479845046997,0.00012992322444915771,6.248761177062988,0.22822491824626923,0.6001838235294116,0.23152174055576324,0.5794117647058822
49,1.048109769821167,0.38461464643478394,-0.000563398003578186,6.313022136688232,0.1604394167661667,0.6277573529411762,0.2571347653865814,0.5897058823529411
50,1.005399465560913,0.3562963604927063,-0.000590980052947998,6.125034332275391,0.13551436364650726,0.4990808823529408,0.21762192249298096,0.5647058823529411
51,0.9129805564880371,0.4497606158256531,0.00018168985843658447,6.1087822914123535,0.19020766019821167,0.586397058823529,0.20840397477149963,0.5720588235294116
52,0.9670941829681396,0.4127197563648224,-0.00034227967262268066,5.992300987243652,0.18328413367271423,0.5243566176470588,0.21994125843048096,0.5852941176470589
53,0.9864206314086914,0.312473863363266,0.00010541081428527832,6.154428958892822,0.1461186558008194,0.5588235294117644,0.22894611954689026,0.5794117647058822
54,0.9273627996444702,0.25529611110687256,0.0004726499319076538,6.060947418212891,0.170158252120018,0.5059742647058824,0.21528373658657074,0.566176470588235
55,0.8832041621208191,0.1954180747270584,0.0002034604549407959,6.204451560974121,0.14846839010715485,0.5703124999999998,0.18791615962982178,0.5852941176470589
56,0.9863664507865906,0.2526838183403015,0.0002300739288330078,6.150589942932129,0.1842471957206726,0.5519301470588234,0.22927768528461456,0.5808823529411761
57,0.9152269959449768,0.22152648866176605,-0.0007841438055038452,6.023082256317139,0.2827608585357666,0.540441176470588,0.22492311894893646,0.5794117647058822
58,0.9813790917396545,0.26717609167099,5.1334500312805176e-05,6.188647747039795,0.15976691246032715,0.5611213235294116,0.20103652775287628,0.5808823529411761
59,1.0609465837478638,0.19211235642433167,-7.763504981994629e-06,6.300828456878662,0.1391524076461792,0.579503676470588,0.22116315364837646,0.5808823529411761
60,0.99339359998703,0.23124554753303528,-9.60230827331543e-05,6.184056282043457,0.16524790227413177,0.586397058823529,0.20406948029994965,0.5705882352941172
61,0.9176025986671448,0.13117384910583496,0.0001970231533050537,6.244035243988037,0.16250629723072052,0.5542279411764706,0.22851355373859406,0.5808823529411761
62,0.9779542684555054,0.17880100011825562,1.3232231140136719e-05,6.0803985595703125,0.12670528888702393,0.547334558823529,0.19787219166755676,0.5941176470588233
63,1.0042047500610352,0.15067267417907715,-0.00010263919830322266,6.125241279602051,0.15947115421295166,0.508272058823529,0.22252753376960754,0.5955882352941172
64,0.9860739707946777,0.1337333619594574,0.00042557716369628906,6.166524410247803,0.10182645171880722,0.6024816176470588,0.20986944437026978,0.5882352941176466
65,0.9445051550865173,0.16712932288646698,0.00035244226455688477,6.239939212799072,0.16407951712608337,0.5703124999999998,0.26406946778297424,0.5882352941176466
66,1.0054330825805664,0.13050532341003418,-4.0337443351745605e-05,6.176827907562256,0.14301185309886932,0.5496323529411762,0.2087906450033188,0.5941176470588233
67,0.985690712928772,0.12629811465740204,0.00012059509754180908,6.062386512756348,0.1725233644247055,0.5128676470588234,0.1933930218219757,0.5941176470588233
68,1.0483736991882324,0.1425153911113739,0.00015579164028167725,6.150059700012207,0.27157366275787354,0.5565257352941172,0.19876152276992798,0.5985294117647055
69,0.9429133534431458,0.10435368120670319,0.0003311038017272949,6.095675945281982,0.18300333619117737,0.5772058823529408,0.18390397727489471,0.6058823529411761
70,0.9807490110397339,0.0878472551703453,0.0002886056900024414,6.156343936920166,0.16953708231449127,0.5427389705882352,0.2208414226770401,0.5823529411764705
71,1.07831609249115,0.09091396629810333,-0.0001532435417175293,6.209719657897949,0.150559201836586,0.5932904411764706,0.20759233832359314,0.5941176470588233
72,0.942049503326416,0.0848131850361824,0.0002278536558151245,6.143249988555908,0.15829981863498688,0.5955882352941172,0.24253258109092712,0.6014705882352939
73,0.9399183392524719,0.08854755014181137,0.0003482997417449951,6.216643810272217,0.17745524644851685,0.5840992647058824,0.21266238391399384,0.5897058823529411
74,0.9758297801017761,0.07293660938739777,-0.00017854571342468262,6.110426425933838,0.14998619258403778,0.6001838235294116,0.19754020869731903,0.5941176470588233
75,0.940443754196167,0.08057201653718948,0.00017122924327850342,6.28012752532959,0.14053964614868164,0.6208639705882352,0.2690906226634979,0.5941176470588233
76,0.951585054397583,0.06044255942106247,-0.00013774633407592773,6.134829998016357,0.12456505000591278,0.6162683823529408,0.23292095959186554,0.5897058823529411
77,0.9788916707038879,0.06708604842424393,3.6835670471191406e-05,6.163261413574219,0.17459213733673096,0.547334558823529,0.21533527970314026,0.6058823529411761
78,1.0527671575546265,0.05956346541643143,-0.0002107173204421997,6.088928699493408,0.1790197342634201,0.5703124999999998,0.19456692039966583,0.6073529411764705
79,1.0384445190429688,0.06601584702730179,-0.00013591349124908447,6.210973739624023,0.1322833150625229,0.5909926470588234,0.2047199010848999,0.6176470588235294
80,0.9109373688697815,0.053593508899211884,2.3812055587768555e-05,6.124820232391357,0.09316620230674744,0.572610294117647,0.18850477039813995,0.6117647058823528
81,0.9425041675567627,0.05104817450046539,5.047023296356201e-05,6.03837776184082,0.1579461246728897,0.5818014705882352,0.23623009026050568,0.6029411764705878
82,0.9060803055763245,0.07101874053478241,-9.569525718688965e-05,6.1377949714660645,0.1559986025094986,0.5955882352941172,0.22177059948444366,0.616176470588235
83,1.0353055000305176,0.05347026139497757,1.8715858459472656e-05,6.1218647956848145,0.15429812669754028,0.6047794117647054,0.19989164173603058,0.6088235294117644
84,0.9761682748794556,0.054178524762392044,-0.00013637542724609375,6.068498134613037,0.1425853967666626,0.5703124999999998,0.2102903425693512,0.5882352941176466
85,1.0510557889938354,0.04437960311770439,0.00022514164447784424,5.9702630043029785,0.21226388216018677,0.5703124999999998,0.18384940922260284,0.6014705882352939
86,0.9270290732383728,0.0509219616651535,-3.814697265625e-05,6.031730651855469,0.17841370403766632,0.5703124999999998,0.2677953839302063,0.6088235294117644
87,0.9366641044616699,0.041467420756816864,0.00011564791202545166,6.048033237457275,0.20458002388477325,0.5588235294117644,0.21640968322753906,0.5985294117647055
88,0.9878334999084473,0.04808657243847847,-0.00020882487297058105,6.314345836639404,0.08350852131843567,0.6208639705882352,0.21835824847221375,0.616176470588235
89,1.0260214805603027,0.04752066731452942,7.18533992767334e-05,6.069057941436768,0.09937342256307602,0.5840992647058824,0.20877808332443237,0.5882352941176466
90,0.984333872795105,0.03136241436004639,0.00022155046463012695,6.208825588226318,0.21392975747585297,0.6415441176470588,0.2051822990179062,0.5955882352941172
91,0.9769406318664551,0.04219517856836319,0.0002824068069458008,6.315670967102051,0.1378026008605957,0.5634191176470588,0.19378213584423065,0.6102941176470589
92,0.9620931148529053,0.03353862464427948,-4.750490188598633e-05,6.062489986419678,0.21725782752037048,0.5955882352941172,0.2084283083677292,0.6
93,0.9487873315811157,0.035236187279224396,2.898275852203369e-05,6.069998264312744,0.13908761739730835,0.5932904411764706,0.22391222417354584,0.6073529411764705
94,0.8866794109344482,0.03958967328071594,0.0002159029245376587,6.130751132965088,0.13552358746528625,0.6162683823529408,0.2102540284395218,0.5985294117647055
95,1.0697234869003296,0.05665619671344757,-1.4647841453552246e-05,5.991954326629639,0.1275501251220703,0.5840992647058824,0.19554415345191956,0.6029411764705878
96,0.9932593703269958,0.06126868724822998,7.526576519012451e-05,6.212677955627441,0.16677898168563843,0.572610294117647,0.2106006145477295,0.6102941176470589
97,1.0973864793777466,0.042237650603055954,0.00025926530361175537,6.388806343078613,0.13890042901039124,0.6300551470588234,0.2330414354801178,0.6029411764705878
98,0.973109781742096,0.037995029240846634,6.38812780380249e-05,6.444706439971924,0.1147787868976593,0.6346507352941172,0.19791798293590546,0.616176470588235
99,1.0264815092086792,0.028793858364224434,-2.7447938919067383e-05,6.213487148284912,0.12378881126642227,0.6139705882352942,0.22720131278038025,0.6132352941176467
100,0.8712798357009888,0.03175431489944458,-2.8952956199645996e-05,6.25480842590332,0.10834760963916779,0.572610294117647,0.20109491050243378,0.5941176470588233
101,0.8517627716064453,0.03309008106589317,5.78463077545166e-05,6.0659027099609375,0.1388917714357376,0.5680147058823526,0.19558945298194885,0.6102941176470589
102,0.9748803377151489,0.032633498311042786,9.432435035705566e-06,6.150701522827148,0.1628122478723526,0.5450367647058824,0.19842107594013214,0.6058823529411761
103,1.0290684700012207,0.033445630222558975,-0.00018952786922454834,6.237023830413818,0.14964064955711365,0.6070772058823526,0.20288732647895813,0.6073529411764705
104,0.8453503847122192,0.0264130849391222,0.0003261268138885498,6.31501579284668,0.11828561127185822,0.5955882352941172,0.21197742223739624,0.6058823529411761
105,0.8436819911003113,0.025386933237314224,-6.751716136932373e-05,6.106892108917236,0.19695106148719788,0.5932904411764706,0.223434716463089,0.591176470588235
106,0.9586673974990845,0.02969510853290558,-7.343292236328125e-05,6.165665626525879,0.11799628287553787,0.5886948529411762,0.19087596237659454,0.5970588235294116
107,1.0438446998596191,0.037329986691474915,2.072751522064209e-05,6.07963752746582,0.1581922024488449,0.5818014705882352,0.1947477161884308,0.6102941176470589
108,0.9672810435295105,0.029653282836079597,0.0002234131097793579,6.053010940551758,0.13900348544120789,0.5381433823529408,0.21445095539093018,0.616176470588235
109,0.9125232696533203,0.028854677453637123,4.208087921142578e-05,6.13701057434082,0.13426128029823303,0.5680147058823526,0.21204525232315063,0.6102941176470589
110,0.9704501032829285,0.02755318582057953,0.00011767446994781494,6.233116626739502,0.12229923158884048,0.5427389705882352,0.20385006070137024,0.6058823529411761
111,1.0808733701705933,0.020514104515314102,0.00018915534019470215,6.090763568878174,0.1432638317346573,0.586397058823529,0.20614255964756012,0.6147058823529411
112,0.8746860027313232,0.022433921694755554,0.0001773238182067871,6.155285835266113,0.12193307280540466,0.6139705882352942,0.1852187216281891,0.6088235294117644
113,0.9823606014251709,0.018813392147421837,9.31471586227417e-05,6.148490905761719,0.11053434014320374,0.540441176470588,0.19891254603862762,0.6102941176470589
114,0.9339079856872559,0.026327241212129593,5.8263540267944336e-05,6.132099628448486,0.13289128243923187,0.5565257352941172,0.2096993774175644,0.6014705882352939
115,0.9536070227622986,0.016212372109293938,0.0001671910285949707,6.193667411804199,0.09285002946853638,0.579503676470588,0.22375336289405823,0.6176470588235294
116,0.8834781646728516,0.027132166549563408,2.0459294319152832e-05,6.224885940551758,0.11539366841316223,0.5588235294117644,0.21036551892757416,0.6088235294117644
117,0.9149817228317261,0.030435409396886826,0.0002090930938720703,6.247213363647461,0.1375584751367569,0.6392463235294116,0.19149190187454224,0.6117647058823528
118,0.9674997925758362,0.020491687580943108,-1.3336539268493652e-05,6.098948955535889,0.10393176227807999,0.5886948529411762,0.18149234354496002,0.6279411764705878
119,0.9030806422233582,0.025657400488853455,8.285045623779297e-06,6.136550426483154,0.13369226455688477,0.572610294117647,0.20280441641807556,0.6205882352941172
120,0.8946914076805115,0.02660633623600006,-7.840991020202637e-05,6.239389896392822,0.15109491348266602,0.586397058823529,0.20515736937522888,0.6102941176470589
121,0.9390193819999695,0.020909704267978668,8.682906627655029e-05,6.211063861846924,0.15679442882537842,0.5749080882352942,0.18834209442138672,0.6102941176470589
122,0.9401894807815552,0.027686215937137604,-2.2992491722106934e-05,6.071500301361084,0.1478728950023651,0.611672794117647,0.19596295058727264,0.6205882352941172
123,0.9557369947433472,0.03160050883889198,-2.5957822799682617e-05,6.085015773773193,0.1334725320339203,0.5840992647058824,0.16649429500102997,0.6205882352941172
124,0.9948512315750122,0.02626868709921837,-1.96993350982666e-05,6.019617557525635,0.1489439755678177,0.5749080882352942,0.21160925924777985,0.6147058823529411
125,0.892536997795105,0.019990280270576477,-2.0459294319152832e-05,6.183696269989014,0.16639499366283417,0.5886948529411762,0.18888872861862183,0.5970588235294116
126,0.9865610599517822,0.02538793347775936,6.346404552459717e-05,6.193054676055908,0.19702231884002686,0.5955882352941172,0.2041434645652771,0.6132352941176467
127,0.9495304226875305,0.015543349087238312,6.167590618133545e-05,6.1862006187438965,0.13542750477790833,0.5818014705882352,0.21296340227127075,0.6088235294117644
128,0.9420342445373535,0.018699565902352333,-4.318356513977051e-05,6.271152019500732,0.17918263375759125,0.5611213235294116,0.2141304910182953,0.6102941176470589
129,0.9365695714950562,0.016228701919317245,1.932680606842041e-05,6.180065631866455,0.16222232580184937,0.5886948529411762,0.20596368610858917,0.6132352941176467
130,0.9383926391601562,0.019735092297196388,9.563565254211426e-05,6.316929817199707,0.11035355180501938,0.5703124999999998,0.31528201699256897,0.6235294117647056
131,1.0059396028518677,0.018676023930311203,2.1860003471374512e-05,6.071447372436523,0.12425824999809265,0.547334558823529,0.2054954171180725,0.6132352941176467
132,0.9648839235305786,0.02269178442656994,4.503130912780762e-05,6.146092891693115,0.1344977617263794,0.5772058823529408,0.2226344645023346,0.616176470588235
133,0.9266260266304016,0.02234792895615101,0.00022417306900024414,6.092947483062744,0.12279494106769562,0.5886948529411762,0.21375738084316254,0.6102941176470589
134,0.9589381217956543,0.015545720234513283,6.42240047454834e-05,6.0269060134887695,0.20307041704654694,0.5588235294117644,0.2180379182100296,0.5985294117647055
135,0.9330087900161743,0.014929065480828285,0.00012201070785522461,6.281245708465576,0.14718426764011383,0.5772058823529408,0.2022721916437149,0.6147058823529411
136,0.9197624921798706,0.015170854516327381,-8.755922317504883e-05,6.243963718414307,0.08294714242219925,0.5542279411764706,0.17770244181156158,0.6073529411764705
137,1.0179091691970825,0.02000880241394043,1.163780689239502e-05,6.235432147979736,0.127716526389122,0.6323529411764706,0.22993655502796173,0.6147058823529411
138,1.1138954162597656,0.02884669229388237,9.335577487945557e-05,6.1613993644714355,0.12141413986682892,0.5978860294117644,0.19693335890769958,0.6117647058823528
139,1.0161956548690796,0.013618086464703083,-1.6003847122192383e-05,6.0054707527160645,0.18070951104164124,0.5886948529411762,0.2027246356010437,0.6058823529411761
140,1.0871871709823608,0.020818937569856644,3.21120023727417e-05,6.251656532287598,0.12728294730186462,0.5703124999999998,0.20038430392742157,0.6073529411764705
141,0.9735384583473206,0.021214790642261505,0.00019125640392303467,6.051238059997559,0.11151663959026337,0.572610294117647,0.20071789622306824,0.6176470588235294
142,0.9808200597763062,0.01716238260269165,5.479156970977783e-05,5.991457939147949,0.12176012992858887,0.5542279411764706,0.21703581511974335,0.6102941176470589
143,0.9502713680267334,0.011858069337904453,8.174777030944824e-05,6.188766956329346,0.19226594269275665,0.5749080882352942,0.22144612669944763,0.6205882352941172
144,1.029894232749939,0.014522479847073555,0.00013402104377746582,6.078732490539551,0.1628565639257431,0.572610294117647,0.2042902708053589,0.6235294117647056
145,0.9548894166946411,0.01319656427949667,0.00012354552745819092,6.070508003234863,0.16277773678302765,0.5634191176470588,0.21095283329486847,0.6102941176470589
146,0.9412293434143066,0.014587956480681896,0.00014580786228179932,6.25639533996582,0.09695988893508911,0.5840992647058824,0.21368621289730072,0.6102941176470589
147,0.9410545229911804,0.017939221113920212,0.00017406046390533447,6.246720790863037,0.1446891576051712,0.6300551470588234,0.2206963300704956,0.6044117647058822
148,0.9709758758544922,0.011422891169786453,3.7983059883117676e-05,6.111850261688232,0.11377525329589844,0.5427389705882352,0.2128307819366455,0.616176470588235
149,1.005357265472412,0.010128618218004704,2.8014183044433594e-05,6.2811737060546875,0.1260840743780136,0.611672794117647,0.20991024374961853,0.6205882352941172
150,0.9565455913543701,0.019375577569007874,1.4588236808776855e-05,6.167125225067139,0.1299935132265091,0.5542279411764706,0.21122023463249207,0.616176470588235
151,0.9477380514144897,0.011707112193107605,-8.58306884765625e-06,6.234185695648193,0.1719789057970047,0.5818014705882352,0.20323674380779266,0.6294117647058822
152,0.9772636294364929,0.011647496372461319,1.920759677886963e-05,6.179632663726807,0.14799627661705017,0.5749080882352942,0.1982930451631546,0.6176470588235294
153,0.9713978171348572,0.009252500720322132,1.823902130126953e-05,6.246061325073242,0.14675189554691315,0.6093749999999998,0.21454331278800964,0.6058823529411761
154,1.0497322082519531,0.010657604783773422,-2.2351741790771484e-07,6.197396278381348,0.1198333352804184,0.5840992647058824,0.21942195296287537,0.6264705882352939
155,0.9021731615066528,0.012013752944767475,5.46872615814209e-06,6.072036266326904,0.20882439613342285,0.5932904411764706,0.24016764760017395,0.6176470588235294
156,0.9532169699668884,0.013729576952755451,0.00010979175567626953,6.156955718994141,0.0961054340004921,0.5772058823529408,0.20580367743968964,0.6132352941176467
157,0.8241158127784729,0.010015933774411678,0.00017504394054412842,6.178364276885986,0.16680292785167694,0.6024816176470588,0.2242361605167389,0.616176470588235
158,0.8658325672149658,0.011541022919118404,0.00010594725608825684,6.090213298797607,0.1723945140838623,0.5840992647058824,0.20738276839256287,0.6073529411764705
159,1.0738813877105713,0.009143831208348274,7.177889347076416e-05,6.262613296508789,0.15804672241210938,0.5588235294117644,0.2371997833251953,0.6117647058823528
160,0.9342899322509766,0.007641974370926619,0.00011387467384338379,6.062328815460205,0.18066002428531647,0.5772058823529408,0.2058166116476059,0.6147058823529411
161,0.9809553623199463,0.015593955293297768,-2.148747444152832e-05,6.123486042022705,0.21709375083446503,0.6231617647058824,0.18546956777572632,0.6044117647058822
162,0.9916767477989197,0.009647279977798462,0.00013306736946105957,6.142396926879883,0.10359762609004974,0.611672794117647,0.20180104672908783,0.6044117647058822
163,1.0318348407745361,0.011785697191953659,2.372264862060547e-05,6.205203056335449,0.13675875961780548,0.5818014705882352,0.19687925279140472,0.6102941176470589
164,0.9169594049453735,0.010126614943146706,9.205937385559082e-05,5.983675479888916,0.16438491642475128,0.5772058823529408,0.2075415551662445,0.6147058823529411
165,0.9356430768966675,0.009846648201346397,8.422136306762695e-05,6.1884613037109375,0.15337975323200226,0.572610294117647,0.19654721021652222,0.6102941176470589
166,1.000725507736206,0.014246326871216297,2.9161572456359863e-05,6.143547534942627,0.20818017423152924,0.5932904411764706,0.20775732398033142,0.616176470588235
167,0.8926107883453369,0.00634804368019104,8.283555507659912e-05,6.076786518096924,0.13131411373615265,0.5634191176470588,0.20181992650032043,0.6147058823529411
168,1.0309395790100098,0.007377950474619865,-4.312396049499512e-05,6.17957878112793,0.12551286816596985,0.6093749999999998,0.19051669538021088,0.6102941176470589
169,0.9834240674972534,0.008245443925261497,0.00010608136653900146,6.195959091186523,0.10829979926347733,0.5657169117647054,0.20892836153507233,0.6147058823529411
170,1.0246683359146118,0.011543936096131802,8.030235767364502e-05,5.920753002166748,0.17200355231761932,0.5358455882352942,0.19436365365982056,0.6073529411764705
171,1.0178189277648926,0.006215075962245464,5.2735209465026855e-05,6.303466796875,0.1482827216386795,0.5932904411764706,0.19349458813667297,0.6176470588235294
172,0.967769205570221,0.013065483421087265,0.00011615455150604248,6.173296928405762,0.12465827167034149,0.5312499999999998,0.19758979976177216,0.6058823529411761
173,0.9130323529243469,0.008425584062933922,9.900331497192383e-05,6.265008926391602,0.15319569408893585,0.6323529411764706,0.20426833629608154,0.6102941176470589
174,0.9554393887519836,0.006934046745300293,3.126263618469238e-05,6.235223770141602,0.1705220639705658,0.586397058823529,0.21811136603355408,0.616176470588235
175,1.013758659362793,0.006001652218401432,2.1964311599731445e-05,6.04177188873291,0.13614089787006378,0.5818014705882352,0.20634810626506805,0.6044117647058822
176,0.9405665397644043,0.008789229206740856,2.2724270820617676e-05,6.148216724395752,0.1336565762758255,0.5955882352941172,0.23915888369083405,0.6397058823529411
177,0.9665981531143188,0.00960672926157713,6.279349327087402e-05,6.21281623840332,0.12985876202583313,0.6162683823529408,0.21372246742248535,0.616176470588235
178,0.9779483079910278,0.009262342005968094,0.00010067224502563477,6.180480003356934,0.16024598479270935,0.5818014705882352,0.21298158168792725,0.6088235294117644
179,0.8892180919647217,0.009122359566390514,8.690357208251953e-05,6.1844048500061035,0.09072151780128479,0.6208639705882352,0.20306260883808136,0.6264705882352939
180,0.9701708555221558,0.005661657080054283,5.786120891571045e-05,6.1576433181762695,0.11395589262247086,0.625459558823529,0.23513731360435486,0.6117647058823528
181,0.8590480089187622,0.007637985050678253,9.43988561630249e-05,6.109529495239258,0.14875434339046478,0.5909926470588234,0.22141192853450775,0.6132352941176467
182,0.9702509641647339,0.01292021106928587,0.00010757148265838623,6.229624271392822,0.12247008085250854,0.5588235294117644,0.1988069862127304,0.6014705882352939
183,0.8517269492149353,0.006974973250180483,6.742775440216064e-05,6.080831527709961,0.12854242324829102,0.5703124999999998,0.200581893324852,0.6132352941176467
184,1.0969431400299072,0.008465098217129707,-1.405179500579834e-05,6.085809707641602,0.1797391176223755,0.572610294117647,0.19488562643527985,0.6044117647058822
185,0.9316685795783997,0.008670439943671227,1.8522143363952637e-05,6.296354293823242,0.17897014319896698,0.533547794117647,0.2042950987815857,0.6088235294117644
186,1.0393949747085571,0.011148892343044281,5.3748488426208496e-05,6.276962757110596,0.16053208708763123,0.5703124999999998,0.19648206233978271,0.616176470588235
187,0.9579075574874878,0.010236972942948341,-1.920759677886963e-05,6.199048042297363,0.1446983963251114,0.5818014705882352,0.20432323217391968,0.616176470588235
188,0.843643844127655,0.0073997401632368565,0.00013540685176849365,6.187711715698242,0.2017362117767334,0.5450367647058824,0.20344078540802002,0.6073529411764705
189,1.0016028881072998,0.008190544322133064,-3.293156623840332e-06,6.128840446472168,0.22499923408031464,0.5611213235294116,0.20184090733528137,0.6102941176470589
190,1.069732427597046,0.0059690820053219795,5.970895290374756e-05,6.131389617919922,0.09947948902845383,0.5657169117647054,0.21717271208763123,0.6073529411764705
191,1.0628365278244019,0.006656131707131863,6.225705146789551e-05,6.249873161315918,0.14640603959560394,0.6346507352941172,0.2200918346643448,0.616176470588235
192,0.931239128112793,0.01041509211063385,9.144842624664307e-05,6.1673150062561035,0.14081978797912598,0.5588235294117644,0.22784416377544403,0.6205882352941172
193,1.0045936107635498,0.009797503240406513,0.00010803341865539551,6.050166606903076,0.10731738060712814,0.5932904411764706,0.2052243947982788,0.6102941176470589
194,1.0158534049987793,0.00555728655308485,0.00010065734386444092,6.322579383850098,0.14938394725322723,0.5657169117647054,0.20743687450885773,0.6117647058823528
195,0.8311880826950073,0.006476161535829306,0.000144273042678833,6.083380222320557,0.13087087869644165,0.5886948529411762,0.21492068469524384,0.6147058823529411
196,0.9272732138633728,0.005209233146160841,8.875131607055664e-05,6.187380790710449,0.12075148522853851,0.6070772058823526,0.2086656093597412,0.6235294117647056
197,0.9008713364601135,0.007258853875100613,5.461275577545166e-05,6.050630569458008,0.138479083776474,0.5565257352941172,0.21791991591453552,0.6176470588235294
198,1.0477505922317505,0.006391311530023813,0.0001367032527923584,6.082461357116699,0.15165919065475464,0.5955882352941172,0.20588506758213043,0.6073529411764705
199,0.9402345418930054,0.006612405646592379,1.9490718841552734e-05,6.107065677642822,0.15666893124580383,0.6047794117647054,0.21403807401657104,0.6102941176470589
200,0.9695209860801697,0.007336880546063185,0.00023348629474639893,6.1163835525512695,0.12585197389125824,0.5840992647058824,0.19372986257076263,0.6132352941176467
201,0.9575774073600769,0.004776761867105961,8.751451969146729e-05,6.096590042114258,0.171471506357193,0.5703124999999998,0.19788846373558044,0.616176470588235
202,0.9839296936988831,0.007636623457074165,6.881356239318848e-05,6.243510723114014,0.0999288335442543,0.5496323529411762,0.20720018446445465,0.6132352941176467
203,0.9700337648391724,0.004948022775352001,2.6404857635498047e-05,6.253915309906006,0.14003770053386688,0.6001838235294116,0.1970505565404892,0.6235294117647056
204,0.9095762372016907,0.0046049137599766254,5.1274895668029785e-05,6.155499458312988,0.11910891532897949,0.5680147058823526,0.2228468656539917,0.6088235294117644
205,1.1066838502883911,0.004782921634614468,5.796551704406738e-05,6.164974689483643,0.12297287583351135,0.6277573529411762,0.23586370050907135,0.6147058823529411
206,0.9190890789031982,0.006082573439925909,-4.470348358154297e-08,6.049655914306641,0.13437235355377197,0.5565257352941172,0.21634432673454285,0.616176470588235
207,0.981724739074707,0.004534394945949316,4.057586193084717e-05,5.9400634765625,0.1738707423210144,0.5312499999999998,0.23956385254859924,0.6117647058823528
208,0.9302172660827637,0.003927202429622412,0.00014249980449676514,6.117979049682617,0.1743900179862976,0.5703124999999998,0.21758884191513062,0.6205882352941172
209,0.9169244766235352,0.006160024553537369,3.872811794281006e-05,6.346170902252197,0.1395244002342224,0.6208639705882352,0.20726658403873444,0.6147058823529411
210,0.9523810148239136,0.00449349544942379,7.331371307373047e-05,6.124267578125,0.07978485524654388,0.6346507352941172,0.19657716155052185,0.6176470588235294
211,0.9330235123634338,0.004686303902417421,3.246963024139404e-05,6.144238471984863,0.17909705638885498,0.5909926470588234,0.20953378081321716,0.6191176470588233
212,0.8124886751174927,0.0039265351369977,7.529556751251221e-05,6.078873634338379,0.15001685917377472,0.5542279411764706,0.19879427552223206,0.6132352941176467
213,0.9780163168907166,0.004578818567097187,0.00010353326797485352,6.125191688537598,0.1579013615846634,0.5680147058823526,0.1983160525560379,0.6088235294117644
214,1.0527689456939697,0.004702544771134853,0.00014884769916534424,6.166467189788818,0.1079108938574791,0.6024816176470588,0.2265738695859909,0.6176470588235294
215,0.95404052734375,0.007747268304228783,0.00015319883823394775,6.039978504180908,0.1507313996553421,0.5749080882352942,0.22395926713943481,0.6220588235294117
216,1.0433260202407837,0.0061646318063139915,8.809566497802734e-05,6.041834831237793,0.18419992923736572,0.5588235294117644,0.22349508106708527,0.6220588235294117
217,0.8912850022315979,0.004069634713232517,8.01384449005127e-05,6.180578231811523,0.11542218178510666,0.5657169117647054,0.19162005186080933,0.6147058823529411
218,0.9107744097709656,0.0035731703974306583,1.0281801223754883e-05,6.137716293334961,0.1465543806552887,0.586397058823529,0.19906474649906158,0.6147058823529411
219,0.972409725189209,0.005344045348465443,0.00013215839862823486,6.101635456085205,0.18493817746639252,0.5680147058823526,0.19952687621116638,0.6073529411764705
220,1.0726288557052612,0.003806741675361991,5.939602851867676e-05,6.059762477874756,0.12944990396499634,0.579503676470588,0.2246333658695221,0.6205882352941172
221,0.9704450368881226,0.0050921132788062096,2.0131468772888184e-05,6.237884998321533,0.12758010625839233,0.5932904411764706,0.18386755883693695,0.6205882352941172
222,0.8008524179458618,0.003144117770716548,2.3305416107177734e-05,6.098078727722168,0.14432722330093384,0.5680147058823526,0.21501152217388153,0.6264705882352939
223,0.9447453618049622,0.0034466420765966177,0.00010952353477478027,6.147202968597412,0.15987235307693481,0.5886948529411762,0.2050464004278183,0.6073529411764705
224,0.9854012727737427,0.003583204001188278,0.0001255720853805542,6.040234088897705,0.17330461740493774,0.5565257352941172,0.20586887001991272,0.616176470588235
225,0.8825536370277405,0.0033601257018744946,6.92903995513916e-05,6.0225677490234375,0.15168413519859314,0.5358455882352942,0.2092970460653305,0.6176470588235294
226,0.9687345623970032,0.003840324003249407,9.715557098388672e-05,6.061081409454346,0.14908456802368164,0.5909926470588234,0.20728924870491028,0.625
227,0.9346392154693604,0.004553352482616901,5.300343036651611e-05,6.218839168548584,0.1045837327837944,0.5955882352941172,0.1968957930803299,0.6176470588235294
228,0.8344236612319946,0.0035429829731583595,0.00012868642807006836,5.933400630950928,0.15095831453800201,0.579503676470588,0.22002728283405304,0.6147058823529411
229,0.9185665845870972,0.005259853787720203,5.644559860229492e-05,6.167745590209961,0.09377651661634445,0.6070772058823526,0.19269895553588867,0.6235294117647056
230,0.9408097267150879,0.007138167507946491,8.493661880493164e-05,6.091091156005859,0.12705858051776886,0.533547794117647,0.20740491151809692,0.6205882352941172
231,0.9652136564254761,0.006455598399043083,6.687641143798828e-05,6.017536640167236,0.12521879374980927,0.5978860294117644,0.217107355594635,0.6191176470588233
232,0.9360162019729614,0.0034026410430669785,7.200241088867188e-05,6.23210334777832,0.16792286932468414,0.5932904411764706,0.1814945489168167,0.6205882352941172
233,0.8930805921554565,0.006877029314637184,8.027255535125732e-05,6.231080532073975,0.08879049122333527,0.5634191176470588,0.20347483456134796,0.6235294117647056
234,0.940709114074707,0.0031130092684179544,4.698336124420166e-05,6.004132270812988,0.13254795968532562,0.5450367647058824,0.1995002180337906,0.6176470588235294
235,0.9073879718780518,0.00815090723335743,0.00010973215103149414,6.206753253936768,0.14516712725162506,0.572610294117647,0.18778036534786224,0.6088235294117644
236,1.0329017639160156,0.002646090928465128,0.00013874471187591553,6.1717352867126465,0.1657414436340332,0.5289522058823526,0.21444600820541382,0.6176470588235294
237,0.9137836694717407,0.005197486840188503,7.686018943786621e-05,6.142215251922607,0.14672353863716125,0.5932904411764706,0.22182652354240417,0.616176470588235
238,0.9941266775131226,0.0031528903637081385,7.772445678710938e-05,6.203670024871826,0.2198980748653412,0.5955882352941172,0.18832480907440186,0.6176470588235294
239,0.9647274017333984,0.0023934911005198956,-2.8595328330993652e-05,5.998998165130615,0.1346665471792221,0.5657169117647054,0.18671241402626038,0.6235294117647056
240,0.9991248846054077,0.004694347269833088,0.00010935962200164795,6.103846549987793,0.16000548005104065,0.5427389705882352,0.20115749537944794,0.6191176470588233
241,0.9595065116882324,0.002938308287411928,0.00010606646537780762,6.084809303283691,0.1288454234600067,0.6162683823529408,0.18760594725608826,0.6088235294117644
242,1.0476155281066895,0.002715722192078829,1.9863247871398926e-05,6.024722576141357,0.13816651701927185,0.5657169117647054,0.2151598185300827,0.6102941176470589
243,1.0262078046798706,0.002103684935718775,0.0001182258129119873,6.297882556915283,0.10832350701093674,0.5886948529411762,0.19605496525764465,0.6147058823529411
244,0.9952356219291687,0.0032870471477508545,7.107853889465332e-06,6.244688987731934,0.09521085768938065,0.6047794117647054,0.20512445271015167,0.6220588235294117
245,1.0105890035629272,0.004723360296338797,7.27921724319458e-05,6.204704761505127,0.07995963841676712,0.5703124999999998,0.20735149085521698,0.616176470588235
246,1.0095795392990112,0.0024280676152557135,1.3738870620727539e-05,6.129339694976807,0.10320399701595306,0.5932904411764706,0.19222567975521088,0.6147058823529411
247,0.9563683271408081,0.005112058483064175,8.834898471832275e-05,6.3256001472473145,0.14058233797550201,0.6001838235294116,0.2254166305065155,0.6117647058823528
248,0.9690285921096802,0.0014715634752064943,6.046891212463379e-05,6.141493320465088,0.15237872302532196,0.5932904411764706,0.18881192803382874,0.6235294117647056
249,1.0289850234985352,0.002367755863815546,4.933774471282959e-05,6.046543121337891,0.10327265411615372,0.5657169117647054,0.1931774914264679,0.6205882352941172
250,1.0035510063171387,0.002235257998108864,0.00010411441326141357,6.2500224113464355,0.129021555185318,0.5703124999999998,0.20026803016662598,0.6205882352941172
251,0.9054135084152222,0.0024026241153478622,3.616511821746826e-05,6.047696590423584,0.17089496552944183,0.5703124999999998,0.19958189129829407,0.6235294117647056
252,0.8938162326812744,0.0026085968129336834,8.311867713928223e-05,6.000280380249023,0.14724580943584442,0.5565257352941172,0.21028080582618713,0.6176470588235294
253,1.0458312034606934,0.003911422099918127,6.242096424102783e-05,6.2252702713012695,0.1782345473766327,0.5703124999999998,0.22593247890472412,0.6176470588235294
254,1.1009470224380493,0.00276655750349164,6.626546382904053e-05,6.081307411193848,0.14504759013652802,0.5909926470588234,0.21673236787319183,0.6117647058823528
255,0.9046528339385986,0.0026238926220685244,8.58008861541748e-05,6.144665241241455,0.20646052062511444,0.6093749999999998,0.20709049701690674,0.6235294117647056
256,0.9778283834457397,0.0018427844624966383,8.2358717918396e-05,6.1965484619140625,0.1419026404619217,0.6093749999999998,0.19717445969581604,0.6176470588235294
257,1.029200553894043,0.002424260601401329,9.590387344360352e-05,6.174648761749268,0.18958085775375366,0.5657169117647054,0.20781630277633667,0.6220588235294117
258,0.9685840606689453,0.001276474678888917,2.5004148483276367e-05,6.178334712982178,0.18704240024089813,0.6093749999999998,0.20562517642974854,0.6176470588235294
259,0.9804007411003113,0.0019176886416971684,8.535385131835938e-05,6.078435897827148,0.13339611887931824,0.5886948529411762,0.20175974071025848,0.6205882352941172
260,0.9678603410720825,0.0021377583034336567,5.7220458984375e-06,6.106369495391846,0.17328418791294098,0.5909926470588234,0.22127079963684082,0.6205882352941172
261,0.9490335583686829,0.002395296236500144,4.038214683532715e-05,6.171205043792725,0.10982213914394379,0.5978860294117644,0.1970827579498291,0.6176470588235294
262,0.9965437650680542,0.0017864276887848973,9.869039058685303e-05,6.178089141845703,0.13375219702720642,0.5955882352941172,0.22207893431186676,0.6205882352941172
263,0.9644756317138672,0.0027150120586156845,0.00013110041618347168,6.204880237579346,0.1319182962179184,0.5909926470588234,0.21657346189022064,0.6220588235294117
264,0.9436894655227661,0.0019926889799535275,5.523860454559326e-05,6.163843631744385,0.09741582721471786,0.586397058823529,0.23147474229335785,0.6147058823529411
265,0.8098400831222534,0.004216920118778944,2.802908420562744e-05,6.253726005554199,0.15846963226795197,0.5772058823529408,0.19491493701934814,0.6220588235294117
266,0.9841763377189636,0.002574017969891429,0.00010332465171813965,6.291865825653076,0.14850547909736633,0.5680147058823526,0.21771250665187836,0.6088235294117644
267,0.980005145072937,0.0023751473054289818,7.633864879608154e-05,6.139541149139404,0.20013372600078583,0.6001838235294116,0.20827755331993103,0.6176470588235294
268,0.9061426520347595,0.0029760547913610935,0.00011393427848815918,6.093870639801025,0.1589595079421997,0.5197610294117644,0.2024320662021637,0.6191176470588233
269,0.9419072270393372,0.0016305875033140182,5.263090133666992e-05,6.289376735687256,0.12112096697092056,0.611672794117647,0.2053021490573883,0.6205882352941172
270,0.9901531338691711,0.0021991711109876633,5.389750003814697e-05,6.259663105010986,0.12039518356323242,0.6047794117647054,0.22518359124660492,0.6220588235294117
271,0.9107550978660583,0.0014094735961407423,3.400444984436035e-05,6.036485195159912,0.14322923123836517,0.5772058823529408,0.1948145478963852,0.6205882352941172
272,0.8980756998062134,0.0036084051243960857,6.890296936035156e-05,6.155397415161133,0.12280438840389252,0.586397058823529,0.21612514555454254,0.6147058823529411
273,1.0044499635696411,0.004289163742214441,8.569657802581787e-05,6.083938121795654,0.15474344789981842,0.5749080882352942,0.19894297420978546,0.6147058823529411
274,1.008812427520752,0.0024575935676693916,3.3602118492126465e-05,5.980189323425293,0.15715867280960083,0.6093749999999998,0.20106838643550873,0.6235294117647056
275,0.9139798879623413,0.0011954152723774314,7.684528827667236e-05,6.0865983963012695,0.12065045535564423,0.5657169117647054,0.20849815011024475,0.6191176470588233
276,0.9959005117416382,0.002726936712861061,7.82310962677002e-05,6.181613922119141,0.1170399859547615,0.5496323529411762,0.23213398456573486,0.6191176470588233
277,0.9922844767570496,0.001457185368053615,9.635090827941895e-05,6.3285064697265625,0.11935693025588989,0.572610294117647,0.20784889161586761,0.616176470588235
278,0.8856101036071777,0.002883350942283869,8.003413677215576e-05,6.115298748016357,0.16381987929344177,0.579503676470588,0.18198059499263763,0.6176470588235294
279,0.9299188852310181,0.0017964119324460626,6.45667314529419e-05,6.002796173095703,0.14766834676265717,0.5703124999999998,0.22591401636600494,0.616176470588235
280,0.9658983945846558,0.003425722476094961,1.2814998626708984e-06,6.103635787963867,0.13984733819961548,0.5680147058823526,0.21772940456867218,0.616176470588235
281,0.9108911752700806,0.0013337483396753669,8.450448513031006e-05,6.163455486297607,0.12974978983402252,0.5427389705882352,0.20317161083221436,0.6205882352941172
282,1.0512752532958984,0.002907335991039872,1.3738870620727539e-05,6.0602922439575195,0.12571634352207184,0.5358455882352942,0.19914014637470245,0.6176470588235294
283,0.9887344837188721,0.0020649218931794167,5.835294723510742e-05,6.170462608337402,0.13649672269821167,0.5932904411764706,0.2062774896621704,0.6147058823529411
284,1.0582118034362793,0.00169989129062742,4.9620866775512695e-05,6.077300071716309,0.20079591870307922,0.572610294117647,0.19179406762123108,0.6147058823529411
285,0.8933390378952026,0.002466069534420967,6.851553916931152e-05,6.317671298980713,0.13888992369174957,0.6024816176470588,0.21259459853172302,0.6235294117647056
286,1.0275394916534424,0.001371835358440876,9.736418724060059e-05,6.342097759246826,0.10187507420778275,0.6369485294117644,0.1932116448879242,0.616176470588235
287,0.9266000986099243,0.002946027321740985,8.67992639541626e-05,6.175419330596924,0.15763404965400696,0.5542279411764706,0.20470015704631805,0.6117647058823528
288,0.8626169562339783,0.0016503601800650358,7.221102714538574e-05,6.349332809448242,0.18329209089279175,0.5772058823529408,0.21363842487335205,0.6132352941176467
289,0.9213117957115173,0.002883065026253462,2.5078654289245605e-05,6.197629928588867,0.1610010266304016,0.5909926470588234,0.200579434633255,0.6176470588235294
290,0.9835134744644165,0.0021434705704450607,8.122622966766357e-05,6.193697452545166,0.13201937079429626,0.5955882352941172,0.22150550782680511,0.6205882352941172
291,0.9671266674995422,0.0019086678512394428,6.809830665588379e-05,6.180706024169922,0.13729789853096008,0.6093749999999998,0.21533288061618805,0.6176470588235294
292,0.9756339192390442,0.0020034313201904297,7.683038711547852e-05,6.163684844970703,0.14361658692359924,0.6047794117647054,0.20116710662841797,0.6205882352941172
293,1.0040006637573242,0.0021158086601644754,9.936094284057617e-05,6.085193634033203,0.20648275315761566,0.6208639705882352,0.20937542617321014,0.6235294117647056
294,0.9686168432235718,0.002465873956680298,3.814697265625e-05,5.944305896759033,0.17551487684249878,0.5680147058823526,0.19452853500843048,0.6205882352941172
295,0.8894863128662109,0.0017917142249643803,3.3229589462280273e-05,6.1598615646362305,0.12526042759418488,0.6047794117647054,0.1907421052455902,0.6176470588235294
296,0.993226945400238,0.0023322959896177053,3.814697265625e-05,6.301483631134033,0.1030639186501503,0.6162683823529408,0.20380327105522156,0.6191176470588233
297,1.006370186805725,0.001596879679709673,2.562999725341797e-05,5.964526653289795,0.15430669486522675,0.5289522058823526,0.1972573846578598,0.6147058823529411
298,0.9139970541000366,0.003888689912855625,9.573996067047119e-05,6.205124378204346,0.0889144241809845,0.6208639705882352,0.21331585943698883,0.6147058823529411
299,0.9121915698051453,0.0010450563859194517,9.629130363464355e-05,6.1518778800964355,0.138031467795372,0.5703124999999998,0.19156832993030548,0.6205882352941172
300,0.9077751636505127,0.001722058397717774,8.970499038696289e-06,6.146940231323242,0.10119457542896271,0.5542279411764706,0.20591263473033905,0.6147058823529411
301,0.8929694890975952,0.0012937160208821297,5.805492401123047e-05,5.997567176818848,0.13890498876571655,0.540441176470588,0.203616663813591,0.6191176470588233
302,1.126994252204895,0.0030555925332009792,5.111098289489746e-05,6.223229885101318,0.15509021282196045,0.6093749999999998,0.20014426112174988,0.6117647058823528
303,0.9004205465316772,0.0022390498779714108,6.841123104095459e-05,6.1636457443237305,0.11261007189750671,0.5772058823529408,0.1990669220685959,0.6147058823529411
304,1.0931600332260132,0.0019443584606051445,5.622208118438721e-05,6.2212138175964355,0.11578348278999329,0.6024816176470588,0.19021600484848022,0.6235294117647056
305,0.9948420524597168,0.0021294569596648216,3.421306610107422e-05,6.217131614685059,0.11312906444072723,0.5680147058823526,0.19980962574481964,0.6191176470588233
306,0.9504379630088806,0.0012530736858025193,-1.6003847122192383e-05,6.382223129272461,0.13997715711593628,0.5932904411764706,0.21211248636245728,0.6191176470588233
307,0.9515098333358765,0.002446700120344758,5.681812763214111e-05,6.220794200897217,0.17315490543842316,0.5955882352941172,0.21503199636936188,0.6205882352941172
308,0.8805928826332092,0.00229837978258729,6.604194641113281e-05,6.14787483215332,0.13514646887779236,0.6162683823529408,0.20509202778339386,0.6220588235294117
309,0.997591495513916,0.0017156876856461167,3.744661808013916e-05,6.009419918060303,0.18255163729190826,0.579503676470588,0.19988059997558594,0.6191176470588233
310,0.9593061804771423,0.0027081314474344254,5.266070365905762e-05,6.30020809173584,0.09301436692476273,0.5932904411764706,0.20195168256759644,0.616176470588235
311,0.8347142338752747,0.0010949195129796863,6.949901580810547e-05,6.1387434005737305,0.16635717451572418,0.5932904411764706,0.211689755320549,0.6220588235294117
312,0.928024411201477,0.002114806789904833,1.6957521438598633e-05,6.176341533660889,0.1291022151708603,0.6070772058823526,0.19552665948867798,0.6176470588235294
313,0.946039080619812,0.001284597092308104,5.882978439331055e-05,6.176693916320801,0.12779438495635986,0.6231617647058824,0.22199560701847076,0.6220588235294117
314,0.9777653217315674,0.001134208869189024,9.326636791229248e-05,6.143852233886719,0.21298156678676605,0.5588235294117644,0.19837121665477753,0.6220588235294117
315,0.902000904083252,0.0009483871981501579,0.00010026991367340088,6.207704067230225,0.08946627378463745,0.6024816176470588,0.21734213829040527,0.616176470588235
316,0.991431474685669,0.0021846438758075237,7.778406143188477e-06,6.183595180511475,0.12514887750148773,0.6346507352941172,0.20409856736660004,0.6205882352941172
317,1.0494781732559204,0.0009710043668746948,5.1349401473999023e-05,6.177645206451416,0.17204956710338593,0.5978860294117644,0.2048276960849762,0.6191176470588233
318,1.043829321861267,0.0031502721831202507,1.399219036102295e-05,6.0900654792785645,0.2436894327402115,0.5519301470588234,0.19994612038135529,0.6147058823529411
319,0.9573125839233398,0.0010615346254780889,3.363192081451416e-05,6.075933456420898,0.15400812029838562,0.5818014705882352,0.20027831196784973,0.616176470588235
320,0.9195454120635986,0.0009964159689843655,5.8397650718688965e-05,6.140372276306152,0.15520928800106049,0.6070772058823526,0.20538322627544403,0.6102941176470589
321,0.890792727470398,0.002163463272154331,5.8025121688842773e-05,6.15085506439209,0.1407679319381714,0.5909926470588234,0.20960783958435059,0.6220588235294117
322,0.8574336767196655,0.0017069277819246054,6.404519081115723e-05,6.250010967254639,0.1768384426832199,0.579503676470588,0.21941633522510529,0.6220588235294117
323,1.010101318359375,0.0010735238902270794,6.362795829772949e-06,6.152436256408691,0.11809636652469635,0.5840992647058824,0.21392375230789185,0.6205882352941172
324,0.9916452169418335,0.0031135566532611847,3.692507743835449e-05,6.035369396209717,0.17560073733329773,0.5772058823529408,0.21221080422401428,0.6117647058823528
325,0.9687626361846924,0.0010121901286765933,2.2038817405700684e-05,6.114670276641846,0.14525385200977325,0.5565257352941172,0.2190033197402954,0.6147058823529411
326,0.9721416234970093,0.0015620819758623838,8.477270603179932e-05,6.075128078460693,0.19344069063663483,0.540441176470588,0.2104988396167755,0.616176470588235
327,0.9278517961502075,0.0011681525502353907,0.00010822713375091553,6.215495586395264,0.20821821689605713,0.5680147058823526,0.1792176067829132,0.6264705882352939
328,0.9950949549674988,0.0023583995644003153,3.819167613983154e-05,6.088879108428955,0.14245136082172394,0.6553308823529408,0.1903555542230606,0.6176470588235294
329,1.005223035812378,0.0026816516183316708,7.037818431854248e-05,6.273124694824219,0.14519035816192627,0.5909926470588234,0.22132904827594757,0.6176470588235294
330,1.0016908645629883,0.0015211959835141897,7.864832878112793e-05,6.196775436401367,0.13548687100410461,0.6162683823529408,0.20895060896873474,0.6176470588235294
331,0.873458981513977,0.0008553668158128858,4.3720006942749023e-05,5.984154224395752,0.1744420975446701,0.5220588235294116,0.20677493512630463,0.6147058823529411
332,0.9375311136245728,0.0007342270109802485,9.557604789733887e-05,6.104104995727539,0.14696569740772247,0.5886948529411762,0.19688816368579865,0.6191176470588233
333,0.9554464221000671,0.000929199275560677,7.326900959014893e-05,6.0966010093688965,0.13515450060367584,0.586397058823529,0.20578192174434662,0.625
334,0.9418063163757324,0.0010659841354936361,3.950297832489014e-05,6.280681610107422,0.15955692529678345,0.6369485294117644,0.2065187394618988,0.616176470588235
335,0.9039906859397888,0.001832716166973114,4.120171070098877e-05,6.304987907409668,0.14336556196212769,0.572610294117647,0.19452498853206635,0.6176470588235294
336,1.0340070724487305,0.001039969502016902,7.638335227966309e-05,6.228067874908447,0.10143264383077621,0.5657169117647054,0.1888205111026764,0.6205882352941172
337,1.0194120407104492,0.0007266016327776015,6.301701068878174e-05,5.96489143371582,0.19724996387958527,0.5634191176470588,0.20092658698558807,0.6235294117647056
338,0.9928712248802185,0.0016298904083669186,5.0961971282958984e-05,6.012696743011475,0.10652978718280792,0.5611213235294116,0.1816772222518921,0.6102941176470589
339,0.9566730856895447,0.001108599011786282,9.676814079284668e-05,6.104185104370117,0.13003939390182495,0.5932904411764706,0.20944562554359436,0.6176470588235294
340,0.9515858888626099,0.0007669248734600842,6.298720836639404e-05,6.073273181915283,0.17244645953178406,0.5886948529411762,0.18608981370925903,0.6220588235294117
341,0.9482179880142212,0.0010120865190401673,7.508695125579834e-05,6.163971900939941,0.1563267707824707,0.5978860294117644,0.20909807085990906,0.6205882352941172
342,0.9560686349868774,0.0015824843430891633,4.938244819641113e-05,6.235722064971924,0.13461491465568542,0.611672794117647,0.2245595008134842,0.6220588235294117
343,0.9214927554130554,0.0010444300714880228,3.2082200050354004e-05,6.010246753692627,0.1380183845758438,0.5886948529411762,0.1859617531299591,0.6235294117647056
344,0.8720853328704834,0.0006940098246559501,4.127621650695801e-05,6.214078903198242,0.14851440489292145,0.5955882352941172,0.19814532995224,0.6191176470588233
345,0.960115909576416,0.0009304035338573158,2.872943878173828e-05,6.216861248016357,0.15723204612731934,0.572610294117647,0.2221871018409729,0.6279411764705878
346,0.9855684638023376,0.001129564130678773,7.678568363189697e-05,6.139042377471924,0.29489558935165405,0.5611213235294116,0.19691984355449677,0.6205882352941172
347,0.9598777294158936,0.0007056498434394598,4.889070987701416e-05,6.1923699378967285,0.16996079683303833,0.6323529411764706,0.21605801582336426,0.616176470588235
348,0.900638997554779,0.0006197318434715271,7.94529914855957e-05,6.225622177124023,0.15819312632083893,0.5886948529411762,0.19776159524917603,0.6176470588235294
349,0.8171439170837402,0.0013770629884675145,5.3048133850097656e-05,6.0602192878723145,0.1322067230939865,0.5818014705882352,0.17920726537704468,0.6235294117647056
350,0.9823969602584839,0.001343821408227086,4.9173831939697266e-05,6.192242622375488,0.15985193848609924,0.6369485294117644,0.2060079723596573,0.6220588235294117
351,0.9786375761032104,0.0009323869599029422,4.303455352783203e-05,6.0418548583984375,0.12883207201957703,0.572610294117647,0.20013783872127533,0.6205882352941172
352,0.9088015556335449,0.0011060077231377363,5.5730342864990234e-05,6.024168491363525,0.12119198590517044,0.6231617647058824,0.21513836085796356,0.6235294117647056
353,0.9659386873245239,0.0006345139117911458,6.288290023803711e-05,6.102244853973389,0.15046826004981995,0.6208639705882352,0.20917917788028717,0.6176470588235294
354,0.9987013339996338,0.0012033679522573948,1.806020736694336e-05,6.112240314483643,0.12946216762065887,0.5174632352941172,0.2158002257347107,0.6191176470588233
355,0.9443166255950928,0.0010550881270319223,4.92781400680542e-05,6.172117710113525,0.14621396362781525,0.5749080882352942,0.21984608471393585,0.6191176470588233
356,0.8890390396118164,0.0006971926195546985,5.879998207092285e-05,5.99415397644043,0.2315533608198166,0.5519301470588234,0.2444487065076828,0.6205882352941172
357,0.9726096391677856,0.0015746932476758957,4.4018030166625977e-05,6.105214595794678,0.11064239591360092,0.5886948529411762,0.2140243798494339,0.616176470588235
358,0.9389065504074097,0.0009138372261077166,3.8877129554748535e-05,6.094814300537109,0.1186806783080101,0.5818014705882352,0.20476560294628143,0.6176470588235294
359,0.8868993520736694,0.0005237791338004172,4.152953624725342e-05,6.202788829803467,0.16684399545192719,0.5496323529411762,0.20832806825637817,0.6176470588235294
360,0.9523500204086304,0.0005773379234597087,5.2422285079956055e-05,6.249974727630615,0.10883425176143646,0.579503676470588,0.19883108139038086,0.6220588235294117
361,0.9012444615364075,0.0006018263520672917,5.148351192474365e-05,6.115514755249023,0.14011964201927185,0.5703124999999998,0.21628229320049286,0.6205882352941172
362,0.8612589836120605,0.0007679067784920335,9.381771087646484e-05,6.079379558563232,0.11635877192020416,0.6070772058823526,0.18449562788009644,0.6220588235294117
363,0.9960218071937561,0.0006092092371545732,6.154179573059082e-05,6.063163757324219,0.15018099546432495,0.5978860294117644,0.21938538551330566,0.6205882352941172
364,1.0319874286651611,0.001096959924325347,4.1797757148742676e-05,6.233737945556641,0.13343247771263123,0.6139705882352942,0.20622357726097107,0.6147058823529411
365,1.0617696046829224,0.0007010336266830564,4.8786401748657227e-05,6.1327362060546875,0.18142899870872498,0.5840992647058824,0.19830313324928284,0.6176470588235294
366,0.9613385796546936,0.0005097219836898148,6.723403930664062e-05,6.056343078613281,0.14747269451618195,0.611672794117647,0.22015462815761566,0.6235294117647056
367,0.8327324390411377,0.0006246482371352613,6.0498714447021484e-05,6.204903602600098,0.09869150072336197,0.586397058823529,0.20284472405910492,0.616176470588235
368,1.0288958549499512,0.0005256342119537294,6.872415542602539e-05,6.214139461517334,0.14736609160900116,0.6047794117647054,0.2076096385717392,0.6205882352941172
369,1.0058823823928833,0.0007864538347348571,4.684925079345703e-05,6.198466777801514,0.14275701344013214,0.5886948529411762,0.20821277797222137,0.6176470588235294
370,0.9245142936706543,0.0005589376087300479,5.0127506256103516e-05,6.170290946960449,0.07981763035058975,0.6070772058823526,0.1861196756362915,0.6279411764705878
371,0.9760068655014038,0.0011347502004355192,8.425116539001465e-05,6.212911128997803,0.11865931004285812,0.5909926470588234,0.18420056998729706,0.6220588235294117
372,0.9140952825546265,0.0008867683354765177,3.5956501960754395e-05,6.127204895019531,0.14213921129703522,0.6093749999999998,0.19995242357254028,0.6191176470588233
373,0.9104709029197693,0.00035327550722286105,5.0768256187438965e-05,6.290773391723633,0.17109665274620056,0.611672794117647,0.20337919890880585,0.616176470588235
374,1.0081480741500854,0.0006932051037438214,7.349252700805664e-05,6.158247947692871,0.16416753828525543,0.5955882352941172,0.20339122414588928,0.6147058823529411
375,0.9788205623626709,0.0008588031632825732,5.377829074859619e-05,6.161792278289795,0.16536776721477509,0.5588235294117644,0.20896793901920319,0.6191176470588233
376,0.9342440962791443,0.000711510656401515,5.336105823516846e-05,6.136020660400391,0.13552168011665344,0.6093749999999998,0.21530258655548096,0.6176470588235294
377,1.0583899021148682,0.0016132679302245378,4.380941390991211e-05,6.246449947357178,0.1478157639503479,0.6208639705882352,0.2011982500553131,0.6191176470588233
378,0.994960606098175,0.0006911272648721933,8.755922317504883e-05,6.312373638153076,0.14609919488430023,0.5909926470588234,0.19828999042510986,0.6220588235294117
379,1.0012754201889038,0.0006249285652302206,2.0697712898254395e-05,6.114476203918457,0.10615594685077667,0.5909926470588234,0.17187455296516418,0.616176470588235
380,1.0261982679367065,0.0007167264120653272,2.7820467948913574e-05,6.158130645751953,0.0844556912779808,0.5818014705882352,0.16921725869178772,0.6147058823529411
381,0.9466880559921265,0.0004927609697915614,4.4718384742736816e-05,6.251191139221191,0.08932304382324219,0.6484374999999998,0.17594289779663086,0.6205882352941172
382,1.0103247165679932,0.00040349221671931446,5.2288174629211426e-05,6.116713047027588,0.07983666658401489,0.6323529411764706,0.15120664238929749,0.625
383,0.928313136100769,0.0006549489917233586,2.372264862060547e-05,6.218132019042969,0.07050760835409164,0.5955882352941172,0.1579362154006958,0.6191176470588233
384,0.8336315155029297,0.00052607711404562,3.2529234886169434e-05,6.178548336029053,0.142061248421669,0.6162683823529408,0.1451769769191742,0.6132352941176467
385,0.9693005084991455,0.00037520143087022007,6.29425048828125e-05,6.166131973266602,0.07955503463745117,0.6070772058823526,0.14133557677268982,0.6191176470588233
386,0.9802013635635376,0.0004082282539457083,1.1473894119262695e-06,6.209584712982178,0.11009086668491364,0.6139705882352942,0.14196546375751495,0.6220588235294117
387,0.9439740777015686,0.0004062341758981347,4.73707914352417e-05,6.269404888153076,0.08586587756872177,0.6231617647058824,0.1721843034029007,0.625
388,1.0453115701675415,0.0005696848966181278,2.263486385345459e-05,6.1797943115234375,0.09880107641220093,0.618566176470588,0.14747439324855804,0.6176470588235294
389,0.9357573390007019,0.0008906563743948936,6.605684757232666e-05,6.006432056427002,0.11254958808422089,0.5772058823529408,0.14098626375198364,0.6205882352941172
390,0.9751927256584167,0.0006621708744205534,7.413327693939209e-05,6.1646552085876465,0.13632217049598694,0.5932904411764706,0.13337834179401398,0.6205882352941172
391,0.9390222430229187,0.001127515104599297,2.9832124710083008e-05,6.092305660247803,0.12456845492124557,0.5772058823529408,0.14369353652000427,0.6220588235294117
392,0.9300980567932129,0.00036438595270738006,6.3285231590271e-05,6.080281734466553,0.11658365279436111,0.5886948529411762,0.16676847636699677,0.6191176470588233
393,0.9192865490913391,0.0007671728963032365,6.83516263961792e-05,6.175396919250488,0.08048631250858307,0.5358455882352942,0.14623995125293732,0.6235294117647056
394,0.943708598613739,0.000517554406542331,2.9638409614562988e-05,6.148805141448975,0.10670565813779831,0.5680147058823526,0.15786796808242798,0.6205882352941172
395,0.9288637638092041,0.00033411639742553234,4.966557025909424e-05,6.175276279449463,0.13985776901245117,0.5749080882352942,0.16297079622745514,0.6176470588235294
396,0.9323339462280273,0.0004330450319685042,6.964802742004395e-05,6.174070835113525,0.10646924376487732,0.618566176470588,0.1773332804441452,0.6264705882352939
397,0.918142557144165,0.0005046760197728872,5.266070365905762e-05,6.219540119171143,0.1256229132413864,0.5772058823529408,0.15878023207187653,0.6220588235294117
398,0.8630163669586182,0.0006499101873487234,4.112720489501953e-05,6.106948375701904,0.14185385406017303,0.6024816176470588,0.1413881778717041,0.6176470588235294
399,0.9766701459884644,0.0007341173477470875,5.029141902923584e-05,6.191797733306885,0.13313570618629456,0.5840992647058824,0.15252242982387543,0.616176470588235
