,loss_g,loss_d,train_wd,train_ce_d,train_mse,train_acc,test_mse,test_acc
0,0.9541221857070923,5.618005275726318,5.620718002319336e-05,6.019681453704834,0.14628878235816956,0.3818933823529408,0.16631798446178436,0.3058823529411764
1,1.0038255453109741,2.4559333324432373,-0.00026755034923553467,5.942137241363525,0.18437737226486206,0.3037683823529408,0.13810014724731445,0.3411764705882353
2,1.0730206966400146,0.5106143355369568,-0.00034731626510620117,6.055047988891602,0.13221600651741028,0.352022058823529,0.19259631633758545,0.39117647058823535
3,1.0831599235534668,0.19059063494205475,-0.0009001791477203369,6.044719219207764,0.2374536544084549,0.3956801470588234,0.11949922889471054,0.3676470588235292
4,0.9499805569648743,0.19841237366199493,-0.0008308589458465576,6.156655311584473,0.38931015133857727,0.45542279411764697,0.21028949320316315,0.4323529411764704
5,0.9703225493431091,0.19556421041488647,-0.0008338689804077148,6.037352561950684,0.26466190814971924,0.4048713235294116,0.23897339403629303,0.49558823529411766
6,0.9708694815635681,0.1884915679693222,-0.0008465796709060669,5.972445964813232,0.3509240448474884,0.4898897058823526,0.3099730908870697,0.5102941176470588
7,0.9998133182525635,0.2659111022949219,-0.0007320940494537354,5.928560733795166,0.3314094543457031,0.4600183823529408,0.35671523213386536,0.5264705882352938
8,0.9786228537559509,0.16654036939144135,-0.0007015317678451538,5.886513710021973,0.20625673234462738,0.5128676470588234,0.32542890310287476,0.555882352941176
9,0.931219756603241,0.22904153168201447,-0.0006521046161651611,6.013472557067871,0.183816596865654,0.5059742647058824,0.36337053775787354,0.5691176470588233
10,1.0587679147720337,0.2727143168449402,-0.0005835294723510742,5.950493335723877,0.27613261342048645,0.5266544117647054,0.3091925382614136,0.5779411764705877
11,0.9053441286087036,0.6792693138122559,-0.0004881918430328369,6.054032325744629,0.20824353396892548,0.5588235294117644,0.24197326600551605,0.5764705882352938
12,0.9983439445495605,0.9820681810379028,-0.0003257840871810913,5.883293628692627,0.23162823915481567,0.586397058823529,0.24906526505947113,0.5794117647058822
13,0.9257397651672363,0.3293682932853699,-0.00014232099056243896,5.946369647979736,0.16645026206970215,0.5358455882352942,0.2494639903306961,0.5882352941176466
14,0.9477368593215942,0.332304447889328,-0.0003547966480255127,6.03603458404541,0.3168015480041504,0.5978860294117644,0.30917805433273315,0.591176470588235
15,0.9768487215042114,0.20875565707683563,-0.00035434961318969727,6.014933109283447,0.32741478085517883,0.5358455882352942,0.28746238350868225,0.5838235294117644
16,0.9721105098724365,0.26320546865463257,-0.00044427812099456787,5.900246620178223,0.18859075009822845,0.5657169117647054,0.33260706067085266,0.5897058823529411
17,0.9053941369056702,0.22579661011695862,-0.00044038891792297363,5.9580841064453125,0.19412681460380554,0.5955882352941172,0.32229000329971313,0.5852941176470589
18,0.926630973815918,0.29890742897987366,-0.0002579987049102783,5.764728546142578,0.2911866307258606,0.5289522058823526,0.2929699420928955,0.5882352941176466
19,0.927966833114624,0.3211825489997864,-0.0004517883062362671,5.835820198059082,0.21002300083637238,0.547334558823529,0.3007690906524658,0.5867647058823527
20,1.0268456935882568,0.4508388042449951,-0.00047460198402404785,5.8766632080078125,0.25469788908958435,0.5565257352941172,0.27816832065582275,0.5941176470588233
21,1.1429469585418701,0.39060452580451965,-0.0002206563949584961,6.0044941902160645,0.22458527982234955,0.5932904411764706,0.27035579085350037,0.5970588235294116
22,0.9160060286521912,0.43520498275756836,-0.00028033554553985596,5.973555088043213,0.15755455195903778,0.5565257352941172,0.26670771837234497,0.6
23,0.8706880807876587,0.4434916377067566,-0.000322684645652771,5.81756591796875,0.2850644588470459,0.5703124999999998,0.2638469934463501,0.6088235294117644
24,0.9249497652053833,0.5098994970321655,-0.0002646446228027344,5.785668849945068,0.23779262602329254,0.579503676470588,0.26385298371315,0.616176470588235
25,0.9618121981620789,0.44669309258461,-0.0004487335681915283,5.9035797119140625,0.1814109832048416,0.5611213235294116,0.2594042420387268,0.6132352941176467
26,0.9514762163162231,1.153635859489441,-0.0004861801862716675,5.939182281494141,0.20162740349769592,0.5840992647058824,0.2741040289402008,0.6073529411764705
27,0.8685957789421082,1.8433923721313477,-0.0005609393119812012,5.722753524780273,0.21642708778381348,0.5634191176470588,0.26364365220069885,0.6058823529411761
28,0.9492870569229126,1.044849157333374,-0.000642925500869751,6.091518878936768,0.17938493192195892,0.586397058823529,0.26364919543266296,0.5926470588235294
29,1.0485303401947021,0.6509143710136414,-0.0004119873046875,5.887573719024658,0.25454390048980713,0.572610294117647,0.27248427271842957,0.6
30,0.9809267520904541,2.5374755859375,9.238719940185547e-07,5.871037483215332,0.18586409091949463,0.5749080882352942,0.2639962136745453,0.6029411764705878
31,0.9083948731422424,5.34720516204834,0.00024116039276123047,5.929524898529053,0.14313912391662598,0.5840992647058824,0.24053364992141724,0.5985294117647055
32,0.9348984956741333,2.655261993408203,0.0004391521215438843,5.9848527908325195,0.17254365980625153,0.6047794117647054,0.23919104039669037,0.6
33,0.9099858403205872,3.3925118446350098,0.0003944486379623413,5.838448524475098,0.18456526100635529,0.586397058823529,0.24810448288917542,0.5970588235294116
34,0.9053635597229004,2.7348716259002686,0.0008731931447982788,5.787524700164795,0.3374176621437073,0.5289522058823526,0.24685895442962646,0.6029411764705878
35,0.8483259677886963,1.2226871252059937,0.0009957849979400635,5.888822078704834,0.17448295652866364,0.5059742647058824,0.23225519061088562,0.6
36,1.0106499195098877,1.6405212879180908,0.0010409802198410034,5.894322872161865,0.23810704052448273,0.5680147058823526,0.2534843683242798,0.5985294117647055
37,1.0752660036087036,1.2334400415420532,0.0007037073373794556,5.9143571853637695,0.22024400532245636,0.5818014705882352,0.24038560688495636,0.6
38,0.9686450362205505,5.893136501312256,0.00025150179862976074,6.018174648284912,0.15527531504631042,0.5772058823529408,0.2480894923210144,0.6014705882352939
39,0.9525331258773804,0.7914991974830627,0.00037054717540740967,6.028327465057373,0.184350848197937,0.5749080882352942,0.25496146082878113,0.6
40,0.9139292240142822,3.509133815765381,0.0003398805856704712,5.955650806427002,0.1616748422384262,0.579503676470588,0.2420511692762375,0.6029411764705878
41,0.9286180734634399,7.486090183258057,0.00010651350021362305,5.731768608093262,0.14256685972213745,0.5840992647058824,0.24607595801353455,0.5985294117647055
42,1.0384860038757324,8.150440216064453,2.561509609222412e-05,5.946757793426514,0.222651407122612,0.6208639705882352,0.2327466607093811,0.5985294117647055
43,1.0549414157867432,7.413998126983643,0.00015416741371154785,5.923448085784912,0.18984512984752655,0.5427389705882352,0.23594285547733307,0.6029411764705878
44,0.9559536576271057,7.62330436706543,0.00023840367794036865,5.884998798370361,0.12581099569797516,0.5565257352941172,0.24163319170475006,0.5985294117647055
45,0.929375946521759,5.940647602081299,0.000245019793510437,5.8237128257751465,0.19124412536621094,0.6070772058823526,0.24802355468273163,0.6029411764705878
46,0.9430067539215088,4.324728012084961,0.0005386471748352051,5.925288677215576,0.1945367157459259,0.5772058823529408,0.24490930140018463,0.6014705882352939
47,0.9230676293373108,1.0173242092132568,0.0008715987205505371,5.908430576324463,0.21350190043449402,0.5611213235294116,0.24043861031532288,0.6014705882352939
48,0.9078612923622131,1.1826742887496948,0.0010113567113876343,5.862270832061768,0.1583791971206665,0.5542279411764706,0.24366173148155212,0.6014705882352939
49,0.9640514850616455,1.9165574312210083,0.0006738603115081787,6.002963542938232,0.17559650540351868,0.5886948529411762,0.23594285547733307,0.6014705882352939
50,1.0404300689697266,2.423062562942505,0.0006241351366043091,5.867077827453613,0.17560429871082306,0.6047794117647054,0.24163319170475006,0.6014705882352939
51,1.0946975946426392,0.8316720724105835,0.0009192824363708496,5.887831211090088,0.16126257181167603,0.611672794117647,0.24070468544960022,0.6044117647058822
52,1.0676401853561401,0.6332855820655823,0.0012583136558532715,5.697569370269775,0.17647790908813477,0.5542279411764706,0.25561338663101196,0.6014705882352939
53,0.9220148324966431,2.0867888927459717,0.0010130852460861206,5.87481689453125,0.15947267413139343,0.579503676470588,0.25376689434051514,0.6029411764705878
54,1.0101784467697144,1.7242549657821655,0.0010059624910354614,5.868535041809082,0.18950960040092468,0.5749080882352942,0.24802733957767487,0.6044117647058822
55,1.059032678604126,0.8018596172332764,0.0013019591569900513,5.939060211181641,0.23083241283893585,0.5565257352941172,0.24241413176059723,0.6
56,0.936352014541626,1.3491177558898926,0.0011551529169082642,6.075230598449707,0.17010559141635895,0.586397058823529,0.24854600429534912,0.6
57,0.8443194031715393,1.6476353406906128,0.0008076876401901245,5.847666263580322,0.2087010145187378,0.6093749999999998,0.23024947941303253,0.5941176470588233
58,0.9383882880210876,1.3350048065185547,0.0011866241693496704,5.750778675079346,0.2017260193824768,0.5450367647058824,0.23474827408790588,0.5941176470588233
59,0.9243025183677673,1.4109148979187012,0.0011324286460876465,5.86445426940918,0.2061045616865158,0.5955882352941172,0.236088827252388,0.6
60,0.961249589920044,1.5258817672729492,0.001001894474029541,5.919331073760986,0.16122719645500183,0.5818014705882352,0.23474827408790588,0.6014705882352939
61,0.9403690099716187,0.9207242131233215,0.0012500733137130737,5.920572280883789,0.17255054414272308,0.586397058823529,0.22464516758918762,0.6
62,0.9681538343429565,1.2331305742263794,0.0011320263147354126,5.966938495635986,0.1619710475206375,0.611672794117647,0.22659070789813995,0.6044117647058822
63,0.918515682220459,0.9019910097122192,0.0009972155094146729,5.89698600769043,0.1573188304901123,0.5886948529411762,0.24366173148155212,0.5970588235294116
64,1.0639092922210693,0.27775853872299194,0.0011139661073684692,5.892551422119141,0.1747344732284546,0.5634191176470588,0.23564080893993378,0.5882352941176466
65,0.9496729969978333,1.1386733055114746,0.0008251368999481201,5.812831401824951,0.15134069323539734,0.5680147058823526,0.2468310445547104,0.5867647058823527
66,0.9229027032852173,2.467766046524048,0.0006017684936523438,5.853081226348877,0.20533031225204468,0.533547794117647,0.2243245244026184,0.5897058823529411
67,0.9072477221488953,2.833055019378662,0.000673249363899231,5.862432479858398,0.19110152125358582,0.5749080882352942,0.23794345557689667,0.5882352941176466
68,0.9306761026382446,0.8552967309951782,0.0007660388946533203,5.957395553588867,0.14152103662490845,0.6438419117647054,0.24038560688495636,0.5985294117647055
69,1.143813967704773,0.14893709123134613,0.001079469919204712,5.83413028717041,0.1396379917860031,0.5381433823529408,0.25537943840026855,0.5941176470588233
70,0.9585483074188232,0.47771379351615906,0.0006571412086486816,5.981682300567627,0.1728680282831192,0.6001838235294116,0.25246837735176086,0.5985294117647055
71,0.9244418740272522,0.31909215450286865,0.000611528754234314,5.690061569213867,0.21874019503593445,0.5542279411764706,0.2354503571987152,0.5985294117647055
72,1.0534944534301758,0.3501144349575043,0.00079345703125,5.7580413818359375,0.2166815549135208,0.5565257352941172,0.24807655811309814,0.5882352941176466
73,0.9638856649398804,0.5322542786598206,0.0008996576070785522,6.000317096710205,0.16872727870941162,0.5818014705882352,0.2594042420387268,0.5926470588235294
74,0.9693944454193115,0.5034016370773315,0.00048516690731048584,5.9191999435424805,0.23470298945903778,0.6047794117647054,0.23901675641536713,0.5897058823529411
75,0.9536032676696777,0.43192431330680847,0.0005606710910797119,6.065232753753662,0.11855824291706085,0.6277573529411762,0.25689297914505005,0.5867647058823527
76,0.9837704300880432,0.07674951106309891,0.0005646347999572754,5.770671844482422,0.17648738622665405,0.5381433823529408,0.24233321845531464,0.591176470588235
77,0.9568486213684082,0.438818097114563,0.0004945099353790283,5.8482232093811035,0.2117720991373062,0.5886948529411762,0.23344768583774567,0.5882352941176466
78,1.0437616109848022,0.3189208507537842,0.0007732808589935303,5.94631290435791,0.19208665192127228,0.5772058823529408,0.23025251924991608,0.5926470588235294
79,1.0772640705108643,0.12793098390102386,0.0007614642381668091,5.949090480804443,0.16068820655345917,0.5266544117647054,0.24871894717216492,0.5852941176470589
80,0.9704869389533997,0.22655640542507172,0.0006307512521743774,5.804137229919434,0.16921396553516388,0.5772058823529408,0.24482835829257965,0.5882352941176466
81,0.8958379626274109,0.10003545880317688,0.0005066841840744019,5.8533196449279785,0.144097700715065,0.5680147058823526,0.23789045214653015,0.5897058823529411
82,0.9401341676712036,0.07524280250072479,0.0004976093769073486,5.849029064178467,0.19647984206676483,0.5818014705882352,0.24358080327510834,0.5941176470588233
83,0.9529590606689453,0.06475286930799484,0.0006985515356063843,5.8973565101623535,0.162513867020607,0.5243566176470588,0.23927196860313416,0.5955882352941172
84,0.9582624435424805,0.19691497087478638,0.0005325973033905029,5.936371803283691,0.2146037071943283,0.618566176470588,0.20880451798439026,0.5985294117647055
85,1.0048573017120361,0.11942146718502045,0.0005915611982345581,5.788205623626709,0.16876493394374847,0.5496323529411762,0.2098502367734909,0.5970588235294116
86,0.9556900262832642,0.23911583423614502,0.0004207789897918701,5.840733528137207,0.13599252700805664,0.586397058823529,0.2080392837524414,0.6058823529411761
87,1.0031174421310425,0.16196788847446442,0.0006614178419113159,5.799912929534912,0.14866964519023895,0.5588235294117644,0.21892645955085754,0.5970588235294116
88,1.0642776489257812,0.14416314661502838,0.0004862844944000244,5.856266498565674,0.18103459477424622,0.572610294117647,0.21822482347488403,0.6
89,0.9510768055915833,0.04600133001804352,0.0005963146686553955,5.800779819488525,0.17550410330295563,0.5450367647058824,0.22266757488250732,0.6014705882352939
90,0.8643613457679749,0.120761439204216,0.0005881786346435547,5.856516361236572,0.12002144753932953,0.5358455882352942,0.22909057140350342,0.6014705882352939
91,0.9360846281051636,0.3009584844112396,0.0003331899642944336,5.771925926208496,0.1579100787639618,0.5772058823529408,0.22129756212234497,0.6
92,0.9895126819610596,0.03245231509208679,0.0005120038986206055,5.93303108215332,0.11980574578046799,0.572610294117647,0.21822482347488403,0.6014705882352939
93,0.9476895332336426,0.04555530846118927,0.00041541457176208496,5.727308750152588,0.1735016256570816,0.5542279411764706,0.23254935443401337,0.6
94,0.9831819534301758,0.05218711867928505,0.00041562318801879883,6.016810417175293,0.18937654793262482,0.5909926470588234,0.2297290861606598,0.6044117647058822
95,0.9652513265609741,0.04984435439109802,0.0005948394536972046,5.807442665100098,0.13976448774337769,0.572610294117647,0.21697722375392914,0.6
96,1.0213496685028076,0.14472831785678864,7.811188697814941e-05,5.990774631500244,0.1801469773054123,0.5978860294117644,0.277264803647995,0.6014705882352939
97,1.0386748313903809,0.2217891812324524,0.0006763339042663574,5.848903656005859,0.13057765364646912,0.5542279411764706,0.2271108776330948,0.5970588235294116
98,0.9816794395446777,0.06769761443138123,0.00073203444480896,6.0189208984375,0.07685323804616928,0.5955882352941172,0.23150010406970978,0.5882352941176466
99,1.063075065612793,0.1488381177186966,0.0008044838905334473,5.98567008972168,0.11972951143980026,0.5978860294117644,0.2202533483505249,0.6014705882352939
100,0.9145437479019165,0.055116213858127594,0.0005115419626235962,5.890504360198975,0.16794836521148682,0.5542279411764706,0.22709308564662933,0.6
101,0.9523060917854309,0.15594658255577087,0.00045239925384521484,5.982506275177002,0.1470736265182495,0.6024816176470588,0.21248148381710052,0.6044117647058822
102,1.015774130821228,0.3100826144218445,0.0003422349691390991,5.864799499511719,0.23391427099704742,0.5519301470588234,0.21901053190231323,0.6073529411764705
103,0.9223692417144775,0.10988514125347137,3.822147846221924e-05,5.816494941711426,0.13834871351718903,0.5932904411764706,0.2167259305715561,0.5955882352941172
104,1.007999062538147,0.12784656882286072,6.020069122314453e-05,5.943968296051025,0.22987787425518036,0.6162683823529408,0.22490939497947693,0.6044117647058822
105,0.9460865259170532,0.3330579400062561,0.000552251935005188,5.9654107093811035,0.07073243707418442,0.586397058823529,0.2177683264017105,0.6088235294117644
106,0.8790127038955688,0.09518945217132568,0.0008083134889602661,5.974210739135742,0.17025423049926758,0.5611213235294116,0.24080264568328857,0.6088235294117644
107,1.0168824195861816,0.12941206991672516,0.00021329522132873535,5.883362293243408,0.17039550840854645,0.5749080882352942,0.23644176125526428,0.6102941176470589
108,1.0953816175460815,0.1070365458726883,0.00010304152965545654,5.844512462615967,0.14289088547229767,0.5634191176470588,0.23719044029712677,0.6088235294117644
109,1.0724081993103027,0.040090639144182205,9.462237358093262e-05,5.690354824066162,0.16043758392333984,0.5036764705882352,0.24488137662410736,0.6117647058823528
110,0.9689375162124634,0.09160648286342621,5.838274955749512e-05,5.987776279449463,0.19380377233028412,0.6162683823529408,0.24031943082809448,0.6102941176470589
111,1.0200474262237549,0.07093237340450287,0.00013159215450286865,5.81831693649292,0.1760011911392212,0.5634191176470588,0.236088827252388,0.6088235294117644
112,0.9817935228347778,0.13082152605056763,-4.881620407104492e-05,5.855068683624268,0.17015786468982697,0.586397058823529,0.24607595801353455,0.6132352941176467
113,0.9828523397445679,0.04564163088798523,-0.00011448562145233154,6.008467674255371,0.19577600061893463,0.5657169117647054,0.23474827408790588,0.6088235294117644
114,0.9740679860115051,0.05057358741760254,0.00018112361431121826,5.953252792358398,0.15772603452205658,0.586397058823529,0.24607594311237335,0.6102941176470589
115,0.9402879476547241,0.069112628698349,8.821487426757812e-06,5.889209747314453,0.1705947369337082,0.5932904411764706,0.2327476590871811,0.6088235294117644
116,0.9435263872146606,0.08807812631130219,-4.7788023948669434e-05,6.028497219085693,0.1206509992480278,0.5634191176470588,0.2315530925989151,0.6102941176470589
117,1.0727484226226807,0.041597772389650345,0.00011150538921356201,6.046577453613281,0.1864313781261444,0.5496323529411762,0.25051870942115784,0.6117647058823528
118,0.9549968838691711,0.34038853645324707,0.0003088712692260742,5.898221492767334,0.18068228662014008,0.586397058823529,0.2238621562719345,0.6088235294117644
119,0.9432601928710938,0.17669716477394104,0.00036334991455078125,5.839694976806641,0.16285152733325958,0.533547794117647,0.24488137662410736,0.6117647058823528
120,0.9732964038848877,0.05212116613984108,4.544854164123535e-05,6.025572299957275,0.18591172993183136,0.5772058823529408,0.2283049076795578,0.6102941176470589
121,0.9672428369522095,0.2590334713459015,0.00010576844215393066,5.813690662384033,0.1658678948879242,0.5680147058823526,0.23719044029712677,0.6117647058823528
122,0.9840587377548218,0.15124355256557465,0.00012342631816864014,5.786613941192627,0.2061389535665512,0.572610294117647,0.2238621562719345,0.6102941176470589
123,0.9312961101531982,0.04128706082701683,-5.2601099014282227e-05,6.077888011932373,0.10952278971672058,0.5772058823529408,0.2359958440065384,0.6102941176470589
124,0.8695325255393982,0.17898130416870117,5.701184272766113e-05,5.803746700286865,0.16663412749767303,0.5703124999999998,0.2315530925989151,0.6117647058823528
125,1.0300194025039673,0.04244506359100342,6.730854511260986e-05,5.797400951385498,0.19507786631584167,0.547334558823529,0.23150010406970978,0.6117647058823528
126,1.079054832458496,0.028149673715233803,-0.00012576580047607422,5.916999816894531,0.1381879299879074,0.5909926470588234,0.24043861031532288,0.6132352941176467
127,0.8420149087905884,0.45018839836120605,0.0003193169832229614,5.931271553039551,0.18013235926628113,0.5840992647058824,0.2315530925989151,0.6117647058823528
128,0.9567223191261292,0.0423893928527832,0.00020520389080047607,6.040643692016602,0.12058938294649124,0.5886948529411762,0.23158101737499237,0.6102941176470589
129,0.9778620004653931,0.031404636800289154,8.814036846160889e-05,5.877670764923096,0.1517668217420578,0.5634191176470588,0.2283049076795578,0.6132352941176467
130,0.9024449586868286,0.19686143100261688,0.0001087486743927002,5.779218673706055,0.12847431004047394,0.5955882352941172,0.23927196860313416,0.6117647058823528
131,1.1446057558059692,0.10341751575469971,0.0002449452877044678,5.963014125823975,0.10493830591440201,0.5932904411764706,0.24607595801353455,0.6117647058823528
132,0.9622212052345276,0.10355648398399353,0.0001125335693359375,5.888642311096191,0.18254341185092926,0.572610294117647,0.2327476590871811,0.6117647058823528
133,0.8860421776771545,0.055739209055900574,9.250640869140625e-05,5.872919082641602,0.1481950730085373,0.5749080882352942,0.24043861031532288,0.6117647058823528
134,0.9362367391586304,0.025088835507631302,5.8591365814208984e-05,5.816132068634033,0.13211414217948914,0.6070772058823526,0.2359958440065384,0.6132352941176467
135,0.9449665546417236,0.022781753912568092,0.00014421343803405762,5.864645957946777,0.16388919949531555,0.6047794117647054,0.24932414293289185,0.6132352941176467
136,0.9195560812950134,0.028308983892202377,0.0003212243318557739,5.772684097290039,0.18369102478027344,0.5772058823529408,0.24043861031532288,0.6117647058823528
137,0.9244099855422974,0.03799116238951683,0.0003687441349029541,5.923001766204834,0.18786488473415375,0.5932904411764706,0.23719044029712677,0.6132352941176467
138,1.0972697734832764,0.05078117549419403,0.00017915666103363037,5.971932411193848,0.24305157363414764,0.5886948529411762,0.25051870942115784,0.6117647058823528
139,0.919874370098114,0.047702811658382416,0.00010320544242858887,5.875189781188965,0.23555462062358856,0.5565257352941172,0.24607595801353455,0.6117647058823528
140,0.9625529050827026,0.05617741495370865,8.256733417510986e-05,5.836954593658447,0.16001060605049133,0.5932904411764706,0.24607595801353455,0.6117647058823528
141,1.0051418542861938,0.05586029589176178,-3.5002827644348145e-05,5.804079532623291,0.20092082023620605,0.6001838235294116,0.25051870942115784,0.6117647058823528
142,0.9353116154670715,0.02684948593378067,5.131959915161133e-05,5.911534309387207,0.2160664051771164,0.5955882352941172,0.23616977035999298,0.6014705882352939
143,0.9913238286972046,0.04029396176338196,0.000402599573135376,5.790921688079834,0.2179514765739441,0.6047794117647054,0.25051870942115784,0.6014705882352939
144,0.959743320941925,0.03065086528658867,0.00038848817348480225,5.786365509033203,0.17414699494838715,0.5565257352941172,0.25051870942115784,0.6
145,0.9857157468795776,0.0417252779006958,0.0005557537078857422,5.906004905700684,0.1604095846414566,0.5818014705882352,0.25496146082878113,0.6044117647058822
146,0.889515221118927,0.03693198412656784,0.0004540085792541504,5.8019585609436035,0.24982459843158722,0.5680147058823526,0.25376689434051514,0.6014705882352939
147,0.967573344707489,0.0223695058375597,0.0004231780767440796,5.92990779876709,0.13303682208061218,0.5749080882352942,0.24038560688495636,0.6014705882352939
148,1.0909520387649536,0.033473946154117584,0.00047084689140319824,5.882313251495361,0.2344893366098404,0.5588235294117644,0.25051870942115784,0.6014705882352939
149,1.0713422298431396,0.022187042981386185,0.0004827529191970825,5.887873649597168,0.19249741733074188,0.5886948529411762,0.25051870942115784,0.6
150,1.0031249523162842,0.021756384521722794,0.0005049258470535278,5.746017932891846,0.18822479248046875,0.5542279411764706,0.24607595801353455,0.6029411764705878
151,1.0757567882537842,0.029198219999670982,0.000431060791015625,5.860034942626953,0.21649585664272308,0.5519301470588234,0.25051870942115784,0.6
152,0.8998743891716003,0.017693113535642624,0.0002562999725341797,5.761063575744629,0.25029879808425903,0.6047794117647054,0.24163319170475006,0.6014705882352939
153,0.9501136541366577,0.05095849931240082,0.0003605484962463379,5.788539886474609,0.1630239635705948,0.5358455882352942,0.24163319170475006,0.5985294117647055
154,1.0192363262176514,0.03195298835635185,0.00034530460834503174,5.782773017883301,0.19595423340797424,0.5611213235294116,0.23719044029712677,0.5970588235294116
155,0.995597243309021,0.045136306434869766,0.0003771483898162842,5.916841983795166,0.2580220401287079,0.572610294117647,0.25051870942115784,0.6014705882352939
156,0.8545776009559631,0.01999887265264988,0.0003007948398590088,5.937086582183838,0.1793430596590042,0.5565257352941172,0.2537948191165924,0.6014705882352939
157,0.9757975935935974,0.06928163766860962,0.0004359930753707886,6.016242504119873,0.1478089541196823,0.5634191176470588,0.23033343255519867,0.6014705882352939
158,0.992920994758606,0.038336217403411865,0.000283852219581604,5.925112724304199,0.21665768325328827,0.6001838235294116,0.24482837319374084,0.6014705882352939
159,0.9615519046783447,0.03728429600596428,0.0004388093948364258,5.9356842041015625,0.19294029474258423,0.6070772058823526,0.25496146082878113,0.6044117647058822
160,1.0154014825820923,0.06531065702438354,0.00030875205993652344,5.775504112243652,0.19696800410747528,0.579503676470588,0.2594042420387268,0.6029411764705878
161,1.0142968893051147,0.07374333590269089,0.00018483400344848633,5.907140731811523,0.1705634742975235,0.5932904411764706,0.25496113300323486,0.6014705882352939
162,1.041094183921814,0.0777725949883461,0.00021761655807495117,5.933531284332275,0.16969048976898193,0.5909926470588234,0.25051870942115784,0.6014705882352939
163,0.9481024146080017,0.0939459279179573,0.0003434121608734131,5.893375873565674,0.21513044834136963,0.5312499999999998,0.25496146082878113,0.6044117647058822
164,0.9778329730033875,0.055889494717121124,0.0003689080476760864,5.839142322540283,0.22032642364501953,0.5886948529411762,0.2594042420387268,0.6014705882352939
165,0.9604396820068359,0.25622206926345825,0.00017212331295013428,6.129753112792969,0.20064395666122437,0.6231617647058824,0.24607595801353455,0.6
166,1.0266258716583252,0.34847646951675415,0.00013603270053863525,5.825859069824219,0.2612261474132538,0.5703124999999998,0.25496146082878113,0.6014705882352939
167,0.9657806754112244,0.24776232242584229,-0.00015376508235931396,5.78480863571167,0.23170806467533112,0.5818014705882352,0.25915294885635376,0.6
168,1.0002236366271973,0.2459431141614914,5.535781383514404e-05,5.991706371307373,0.22446975111961365,0.6139705882352942,0.27218031883239746,0.6073529411764705
169,0.9949328899383545,0.09690327942371368,-4.4465065002441406e-05,5.9544548988342285,0.21247977018356323,0.5886948529411762,0.25051870942115784,0.6088235294117644
170,0.9660781025886536,0.06120915710926056,0.00010752677917480469,6.011233329772949,0.15071097016334534,0.5818014705882352,0.25376689434051514,0.6132352941176467
171,0.9573046565055847,0.08008359372615814,0.0002563744783401489,5.825043201446533,0.17874370515346527,0.586397058823529,0.2638469934463501,0.6117647058823528
172,0.8482218980789185,0.29432326555252075,0.00025190412998199463,5.891517162322998,0.20815232396125793,0.6093749999999998,0.24927113950252533,0.6117647058823528
173,0.977715253829956,0.05369628965854645,0.0003021657466888428,5.905333042144775,0.17934376001358032,0.5840992647058824,0.2594042420387268,0.6117647058823528
174,0.8942303657531738,0.046812936663627625,0.00042729079723358154,5.812808036804199,0.18571004271507263,0.5358455882352942,0.25496146082878113,0.6102941176470589
175,0.9375174045562744,0.15501509606838226,0.00025975704193115234,5.998366832733154,0.20673146843910217,0.6231617647058824,0.25051870942115784,0.6117647058823528
176,0.9380006790161133,0.05503348261117935,0.00024309754371643066,5.940443515777588,0.14788557589054108,0.5749080882352942,0.24490930140018463,0.6117647058823528
177,1.016980528831482,0.036096930503845215,0.0002313852310180664,5.839922904968262,0.18315137922763824,0.547334558823529,0.25051870942115784,0.6117647058823528
178,1.0264242887496948,0.03986768424510956,0.00039990246295928955,5.853568077087402,0.21283705532550812,0.547334558823529,0.24941711127758026,0.6117647058823528
179,1.044622540473938,0.03173245117068291,0.00042450428009033203,5.970439434051514,0.1821213960647583,0.586397058823529,0.25051870942115784,0.6117647058823528
180,0.9428567886352539,0.025581203401088715,0.00023511052131652832,6.039265155792236,0.21025912463665009,0.6093749999999998,0.24163319170475006,0.6117647058823528
181,0.9397342205047607,0.05039289966225624,0.0002656280994415283,5.763042449951172,0.2194339483976364,0.5680147058823526,0.2526002526283264,0.6117647058823528
182,0.8879320621490479,0.032127685844898224,0.0004082918167114258,5.9781718254089355,0.11864200234413147,0.6162683823529408,0.24935205280780792,0.6088235294117644
183,1.049475908279419,0.028999220579862595,0.0002507120370864868,5.947136402130127,0.1793617159128189,0.611672794117647,0.25496146082878113,0.6132352941176467
184,0.9948481321334839,0.04242702201008797,0.00035712122917175293,5.846407413482666,0.22513121366500854,0.5381433823529408,0.2503204047679901,0.6132352941176467
185,0.8540788292884827,0.033644359558820724,0.0001750737428665161,5.845050811767578,0.18238946795463562,0.5886948529411762,0.25391286611557007,0.6117647058823528
186,0.8730438947677612,0.09837737679481506,0.00015556812286376953,5.680269241333008,0.19178947806358337,0.579503676470588,0.24516062438488007,0.6117647058823528
187,1.001881718635559,0.06939780712127686,0.0002527087926864624,5.951235771179199,0.1396443098783493,0.6277573529411762,0.2594042420387268,0.6117647058823528
188,0.9968231916427612,0.04105871915817261,0.0003295987844467163,5.980699062347412,0.1591755747795105,0.5886948529411762,0.2315530925989151,0.6117647058823528
189,1.0314350128173828,0.08631959557533264,0.0003536492586135864,5.771308898925781,0.18073031306266785,0.5932904411764706,0.25496146082878113,0.6117647058823528
190,1.013792634010315,0.048006728291511536,0.0002995431423187256,5.863163948059082,0.14841097593307495,0.5932904411764706,0.24043861031532288,0.6117647058823528
191,1.0079783201217651,0.10986591130495071,0.0003416985273361206,5.857388019561768,0.21991458535194397,0.5450367647058824,0.2359958440065384,0.6117647058823528
192,1.035673975944519,0.04940111190080643,0.00033360719680786133,5.808042526245117,0.20707270503044128,0.579503676470588,0.2327476590871811,0.6088235294117644
193,0.9202457070350647,0.07208436727523804,0.0001589655876159668,5.928330898284912,0.14456243813037872,0.5955882352941172,0.24927113950252533,0.6117647058823528
194,0.9568710923194885,0.19554702937602997,0.00024040043354034424,5.869362831115723,0.22453923523426056,0.611672794117647,0.24927113950252533,0.6117647058823528
195,0.8799687623977661,0.16902421414852142,0.0001729726791381836,6.012487411499023,0.1552797257900238,0.6369485294117644,0.25051870942115784,0.6117647058823528
196,1.0493611097335815,0.13086245954036713,0.00021989643573760986,5.927433967590332,0.15910160541534424,0.5565257352941172,0.2226954996585846,0.6132352941176467
197,1.0832676887512207,0.3422907888889313,0.0001551210880279541,5.775384426116943,0.13303731381893158,0.5772058823529408,0.25496146082878113,0.6117647058823528
198,0.8978021740913391,0.3892131447792053,0.00023257732391357422,5.775757312774658,0.20764879882335663,0.5703124999999998,0.24927113950252533,0.6117647058823528
199,0.9525706768035889,0.5356764793395996,9.880959987640381e-05,5.868895530700684,0.1874997466802597,0.6093749999999998,0.25051870942115784,0.6117647058823528
200,0.9631267786026001,0.6489936113357544,9.462237358093262e-06,5.737733840942383,0.1882435381412506,0.5496323529411762,0.2582376003265381,0.6117647058823528
201,0.969530463218689,1.333750605583191,-4.664063453674316e-06,5.812167644500732,0.1663956493139267,0.5588235294117644,0.25051870942115784,0.6117647058823528
202,0.9061928987503052,1.9935131072998047,-0.00012987852096557617,5.947529315948486,0.17726436257362366,0.5818014705882352,0.24163319170475006,0.6117647058823528
203,0.975753664970398,0.20445583760738373,-0.00022618472576141357,5.899748802185059,0.22644245624542236,0.5542279411764706,0.24932414293289185,0.6117647058823528
204,1.003706693649292,2.052720785140991,-3.103911876678467e-05,5.835573196411133,0.19645410776138306,0.6001838235294116,0.23719044029712677,0.6102941176470589
205,0.9798389673233032,0.8793330192565918,-0.0007866621017456055,6.015191555023193,0.20301680266857147,0.5978860294117644,0.24163319170475006,0.6117647058823528
206,0.9865999221801758,1.2497590780258179,-0.0007392168045043945,6.090368270874023,0.09708981961011887,0.5909926470588234,0.24947011470794678,0.6117647058823528
207,1.046889305114746,1.2408405542373657,-0.0008691251277923584,5.818776607513428,0.20299121737480164,0.6070772058823526,0.24163319170475006,0.6117647058823528
208,0.9160698652267456,6.880683422088623,-0.000228196382522583,5.917208194732666,0.17635639011859894,0.540441176470588,0.24932412803173065,0.6117647058823528
209,0.9406967163085938,5.850525379180908,-0.00032714009284973145,5.924691200256348,0.14466913044452667,0.6001838235294116,0.25496146082878113,0.6117647058823528
210,1.0415544509887695,0.13829723000526428,-0.0007873773574829102,5.921144008636475,0.15711697936058044,0.5657169117647054,0.24163319170475006,0.6117647058823528
211,1.0379359722137451,1.7915540933609009,-0.0006097406148910522,5.7889909744262695,0.24674315750598907,0.5680147058823526,0.24607595801353455,0.6117647058823528
212,0.9468010663986206,5.931454181671143,-0.0003573000431060791,5.891470909118652,0.16814054548740387,0.5749080882352942,0.24927113950252533,0.6117647058823528
213,0.9141812324523926,3.6385891437530518,-0.0006454437971115112,5.948783874511719,0.20722144842147827,0.5657169117647054,0.2327476590871811,0.6117647058823528
214,0.9501677751541138,0.6494354009628296,-0.0009320974349975586,5.981696605682373,0.17516563832759857,0.579503676470588,0.24932414293289185,0.6117647058823528
215,1.0036342144012451,3.5344760417938232,-0.0005185157060623169,5.996384143829346,0.22850924730300903,0.5749080882352942,0.24607595801353455,0.6117647058823528
216,0.9328417181968689,1.2078660726547241,-0.0006272047758102417,5.844625473022461,0.1642042100429535,0.6484374999999998,0.24607595801353455,0.6117647058823528
217,1.0131689310073853,0.8986212015151978,-0.0006639063358306885,5.951091289520264,0.18867483735084534,0.5634191176470588,0.24371472001075745,0.6117647058823528
218,0.9323593378067017,1.9736967086791992,-0.0005269646644592285,5.834488391876221,0.20143212378025055,0.5749080882352942,0.24043861031532288,0.6117647058823528
219,0.970565915107727,1.0587821006774902,-0.0006667971611022949,5.906717300415039,0.18348091840744019,0.5978860294117644,0.25496146082878113,0.6117647058823528
220,1.0202295780181885,1.9123690128326416,-0.0004716217517852783,5.9093523025512695,0.18976540863513947,0.586397058823529,0.2594042420387268,0.6117647058823528
221,1.0156803131103516,1.8190370798110962,-0.0006359964609146118,5.9566216468811035,0.1283181607723236,0.5519301470588234,0.24482835829257965,0.6117647058823528
222,0.9859334826469421,1.2204123735427856,-0.0006296336650848389,5.830387592315674,0.1848587989807129,0.5955882352941172,0.24932414293289185,0.6117647058823528
223,1.0193142890930176,0.9208013415336609,-0.0009702444076538086,5.847390651702881,0.1484241485595703,0.5634191176470588,0.25496146082878113,0.6117647058823528
224,1.0145816802978516,0.2586870491504669,-0.001440286636352539,5.96219539642334,0.1645255982875824,0.5703124999999998,0.2359958440065384,0.6117647058823528
225,0.915005087852478,3.579887866973877,-0.00044342875480651855,5.808946132659912,0.1601739078760147,0.5496323529411762,0.25051870942115784,0.6117647058823528
226,0.9604201912879944,5.954798221588135,-0.00029824674129486084,5.774662971496582,0.2499643862247467,0.5978860294117644,0.24043861031532288,0.6117647058823528
227,0.9296755194664001,0.664253830909729,-0.001247406005859375,5.878281116485596,0.23432554304599762,0.6047794117647054,0.25376689434051514,0.6117647058823528
228,0.9273524284362793,1.9822049140930176,-0.0005522072315216064,5.7959675788879395,0.2163834571838379,0.5542279411764706,0.25051870942115784,0.6088235294117644
229,0.9549432992935181,4.338701248168945,-0.0004630088806152344,5.728617191314697,0.24698668718338013,0.6162683823529408,0.2537846565246582,0.6102941176470589
230,0.9357291460037231,1.661562204360962,-0.0005617141723632812,5.872587203979492,0.1857241988182068,0.611672794117647,0.2588650584220886,0.6132352941176467
231,1.0740480422973633,2.061331033706665,-0.00032554566860198975,5.853773593902588,0.18073967099189758,0.5703124999999998,0.25494709610939026,0.6073529411764705
232,0.9558570384979248,1.6001895666122437,-0.0005683004856109619,5.969346523284912,0.16049455106258392,0.5749080882352942,0.25948846340179443,0.616176470588235
233,0.9326307773590088,1.3372278213500977,-0.00048729777336120605,5.806972980499268,0.16823655366897583,0.5450367647058824,0.25835561752319336,0.6117647058823528
234,1.0215659141540527,1.4967997074127197,-0.000564873218536377,5.985235214233398,0.14741432666778564,0.625459558823529,0.24163319170475006,0.6117647058823528
235,0.9492802619934082,1.4393908977508545,-0.0006064176559448242,5.848734378814697,0.14347930252552032,0.5565257352941172,0.24488137662410736,0.6102941176470589
236,0.9686033725738525,0.7802878022193909,-0.000736534595489502,5.9747538566589355,0.1612021028995514,0.5840992647058824,0.25351932644844055,0.6073529411764705
237,0.9847362041473389,0.44975438714027405,-0.0008565783500671387,5.7821807861328125,0.21642234921455383,0.5381433823529408,0.25496309995651245,0.6102941176470589
238,0.9754147529602051,7.067804336547852,-0.00019949674606323242,6.0407562255859375,0.13640062510967255,0.5634191176470588,0.23150214552879333,0.6205882352941172
239,0.9817417860031128,7.981607437133789,-0.00015348196029663086,5.896411418914795,0.19890102744102478,0.5818014705882352,0.22041620314121246,0.625
240,0.9292951226234436,7.687938690185547,-0.00019362568855285645,6.0209174156188965,0.13342596590518951,0.5909926470588234,0.22796043753623962,0.616176470588235
241,1.0294336080551147,6.525880336761475,-0.0002547949552536011,5.746955871582031,0.12511377036571503,0.5450367647058824,0.21928612887859344,0.6029411764705878
242,0.9224215745925903,5.661563396453857,-0.00020347535610198975,5.782109260559082,0.17446906864643097,0.586397058823529,0.24497435986995697,0.625
243,0.994231104850769,2.2576825618743896,-0.00047326087951660156,5.924601078033447,0.14510926604270935,0.5749080882352942,0.24454332888126373,0.6264705882352939
244,0.8578207492828369,1.027889609336853,-0.0005822628736495972,5.903861999511719,0.19600118696689606,0.572610294117647,0.20104949176311493,0.6264705882352939
245,1.018450379371643,0.5565385818481445,-0.000622183084487915,5.945335865020752,0.09267278760671616,0.586397058823529,0.12482373416423798,0.6264705882352939
246,0.9508012533187866,1.0219528675079346,-0.0006505250930786133,5.876103401184082,0.1262577772140503,0.5634191176470588,0.12482373416423798,0.6264705882352939
247,1.0354924201965332,0.539893627166748,-0.0006899535655975342,5.865986347198486,0.1335534006357193,0.579503676470588,0.12475456297397614,0.6264705882352939
248,1.0053752660751343,1.0168306827545166,-0.0006818771362304688,5.830785751342773,0.1210336983203888,0.5611213235294116,0.12926648557186127,0.6264705882352939
249,0.9201291799545288,0.6427150964736938,-0.0006180107593536377,5.809322357177734,0.09417502582073212,0.5680147058823526,0.11149545013904572,0.625
250,1.0707850456237793,1.525830626487732,-0.0006954967975616455,5.929111003875732,0.13790743052959442,0.6047794117647054,0.12926648557186127,0.6264705882352939
251,0.9823514223098755,0.9807885885238647,-0.0006180852651596069,5.904908657073975,0.14858777821063995,0.586397058823529,0.12482373416423798,0.6279411764705878
252,0.9169942736625671,0.8877488374710083,-0.0007305443286895752,5.963353633880615,0.1502290517091751,0.586397058823529,0.09567201137542725,0.6264705882352939
253,0.9840123653411865,1.9789302349090576,-0.0005638301372528076,6.006869792938232,0.09822677820920944,0.5886948529411762,0.12926648557186127,0.625
254,0.9452345967292786,2.0521585941314697,-0.0005631297826766968,5.824304580688477,0.11920084059238434,0.5565257352941172,0.12482373416423798,0.6279411764705878
255,1.0098531246185303,2.236053466796875,-0.0006315559148788452,5.842803001403809,0.1726321578025818,0.5588235294117644,0.11344306170940399,0.6279411764705878
256,1.0561809539794922,2.0439116954803467,-0.00043751299381256104,6.006407737731934,0.15742728114128113,0.6001838235294116,0.12482373416423798,0.6264705882352939
257,0.9389658570289612,1.3413304090499878,-0.0003749579191207886,5.795415878295898,0.13375288248062134,0.611672794117647,0.12633025646209717,0.625
258,1.0243797302246094,1.27498197555542,-0.0004966557025909424,5.846193313598633,0.15309341251850128,0.5611213235294116,0.13159547746181488,0.6264705882352939
259,1.0587005615234375,1.1720058917999268,-0.0005527138710021973,5.789107799530029,0.191044881939888,0.5565257352941172,0.1628103256225586,0.625
260,1.023759365081787,0.383691668510437,-0.0005623996257781982,5.767816543579102,0.16257451474666595,0.5680147058823526,0.15267720818519592,0.6264705882352939
261,0.9103307723999023,0.3808438777923584,-0.0005581378936767578,5.914481163024902,0.12283780425786972,0.5634191176470588,0.15392479300498962,0.6264705882352939
262,1.0570638179779053,0.3978225588798523,-0.0005397796630859375,5.860912799835205,0.1654280424118042,0.5611213235294116,0.1571199744939804,0.6264705882352939
263,0.9930210709571838,0.5129983425140381,-0.0004602670669555664,5.80839204788208,0.18239542841911316,0.572610294117647,0.1571199744939804,0.6264705882352939
264,1.0063567161560059,0.37638410925865173,-0.00040331482887268066,5.820969581604004,0.19805273413658142,0.5978860294117644,0.15142962336540222,0.6264705882352939
265,1.0054924488067627,0.35877159237861633,-0.000284045934677124,5.913135051727295,0.13513922691345215,0.6047794117647054,0.1628103256225586,0.6264705882352939
266,0.9862260222434998,0.2135859876871109,-0.0005882084369659424,5.835935592651367,0.13657283782958984,0.5266544117647054,0.1628103256225586,0.625
267,0.9630563855171204,0.450296550989151,-0.00046756863594055176,5.9506611824035645,0.18080690503120422,0.6369485294117644,0.15900284051895142,0.625
268,1.1007081270217896,0.3295865058898926,-0.0005673468112945557,6.014523506164551,0.23938973248004913,0.5932904411764706,0.23868383467197418,0.6264705882352939
269,1.001096248626709,0.44161558151245117,-0.0006219148635864258,5.884470462799072,0.15152572095394135,0.5611213235294116,0.2568841874599457,0.6264705882352939
270,0.8977853059768677,0.3592473864555359,-0.0005587935447692871,5.812091827392578,0.22553880512714386,0.5450367647058824,0.24869869649410248,0.625
271,0.978373110294342,0.06597845256328583,0.00012025237083435059,5.876850605010986,0.21133454144001007,0.5197610294117644,0.255636602640152,0.6264705882352939
272,1.028706669807434,0.05786026641726494,0.00014135241508483887,5.937832355499268,0.22368371486663818,0.5932904411764706,0.2443089336156845,0.6264705882352939
273,0.8799223899841309,0.08753722906112671,0.0001538097858428955,5.8069281578063965,0.20449833571910858,0.5772058823529408,0.24994629621505737,0.6264705882352939
274,0.9880456328392029,3.1231632232666016,-0.00017729401588439941,5.968051910400391,0.2583070397377014,0.5772058823529408,0.2511938512325287,0.6264705882352939
275,1.0223532915115356,0.2813720703125,-0.00040274858474731445,5.939939975738525,0.1910635530948639,0.5749080882352942,0.26576972007751465,0.6264705882352939
276,0.9876105785369873,0.2813630998134613,-0.0003548562526702881,5.857176303863525,0.19076892733573914,0.6070772058823526,0.24558444321155548,0.6264705882352939
277,1.0124852657318115,0.6788972020149231,-0.00041109323501586914,5.830066680908203,0.2326459139585495,0.540441176470588,0.26132696866989136,0.6264705882352939
278,0.8675971031188965,0.9489755630493164,-0.0009982436895370483,5.860060214996338,0.18960604071617126,0.5749080882352942,0.2499992847442627,0.6264705882352939
279,0.9722364544868469,0.6005134582519531,-0.001019209623336792,5.8763298988342285,0.2239883840084076,0.5932904411764706,0.25571754574775696,0.625
280,0.918289303779602,2.096869945526123,-0.0006514191627502441,5.860151767730713,0.1624930053949356,0.5634191176470588,0.255636602640152,0.6264705882352939
281,0.9517421722412109,0.4143702983856201,-0.0008658170700073242,5.684455871582031,0.24924501776695251,0.5611213235294116,0.2511938512325287,0.625
282,1.038439154624939,0.9363342523574829,-0.0005204677581787109,5.918509006500244,0.24834327399730682,0.579503676470588,0.2511938512325287,0.6264705882352939
283,0.9817514419555664,1.6166564226150513,-0.0005688667297363281,5.963974475860596,0.19795244932174683,0.6024816176470588,0.2556386888027191,0.6264705882352939
284,1.070063591003418,0.6208885312080383,-0.0005763769149780273,5.844554424285889,0.14476920664310455,0.5932904411764706,0.2511938512325287,0.6264705882352939
285,0.9150635004043579,0.6059281229972839,-0.0004056096076965332,5.931028842926025,0.21698270738124847,0.611672794117647,0.26576972007751465,0.625
286,0.9429672956466675,1.1262027025222778,-0.00047104060649871826,5.899150848388672,0.13086533546447754,0.5657169117647054,0.26576972007751465,0.625
287,1.0876532793045044,0.7242567539215088,-0.0002716332674026489,5.854936122894287,0.15712833404541016,0.657628676470588,0.26576972007751465,0.6264705882352939
288,0.9721457958221436,1.2194581031799316,-0.0002701878547668457,5.684004783630371,0.2129794806241989,0.5818014705882352,0.24716907739639282,0.6264705882352939
289,0.946767270565033,1.4049912691116333,-0.0005043745040893555,5.818246364593506,0.1817334145307541,0.5840992647058824,0.2467510998249054,0.6235294117647056
290,0.8987261056900024,1.23691725730896,-0.0003208667039871216,5.930660724639893,0.2024950087070465,0.5772058823529408,0.25002720952033997,0.6264705882352939
291,1.0319576263427734,0.8987183570861816,-0.00031094253063201904,5.828729629516602,0.2172199785709381,0.5634191176470588,0.24426209926605225,0.6220588235294117
292,0.9744257926940918,0.5096555352210999,-0.0003793686628341675,5.995916366577148,0.18961729109287262,0.5886948529411762,0.23786556720733643,0.6279411764705878
293,0.9216901063919067,0.41446298360824585,-0.00020399689674377441,5.919475555419922,0.20315328240394592,0.618566176470588,0.2557825744152069,0.625
294,0.8231116533279419,0.33881333470344543,-0.00040581822395324707,5.920588493347168,0.20812810957431793,0.6070772058823526,0.255636602640152,0.6264705882352939
295,1.1118192672729492,8.043511390686035,-6.258487701416016e-07,5.769212245941162,0.20041146874427795,0.5955882352941172,0.255636602640152,0.6264705882352939
296,0.9619503021240234,9.003104209899902,-2.4050474166870117e-05,5.745422840118408,0.2339750975370407,0.5358455882352942,0.26576972007751465,0.6264705882352939
297,1.0062565803527832,9.590239524841309,-3.793835639953613e-05,6.063299655914307,0.19011251628398895,0.6277573529411762,0.24994629621505737,0.6264705882352939
298,1.0288293361663818,9.462258338928223,-1.843273639678955e-05,5.871211528778076,0.15878045558929443,0.572610294117647,0.25127479434013367,0.6264705882352939
299,0.8781418800354004,9.380838394165039,-1.9431114196777344e-05,5.834189414978027,0.1910424530506134,0.5703124999999998,0.255636602640152,0.6264705882352939
300,0.9962177276611328,9.423367500305176,-3.744661808013916e-05,5.760795593261719,0.20533712208271027,0.5427389705882352,0.26016029715538025,0.6235294117647056
301,0.9439685940742493,9.64220905303955,2.7418136596679688e-06,5.807346343994141,0.2417679876089096,0.6001838235294116,0.26132696866989136,0.616176470588235
302,1.0018583536148071,8.763103485107422,-3.8623809814453125e-05,5.821747779846191,0.09789344668388367,0.5657169117647054,0.2511938512325287,0.616176470588235
303,0.9760345816612244,8.970231056213379,-0.00010700523853302002,5.830094814300537,0.16923534870147705,0.5772058823529408,0.26132696866989136,0.616176470588235
304,0.9205764532089233,9.03930950164795,-0.00011645257472991943,5.787084579467773,0.25328904390335083,0.6047794117647054,0.26132696866989136,0.6176470588235294
305,1.0424422025680542,8.250652313232422,-9.015202522277832e-05,5.727143287658691,0.23168180882930756,0.540441176470588,0.260132372379303,0.616176470588235
306,0.9384638071060181,7.967299461364746,-6.121397018432617e-05,5.819820880889893,0.21595489978790283,0.5749080882352942,0.26576972007751465,0.6176470588235294
307,0.9556944966316223,5.132357597351074,-0.0004642903804779053,5.818172931671143,0.1650027632713318,0.5358455882352942,0.2479986697435379,0.616176470588235
308,0.9705967903137207,0.1981605440378189,-0.0010269582271575928,6.210062026977539,0.17348931729793549,0.572610294117647,0.2614729404449463,0.616176470588235
309,0.9261845350265503,2.033428430557251,-0.0005728602409362793,5.791919708251953,0.24265636503696442,0.5886948529411762,0.2511938512325287,0.616176470588235
310,0.9075596332550049,2.4990313053131104,-0.00041413307189941406,5.90297794342041,0.198410302400589,0.611672794117647,0.2511938512325287,0.616176470588235
311,0.9395918846130371,1.707995891571045,-0.00042706727981567383,5.952938556671143,0.11766156554222107,0.5886948529411762,0.254442036151886,0.616176470588235
312,1.0671212673187256,1.2521573305130005,-0.000566437840461731,5.825381755828857,0.24811574816703796,0.5519301470588234,0.26007938385009766,0.616176470588235
313,0.9664521217346191,0.3115083873271942,-0.0010203123092651367,5.93381404876709,0.22912205755710602,0.5542279411764706,0.26132696866989136,0.616176470588235
314,0.9407830238342285,0.19185417890548706,-0.001033395528793335,6.019207954406738,0.17685715854167938,0.6070772058823526,0.26132696866989136,0.616176470588235
315,1.0190438032150269,0.6275221109390259,-0.0007193535566329956,5.922081470489502,0.21705278754234314,0.5542279411764706,0.24994626641273499,0.616176470588235
316,0.944782555103302,1.028132438659668,-0.0006622672080993652,5.924331188201904,0.17599831521511078,0.5818014705882352,0.25571754574775696,0.6147058823529411
317,0.964747965335846,2.198324203491211,-0.0009476691484451294,5.995834827423096,0.21174457669258118,0.5772058823529408,0.26132696866989136,0.616176470588235
318,0.9960381388664246,1.4716887474060059,-0.00020398199558258057,5.9234185218811035,0.18663351237773895,0.5749080882352942,0.26576972007751465,0.616176470588235
319,0.976468026638031,8.507930755615234,-7.227063179016113e-05,5.6590070724487305,0.22501122951507568,0.6070772058823526,0.26576972007751465,0.616176470588235
320,0.9540420770645142,8.326370239257812,-4.999339580535889e-05,5.931144714355469,0.17918725311756134,0.5450367647058824,0.26576972007751465,0.616176470588235
321,0.8886033296585083,6.855860710144043,-1.1488795280456543e-05,5.7414937019348145,0.27655401825904846,0.5611213235294116,0.26576972007751465,0.616176470588235
322,0.8573311567306519,3.9050045013427734,0.00011970102787017822,5.886777877807617,0.16379179060459137,0.5818014705882352,0.26132696866989136,0.616176470588235
323,1.0696661472320557,1.8464218378067017,0.00020019710063934326,5.858241081237793,0.20164726674556732,0.5657169117647054,0.26132696866989136,0.616176470588235
324,0.9750743508338928,3.055490255355835,0.0001748204231262207,5.959069728851318,0.15138143301010132,0.572610294117647,0.26007938385009766,0.616176470588235
325,1.028048038482666,3.8097801208496094,0.00013945996761322021,5.966611862182617,0.23017530143260956,0.5703124999999998,0.26132696866989136,0.616176470588235
326,0.9872797727584839,3.326995849609375,0.00033946335315704346,5.925970554351807,0.19140289723873138,0.5840992647058824,0.26132696866989136,0.616176470588235
327,0.9521642923355103,2.951524257659912,0.0002229064702987671,5.863702297210693,0.23619897663593292,0.579503676470588,0.26016029715538025,0.616176470588235
328,0.9176544547080994,2.8144307136535645,0.0002974867820739746,5.914605617523193,0.21130621433258057,0.5840992647058824,0.26007938385009766,0.616176470588235
329,0.8865728974342346,2.6811633110046387,0.00026404857635498047,5.827542781829834,0.19364947080612183,0.533547794117647,0.26576972007751465,0.616176470588235
330,0.9715566039085388,0.6777933835983276,0.0006150901317596436,5.896666526794434,0.19614511728286743,0.6024816176470588,0.2524414360523224,0.616176470588235
331,0.9042967557907104,2.754241466522217,0.00024121999740600586,5.902231693267822,0.20222322642803192,0.5680147058823526,0.25438904762268066,0.6176470588235294
332,0.9169424772262573,3.434627056121826,0.00013603270053863525,5.8031487464904785,0.20537032186985016,0.5611213235294116,0.26132696866989136,0.616176470588235
333,1.011500358581543,1.3287773132324219,0.0002511143684387207,5.8894195556640625,0.22159205377101898,0.5749080882352942,0.26576972007751465,0.616176470588235
334,0.9842493534088135,0.4840618371963501,0.0003746598958969116,5.934467792510986,0.17502079904079437,0.5657169117647054,0.255636602640152,0.616176470588235
335,1.0246689319610596,3.2596235275268555,0.000324249267578125,5.894675254821777,0.15334828197956085,0.586397058823529,0.26132696866989136,0.616176470588235
336,0.9400947093963623,2.8614563941955566,5.720555782318115e-05,5.972248077392578,0.1655709147453308,0.6093749999999998,0.26576972007751465,0.616176470588235
337,1.0355302095413208,2.4371135234832764,9.398162364959717e-05,5.990178108215332,0.2507951259613037,0.5519301470588234,0.26007938385009766,0.616176470588235
338,0.9263739585876465,2.8080437183380127,0.00011818110942840576,5.9943060874938965,0.21844182908535004,0.5909926470588234,0.2503642439842224,0.6147058823529411
339,0.9184513688087463,2.4131476879119873,0.00028589367866516113,5.747928619384766,0.13603858649730682,0.5818014705882352,0.26132696866989136,0.616176470588235
340,0.9842130541801453,2.938157558441162,0.00016111135482788086,5.788654327392578,0.22295767068862915,0.5749080882352942,0.26132696866989136,0.616176470588235
341,0.9533385634422302,1.6139222383499146,5.53131103515625e-05,5.878270626068115,0.20408949255943298,0.5886948529411762,0.2661876976490021,0.616176470588235
342,0.9598718285560608,1.8034279346466064,0.00024887919425964355,5.8667168617248535,0.20023715496063232,0.5978860294117644,0.26576972007751465,0.6132352941176467
343,0.9903236031532288,0.5096065998077393,0.00048476457595825195,5.797224521636963,0.1761406809091568,0.540441176470588,0.2524414360523224,0.6058823529411761
344,0.9609909653663635,1.0502846240997314,0.0002374202013015747,5.893681526184082,0.2359638512134552,0.5840992647058824,0.26132696866989136,0.6044117647058822
345,1.0051686763763428,0.8596994876861572,0.0002658665180206299,5.887427806854248,0.17538981139659882,0.5427389705882352,0.255636602640152,0.6058823529411761
346,0.8701063394546509,1.2463642358779907,0.0005014985799789429,5.933090686798096,0.26288318634033203,0.5955882352941172,0.26132696866989136,0.6058823529411761
347,0.9143779873847961,0.36629021167755127,0.0005486607551574707,5.822389602661133,0.22282683849334717,0.5772058823529408,0.26132696866989136,0.6058823529411761
348,0.9768421649932861,0.5777714848518372,0.00026316940784454346,5.927210330963135,0.17561739683151245,0.6070772058823526,0.2656516134738922,0.6058823529411761
349,0.9562467336654663,0.8014933466911316,0.00013299286365509033,5.864084243774414,0.18690964579582214,0.5818014705882352,0.255636602640152,0.6058823529411761
350,1.1355316638946533,1.0609545707702637,0.0004176497459411621,5.752684593200684,0.2387717366218567,0.5128676470588234,0.26576972007751465,0.6058823529411761
351,0.969366192817688,0.23509347438812256,0.0008477866649627686,5.9914093017578125,0.181534081697464,0.5909926470588234,0.2560546100139618,0.6058823529411761
352,0.9843826293945312,0.7672576308250427,0.0007917433977127075,5.862528324127197,0.16129924356937408,0.5174632352941172,0.2617449164390564,0.6058823529411761
353,0.9214696288108826,0.2676495313644409,0.0008454173803329468,5.916767120361328,0.21090012788772583,0.5932904411764706,0.26576972007751465,0.6058823529411761
354,1.0168788433074951,3.3179244995117188,0.00012026727199554443,5.893922805786133,0.17956487834453583,0.6024816176470588,0.26576972007751465,0.6058823529411761
355,0.9516633749008179,2.5352208614349365,0.0002713501453399658,5.924771785736084,0.20665350556373596,0.6047794117647054,0.2568841874599457,0.6058823529411761
356,0.9378300309181213,1.6497057676315308,0.0004840344190597534,5.921533107757568,0.19642548263072968,0.5818014705882352,0.26576972007751465,0.6058823529411761
357,0.9465750455856323,1.7060799598693848,0.0007037520408630371,5.872719764709473,0.2697727382183075,0.5634191176470588,0.26132696866989136,0.6058823529411761
358,0.9372466802597046,1.1471996307373047,0.00043702125549316406,5.855896472930908,0.14561685919761658,0.618566176470588,0.26576972007751465,0.6058823529411761
359,0.9689018130302429,1.4611732959747314,0.0004932880401611328,5.948050022125244,0.18074539303779602,0.5749080882352942,0.26576972007751465,0.6058823529411761
360,0.8982129693031311,1.6264088153839111,0.0002951323986053467,6.014256954193115,0.18944092094898224,0.5909926470588234,0.2568841874599457,0.6058823529411761
361,0.9811562299728394,0.6609964370727539,0.0006658583879470825,5.875051975250244,0.24576814472675323,0.5542279411764706,0.26007938385009766,0.6058823529411761
362,0.9927236437797546,1.185282826423645,0.0005278438329696655,5.702348709106445,0.16875216364860535,0.5519301470588234,0.26132696866989136,0.6058823529411761
363,0.9366341233253479,1.9894657135009766,0.0005575716495513916,5.706203937530518,0.18891741335391998,0.5266544117647054,0.2661876976490021,0.6058823529411761
364,1.0120095014572144,1.3640302419662476,0.0006944388151168823,5.890386581420898,0.13520635664463043,0.5772058823529408,0.255636602640152,0.6058823529411761
365,0.9392545819282532,1.3041605949401855,0.0005171447992324829,5.867952823638916,0.17715269327163696,0.5978860294117644,0.26576972007751465,0.6058823529411761
366,0.9884538054466248,1.1903114318847656,0.0006190985441207886,5.909587860107422,0.20658263564109802,0.5657169117647054,0.26457515358924866,0.6058823529411761
367,1.0637905597686768,1.2314776182174683,0.0003118962049484253,5.890650749206543,0.1728978455066681,0.540441176470588,0.25232332944869995,0.6058823529411761
368,0.9308940172195435,1.218428373336792,0.0005241930484771729,5.758092880249023,0.17724336683750153,0.5703124999999998,0.26007938385009766,0.6058823529411761
369,0.9771195650100708,0.901800274848938,0.000635981559753418,5.990780353546143,0.2592414319515228,0.5818014705882352,0.24538540840148926,0.6058823529411761
370,0.9810216426849365,0.8251025080680847,0.0006310492753982544,5.837466716766357,0.20652899146080017,0.5955882352941172,0.26576972007751465,0.6044117647058822
371,0.9380162954330444,1.5583877563476562,0.00047872960567474365,5.987769603729248,0.1801750659942627,0.5955882352941172,0.2656516134738922,0.6058823529411761
372,0.9429349899291992,1.5331215858459473,0.00044092535972595215,5.919344425201416,0.2287515252828598,0.5611213235294116,0.26007935404777527,0.6058823529411761
373,0.9253854751586914,1.1408573389053345,0.00047869980335235596,5.974353790283203,0.18584901094436646,0.6093749999999998,0.2599612772464752,0.6058823529411761
374,0.9754103422164917,1.02975332736969,0.0005629062652587891,5.918122291564941,0.22091174125671387,0.586397058823529,0.26120883226394653,0.6058823529411761
375,0.9150022268295288,1.3422433137893677,0.0006200820207595825,5.9278998374938965,0.19937323033809662,0.5955882352941172,0.2656516134738922,0.6058823529411761
376,0.9933878183364868,1.3596633672714233,0.0006051808595657349,5.802021026611328,0.16905677318572998,0.5703124999999998,0.25551852583885193,0.6058823529411761
377,0.9928289651870728,0.8764892816543579,0.0006952881813049316,5.919084072113037,0.16301868855953217,0.6093749999999998,0.2656516134738922,0.6058823529411761
378,0.9874371886253357,0.6797280311584473,0.0006328672170639038,6.016223907470703,0.171164870262146,0.6070772058823526,0.26559019088745117,0.6058823529411761
379,0.91994309425354,0.7399444580078125,0.0006475597620010376,5.907296180725098,0.191339373588562,0.6093749999999998,0.2615087330341339,0.6058823529411761
380,0.9430686831474304,0.9658277630805969,0.0007719546556472778,5.92793083190918,0.1391633003950119,0.5266544117647054,0.2545093894004822,0.6058823529411761
381,0.9583302736282349,0.8157219886779785,0.0008112937211990356,5.817481994628906,0.19929759204387665,0.5565257352941172,0.252071738243103,0.6058823529411761
382,1.0176900625228882,0.5336825847625732,0.0008730590343475342,5.747100830078125,0.200178861618042,0.5289522058823526,0.23894591629505157,0.6058823529411761
383,0.8479158282279968,0.7195243239402771,0.00043664872646331787,5.873777389526367,0.12781064212322235,0.5772058823529408,0.14571566879749298,0.6058823529411761
384,0.9420216679573059,0.8456506729125977,0.00048545002937316895,5.9773945808410645,0.1047200933098793,0.5680147058823526,0.16198071837425232,0.6058823529411761
385,0.9729222059249878,0.5695741772651672,0.0007668137550354004,5.8502197265625,0.13954271376132965,0.5059742647058824,0.1615627408027649,0.6058823529411761
386,0.9978253841400146,0.44613319635391235,0.0007709413766860962,5.842424392700195,0.14341264963150024,0.547334558823529,0.15629038214683533,0.6058823529411761
387,0.9144725799560547,0.910330057144165,0.0007382333278656006,5.847553253173828,0.15911376476287842,0.586397058823529,0.1501820683479309,0.6058823529411761
388,0.9715564846992493,0.5804328918457031,0.0007644742727279663,5.963731288909912,0.13889725506305695,0.572610294117647,0.16198071837425232,0.6058823529411761
389,0.8881579637527466,1.0260225534439087,0.0007108896970748901,5.978152275085449,0.1373825967311859,0.5840992647058824,0.15184761583805084,0.6058823529411761
390,0.9276952743530273,0.9084529876708984,0.0007599294185638428,6.0797953605651855,0.13852433860301971,0.5703124999999998,0.1501820683479309,0.6058823529411761
391,0.9769134521484375,0.9906636476516724,0.0007686913013458252,5.821202754974365,0.14092625677585602,0.5840992647058824,0.15184763073921204,0.6058823529411761
392,0.8223897218704224,0.46635133028030396,0.0008243918418884277,5.802741527557373,0.10943949222564697,0.5749080882352942,0.15184761583805084,0.6058823529411761
393,0.9693549871444702,0.5889828205108643,0.0008815228939056396,6.052852153778076,0.15098118782043457,0.6162683823529408,0.16198071837425232,0.6058823529411761
394,1.0029687881469727,0.8206197023391724,0.0006976425647735596,6.075692176818848,0.11518171429634094,0.6599264705882352,0.15629038214683533,0.6058823529411761
395,1.039109468460083,1.1963165998458862,0.0006418973207473755,5.931497573852539,0.14336201548576355,0.5772058823529408,0.15629038214683533,0.6058823529411761
396,0.9750096201896667,0.7150990962982178,0.0008856356143951416,5.716737270355225,0.1428787261247635,0.5542279411764706,0.1676710546016693,0.6058823529411761
397,0.8979198932647705,0.9521365761756897,0.0006720572710037231,5.899013996124268,0.19126677513122559,0.5772058823529408,0.1676710546016693,0.6058823529411761
398,1.1092054843902588,0.8151966333389282,0.0007526874542236328,5.830157279968262,0.1670340895652771,0.5886948529411762,0.1558724045753479,0.6058823529411761
399,0.9593204855918884,0.8310340046882629,0.000714525580406189,5.896300315856934,0.13251537084579468,0.5680147058823526,0.14615727961063385,0.6058823529411761
