,loss_g,loss_d,train_wd,train_ce_d,train_mse,train_acc,test_mse,test_acc
0,0.9272517561912537,4.776242733001709,2.115964889526367e-06,7.537485122680664,0.38544246554374695,0.41796874999999956,0.38662368059158325,0.3302421432251412
1,1.012087106704712,0.4220026731491089,8.046627044677734e-06,7.1763763427734375,0.4232269525527954,0.40624999999999967,0.3611927032470703,0.4008243173621845
2,0.9832555651664734,0.6701917052268982,-0.00032179057598114014,7.481110095977783,0.25778132677078247,0.5078125,0.3293253779411316,0.47501287995878383
3,1.011863112449646,0.2950499653816223,-0.0007772296667098999,7.452399730682373,0.22497230768203735,0.49609374999999956,0.2628003656864166,0.5329726944873775
4,0.9854391813278198,0.21551106870174408,-0.000939786434173584,7.524989604949951,0.2773593068122864,0.6093749999999998,0.21360710263252258,0.6043276661514679
5,0.8444548845291138,0.1789703369140625,-0.0009028613567352295,7.1164231300354,0.2248443365097046,0.6484374999999998,0.20499852299690247,0.6187532199896956
6,1.0228588581085205,0.13268516957759857,-0.0009454339742660522,7.596753120422363,0.10572519153356552,0.6328124999999996,0.20033983886241913,0.6190108191653787
7,0.9687092304229736,0.1852346509695053,-0.000981256365776062,7.461008548736572,0.10657409578561783,0.7148437499999999,0.20293352007865906,0.6391035548686241
8,1.0158706903457642,0.13895052671432495,-0.0010942071676254272,7.18838357925415,0.32328903675079346,0.6562499999999999,0.20472100377082825,0.6411643482740853
9,0.8948059678077698,0.49658524990081787,-0.0008399039506912231,7.329103469848633,0.23378320038318634,0.6484374999999998,0.20043721795082092,0.6424523441524987
10,1.0378878116607666,0.28385257720947266,-0.0010998398065567017,7.237971782684326,0.2522541582584381,0.5585937499999999,0.20362862944602966,0.6228748068006179
11,0.8955297470092773,0.9797080159187317,-0.000822708010673523,7.218973636627197,0.21238015592098236,0.6679687499999998,0.20388083159923553,0.6378155589902113
12,1.0460500717163086,1.7833812236785889,-0.00046327710151672363,7.324105262756348,0.15222766995429993,0.6601562499999997,0.2006763517856598,0.641937145801133
13,1.1111611127853394,0.6129341721534729,-0.000706017017364502,7.149046897888184,0.22371743619441986,0.6328124999999996,0.2016136795282364,0.6373003606388455
14,1.0897250175476074,0.3532136380672455,-0.0007199347019195557,7.378490447998047,0.20247070491313934,0.625,0.2051784098148346,0.6197836166924264
15,1.0690882205963135,0.6862661242485046,-0.0005807429552078247,7.271369457244873,0.34890004992485046,0.6093749999999998,0.2049056440591812,0.6442555383822768
16,1.062992811203003,1.4063001871109009,-0.0006185770034790039,7.22422981262207,0.2951722741127014,0.6718749999999996,0.2017061710357666,0.6658938691396188
17,0.8690959811210632,0.8606154918670654,-0.0004567652940750122,7.3622145652771,0.22996430099010468,0.7148437499999999,0.20008444786071777,0.6707882534775889
18,0.8531876802444458,0.5435194373130798,-0.00041894614696502686,7.605222225189209,0.2749490439891815,0.7265624999999998,0.20073489844799042,0.6707882534775889
19,1.0328562259674072,0.5550552010536194,-0.0005911141633987427,7.234963893890381,0.1470271199941635,0.6562499999999999,0.1998579055070877,0.671303451828954
20,1.0268528461456299,0.47886916995048523,-0.0006469488143920898,7.418850421905518,0.2892588973045349,0.7343749999999999,0.2001258134841919,0.6682122617207625
21,1.10854971408844,0.5454264879226685,-0.0007299482822418213,7.382543563842773,0.20456621050834656,0.6093749999999998,0.2005140632390976,0.6707882534775889
22,1.1009063720703125,0.34498220682144165,-0.0006665885448455811,7.080087184906006,0.16574828326702118,0.625,0.20190604031085968,0.671303451828954
23,1.00801420211792,0.1544734388589859,-0.0005107074975967407,7.432348251342773,0.3348681628704071,0.60546875,0.20113183557987213,0.6692426584234928
24,0.9294521808624268,0.1474313586950302,-0.000678330659866333,7.387697696685791,0.13418176770210266,0.6328124999999996,0.1997280865907669,0.6718186501803192
25,1.0334793329238892,0.1129545122385025,-0.0004777759313583374,7.379427909851074,0.21601316332817078,0.6874999999999998,0.19933436810970306,0.6720762493560017
26,0.9475595951080322,0.050794124603271484,-0.00026494264602661133,7.574267864227295,0.19206680357456207,0.6718749999999996,0.20065076649188995,0.67284904688305
27,0.8729788064956665,0.0682787373661995,-0.00027936697006225586,7.380737781524658,0.31054410338401794,0.6953124999999999,0.20108601450920105,0.6723338485316843
28,0.9938218593597412,0.05124758929014206,-0.00026100873947143555,7.364284992218018,0.2208666205406189,0.7070312499999998,0.19972214102745056,0.67284904688305
29,1.059781551361084,0.06316754966974258,-0.0003452897071838379,7.32373046875,0.22753433883190155,0.7070312499999998,0.20010249316692352,0.6720762493560017
30,0.9093783497810364,0.05629056692123413,-0.00042316317558288574,7.38991117477417,0.3940933346748352,0.6562499999999999,0.19970428943634033,0.6720762493560017
31,0.9611380100250244,0.0531977154314518,-0.0002572983503341675,7.435372829437256,0.2552376389503479,0.6757812499999999,0.1993141770362854,0.67284904688305
32,0.9386134147644043,0.05030660703778267,-0.0005656331777572632,7.211935520172119,0.1760023683309555,0.6914062499999996,0.2020522654056549,0.6720762493560017
33,0.892993152141571,0.0645264983177185,-0.0005927979946136475,7.153463840484619,0.183785080909729,0.68359375,0.20008867979049683,0.6723338485316843
34,0.8653463125228882,0.038974422961473465,-0.0005746930837631226,7.356680870056152,0.24644890427589417,0.6679687499999998,0.20070189237594604,0.6725914477073669
35,0.9759718775749207,0.04723764955997467,-0.0005763471126556396,7.2782883644104,0.201476588845253,0.6757812499999999,0.19969184696674347,0.6720762493560017
36,1.1265548467636108,0.034855715930461884,-0.0006476044654846191,7.238819599151611,0.2686256170272827,0.6601562499999997,0.2006274312734604,0.6731066460587326
37,0.9861754775047302,0.04821277782320976,-0.0003818720579147339,7.207015514373779,0.21096789836883545,0.6328124999999996,0.19927828013896942,0.6738794435857803
38,1.0398175716400146,0.03144371509552002,-0.0005363970994949341,7.247968673706055,0.15648670494556427,0.64453125,0.19963328540325165,0.6733642452344152
39,0.9559502005577087,0.04012223333120346,-0.00027802586555480957,7.650203227996826,0.1852848082780838,0.7187499999999997,0.20060940086841583,0.6733642452344152
40,0.9589380025863647,0.02735666185617447,-0.000545203685760498,7.240917205810547,0.1620965451002121,0.6992187499999997,0.19914379715919495,0.6731066460587326
41,1.0562283992767334,0.035207878798246384,-0.0004761219024658203,7.354319095611572,0.2766551375389099,0.7148437499999999,0.20053458213806152,0.6731066460587326
42,1.1438201665878296,0.031857118010520935,-0.0005320310592651367,7.310873508453369,0.3053722381591797,0.6874999999999998,0.2241346538066864,0.67284904688305
43,1.0256879329681396,0.04228876531124115,-0.0003559291362762451,7.453293800354004,0.7542045712471008,0.6562499999999999,0.3742498457431793,0.6733642452344152
44,0.9794977903366089,0.0288957878947258,-0.0005226582288742065,7.197425842285156,0.43154099583625793,0.6562499999999999,0.37829601764678955,0.6725914477073669
45,1.0350502729415894,0.02637547254562378,-0.0003098398447036743,7.213228225708008,0.4657728374004364,0.68359375,0.3768150806427002,0.67284904688305
46,0.8994492292404175,0.015778250992298126,-0.00033243000507354736,7.240105152130127,0.4005689322948456,0.60546875,0.3772459924221039,0.6733642452344152
47,1.021664023399353,0.023897353559732437,-0.0001948922872543335,7.4336090087890625,0.45969516038894653,0.6874999999999998,0.37726232409477234,0.67284904688305
48,0.8399478793144226,0.02025793492794037,-0.00028523802757263184,7.244881629943848,0.44104236364364624,0.6523437499999996,0.3772433400154114,0.6733642452344152
49,0.9398154616355896,0.01819092407822609,-0.00018855929374694824,7.076225280761719,0.39710813760757446,0.7304687499999996,0.37762102484703064,0.6733642452344152
50,1.0988283157348633,0.023960471153259277,-2.0176172256469727e-05,7.258847236633301,0.3412106931209564,0.6796874999999997,0.3772716224193573,0.6731066460587326
51,0.9777990579605103,0.023537512868642807,-7.295608520507812e-05,7.181437969207764,0.41427919268608093,0.6132812499999996,0.37687960267066956,0.6733642452344152
52,1.0411245822906494,0.01788521185517311,-0.00021088123321533203,7.243712902069092,0.6757703423500061,0.6484374999999998,0.3782411813735962,0.6733642452344152
53,1.0448453426361084,0.014342737384140491,0.00015673041343688965,7.496220111846924,0.3710847795009613,0.6601562499999997,0.3776651620864868,0.6736218444100978
54,0.9736915230751038,0.023282529786229134,9.483098983764648e-05,7.34157657623291,0.4075249433517456,0.6718749999999996,0.37727200984954834,0.6733642452344152
55,1.1188017129898071,0.01495872437953949,0.00016754865646362305,7.437529563903809,0.4420942962169647,0.6289062499999998,0.37819457054138184,0.6733642452344152
56,0.9661111235618591,0.015974748879671097,3.1620264053344727e-05,7.27180814743042,0.3518902659416199,0.6679687499999998,0.37794408202171326,0.67284904688305
57,0.9350050687789917,0.017366595566272736,0.00033733248710632324,7.419968128204346,0.4866913855075836,0.6367187499999999,0.3776657283306122,0.6725914477073669
58,1.1320281028747559,0.013092875480651855,0.0002942681312561035,7.098796844482422,0.5132175087928772,0.6914062499999996,0.37782517075538635,0.67284904688305
59,0.9333899021148682,0.015514552593231201,0.00019299983978271484,7.248117446899414,0.4464372396469116,0.6484374999999998,0.37805792689323425,0.6736218444100978
60,0.9173345565795898,0.017852619290351868,0.0002788156270980835,7.095953464508057,0.3561900854110718,0.6640625,0.3768814504146576,0.6731066460587326
61,1.0536422729492188,0.012206144630908966,0.00036334991455078125,7.157169342041016,0.5019205808639526,0.6367187499999999,0.3772716522216797,0.6733642452344152
62,0.9598398804664612,0.01682579144835472,0.00018574297428131104,7.390225887298584,0.39949941635131836,0.6601562499999997,0.3781973719596863,0.6736218444100978
63,0.9863194227218628,0.012646961025893688,0.00026112794876098633,7.440488338470459,0.35013148188591003,0.6679687499999998,0.37773698568344116,0.6733642452344152
64,1.0001810789108276,0.013087845407426357,0.00040306150913238525,7.311100959777832,0.42299556732177734,0.6601562499999997,0.381837397813797,0.6725914477073669
65,0.9807273745536804,0.015930499881505966,0.0003426074981689453,7.2635650634765625,0.5552398562431335,0.6796874999999997,0.38404157757759094,0.6733642452344152
66,0.8709976077079773,0.010284844785928726,0.0006277263164520264,7.32974910736084,0.3687421381473541,0.6601562499999997,0.3859484791755676,0.6731066460587326
67,0.975165069103241,0.020638803020119667,0.000417366623878479,7.516646862030029,0.4019484221935272,0.68359375,0.3838040232658386,0.67284904688305
68,0.9564545154571533,0.012010715901851654,0.0006514042615890503,7.436934947967529,0.6826189756393433,0.6640625,0.38358432054519653,0.6733642452344152
69,1.090311884880066,0.008694627322256565,0.0004910081624984741,7.207025527954102,0.5080097913742065,0.7070312499999998,0.3865443170070648,0.6736218444100978
70,1.0943572521209717,0.008823007345199585,0.0007396191358566284,7.148783206939697,0.5094658136367798,0.6210937499999997,0.3991960883140564,0.6720762493560017
71,0.812719464302063,0.011933897621929646,0.0006346255540847778,7.215649604797363,0.836105227470398,0.6132812499999996,0.6300560832023621,0.6731066460587326
72,0.9816914796829224,0.009363021701574326,0.00038617849349975586,7.074444770812988,0.6960256695747375,0.6640625,0.5623094439506531,0.6736218444100978
73,1.0898041725158691,0.008858450688421726,0.0004270821809768677,7.369150638580322,0.5445936918258667,0.7109374999999996,0.5613341331481934,0.6725914477073669
74,1.0573979616165161,0.009927237406373024,0.0007042586803436279,7.190173149108887,0.590086817741394,0.6367187499999999,0.5613309741020203,0.6725914477073669
75,1.007566213607788,0.00817670114338398,0.0006457716226577759,7.328985691070557,1.2651609182357788,0.6015624999999997,0.5613314509391785,0.6731066460587326
76,0.947341799736023,0.010822164826095104,0.0009473264217376709,7.591599464416504,0.5077545642852783,0.6679687499999998,0.5613271594047546,0.67284904688305
77,1.0657408237457275,0.010840273462235928,0.0006774663925170898,7.578486442565918,0.7194845676422119,0.6914062499999996,0.5613440275192261,0.6733642452344152
78,0.9552471041679382,0.015856562182307243,0.0006411522626876831,7.370272636413574,0.7337931394577026,0.6367187499999999,0.5613499879837036,0.6733642452344152
79,1.0386459827423096,0.01082470640540123,0.0008222460746765137,7.309525966644287,1.4303491115570068,0.7070312499999998,0.5613452792167664,0.6733642452344152
80,1.0565170049667358,0.01394859328866005,0.0010631531476974487,7.144227981567383,0.4376012980937958,0.6406249999999997,0.5613459944725037,0.6733642452344152
81,0.8810286521911621,0.009228767827153206,0.0009053796529769897,7.309488773345947,0.5495824217796326,0.6757812499999999,0.561346173286438,0.6733642452344152
82,1.0042901039123535,0.009601172059774399,0.0010174214839935303,7.287617206573486,0.3637694716453552,0.6562499999999999,0.5613442659378052,0.6731066460587326
83,1.0650651454925537,0.009713240899145603,0.0009720474481582642,7.717356204986572,0.7545188665390015,0.6953124999999999,0.5613376498222351,0.67284904688305
84,1.0093122720718384,0.015378355979919434,0.000921785831451416,7.379849910736084,0.5524551868438721,0.72265625,0.5613385438919067,0.6736218444100978
85,0.9992949962615967,0.006477502174675465,0.0009542256593704224,7.28269100189209,0.5232001543045044,0.6992187499999997,0.5613346099853516,0.6731066460587326
86,0.9106172919273376,0.007629728876054287,0.0011457055807113647,7.291874408721924,0.5109592080116272,0.6718749999999996,0.5613292455673218,0.6731066460587326
87,1.064577341079712,0.010832774452865124,0.0011749267578125,7.543956279754639,0.8036521673202515,0.6992187499999997,0.561326265335083,0.6733642452344152
88,0.9699962735176086,0.009363383054733276,0.001054525375366211,7.072208881378174,0.6134328246116638,0.6679687499999998,0.5613237619400024,0.6731066460587326
89,0.954523503780365,0.009029597043991089,0.0012279599905014038,7.184969902038574,0.5927172303199768,0.6914062499999996,0.561318576335907,0.6733642452344152
90,0.9785313606262207,0.006411680020391941,0.0011511296033859253,7.176876544952393,0.7568665146827698,0.6523437499999996,0.561310350894928,0.6731066460587326
91,1.0278228521347046,0.009213423356413841,0.0011102408170700073,7.27287483215332,0.5906422734260559,0.6562499999999999,0.5613144636154175,0.6731066460587326
92,1.0308136940002441,0.009284173138439655,0.0012767910957336426,7.377260684967041,1.406615972518921,0.6914062499999996,0.5613051056861877,0.6733642452344152
93,0.9881680011749268,0.008943435736000538,0.0015090256929397583,7.3016133308410645,0.7377896308898926,0.7148437499999999,0.5612978339195251,0.6733642452344152
94,0.9167166948318481,0.009704901836812496,0.0010714679956436157,7.222846984863281,0.8175362348556519,0.6757812499999999,0.5612929463386536,0.6736218444100978
95,0.9202804565429688,0.007737298496067524,0.0012849867343902588,7.030093193054199,1.0467551946640015,0.6601562499999997,0.5612828135490417,0.6733642452344152
96,0.9965881705284119,0.007719359360635281,0.0014243274927139282,7.2081804275512695,0.5746978521347046,0.6601562499999997,0.5612736940383911,0.6736218444100978
97,1.0740032196044922,0.00645696185529232,0.0014258027076721191,7.34222936630249,0.7233440279960632,0.7460937499999998,0.5612667202949524,0.6733642452344152
98,1.0016772747039795,0.00530975079163909,0.0016293078660964966,7.235062599182129,0.5302047729492188,0.7460937499999998,0.5612557530403137,0.6731066460587326
99,0.9274278879165649,0.007593618705868721,0.0016489923000335693,7.42584753036499,0.6337382793426514,0.5976562499999999,0.5612472891807556,0.6731066460587326
100,0.9214960336685181,0.004493820481002331,0.0015488415956497192,7.432621002197266,0.7047187089920044,0.6992187499999997,0.5612369775772095,0.6733642452344152
101,0.9651999473571777,0.004773097578436136,0.0015097856521606445,7.297180652618408,0.48924365639686584,0.6718749999999996,0.5612207055091858,0.6733642452344152
102,0.9807853698730469,0.005152041092514992,0.0016525238752365112,7.422524452209473,0.4358913004398346,0.6132812499999996,0.5612069964408875,0.67284904688305
103,1.019039273262024,0.006110953167080879,0.0018693804740905762,7.337799549102783,0.6017603278160095,0.6953124999999999,0.5611960887908936,0.6731066460587326
104,1.0391583442687988,0.008025124669075012,0.0017053186893463135,7.385033130645752,0.5259920954704285,0.6953124999999999,0.5611709952354431,0.6731066460587326
105,0.9883722066879272,0.006724987179040909,0.0017177015542984009,7.25239896774292,0.6775886416435242,0.6953124999999999,0.5611438155174255,0.6733642452344152
106,1.0577658414840698,0.006692841649055481,0.0016980469226837158,7.548286437988281,0.52374666929245,0.7109374999999996,0.5611112117767334,0.6731066460587326
107,1.0597478151321411,0.008557925932109356,0.0018123835325241089,7.134410381317139,0.6078076958656311,0.5937499999999996,0.5610765218734741,0.6731066460587326
108,0.985826849937439,0.005490442272275686,0.001984342932701111,7.333744049072266,0.4550212621688843,0.5937499999999996,0.5610347390174866,0.67284904688305
109,1.078188180923462,0.00557275814935565,0.0017621666193008423,7.307665824890137,0.48579761385917664,0.7304687499999996,0.5609812140464783,0.6733642452344152
110,1.0154067277908325,0.003339863382279873,0.001883864402770996,7.427231788635254,0.946246862411499,0.6640625,0.5609145760536194,0.6733642452344152
111,0.877098798751831,0.008344121277332306,0.0021185874938964844,7.313701629638672,0.8530757427215576,0.6210937499999997,0.5608056783676147,0.6733642452344152
112,0.8430324196815491,0.006754769012331963,0.0017324835062026978,7.26836633682251,0.4516965448856354,0.7656249999999998,0.5606718063354492,0.6733642452344152
113,1.153256893157959,0.007743820548057556,0.0019233524799346924,7.38127326965332,0.5944802165031433,0.6953124999999999,0.5604701638221741,0.6733642452344152
114,1.0279104709625244,0.005194204393774271,0.0023236870765686035,7.338871955871582,0.36857566237449646,0.64453125,0.5601329207420349,0.6733642452344152
115,0.9411718249320984,0.006172225810587406,0.0020305663347244263,7.118210792541504,0.7623223066329956,0.6640625,0.559356689453125,0.6733642452344152
116,0.9985058307647705,0.0033704955130815506,0.002149417996406555,7.470958232879639,0.5487645268440247,0.6523437499999996,0.5566571950912476,0.6733642452344152
117,0.92905592918396,0.0033731069415807724,0.0021574944257736206,7.398838043212891,1.3461867570877075,0.6757812499999999,0.5168758630752563,0.6733642452344152
118,0.8769457936286926,0.004815094638615847,0.0021054446697235107,7.33756160736084,0.30166494846343994,0.6367187499999999,0.3715071678161621,0.6733642452344152
119,0.9497264623641968,0.0032854662276804447,0.0024576187133789062,7.131068229675293,1.1409410238265991,0.6562499999999999,0.37163519859313965,0.6733642452344152
120,0.9908815026283264,0.004871818702667952,0.0021419525146484375,7.393352031707764,1.0013282299041748,0.6914062499999996,0.37164250016212463,0.6731066460587326
121,0.9340089559555054,0.004944388754665852,0.0019193440675735474,7.592160701751709,0.9225620627403259,0.68359375,0.3716438114643097,0.6733642452344152
122,0.9389364719390869,0.004408160224556923,0.002088487148284912,7.420351028442383,0.8030072450637817,0.703125,0.37164410948753357,0.6733642452344152
123,0.9915509223937988,0.005395409185439348,0.002252325415611267,7.502695560455322,0.5237123370170593,0.7148437499999999,0.37164434790611267,0.6736218444100978
124,1.024749517440796,0.0076147401705384254,0.0020060688257217407,7.390474319458008,0.5213046669960022,0.6757812499999999,0.3716443181037903,0.6731066460587326
125,0.9652891159057617,0.007608476094901562,0.002048492431640625,7.195684909820557,0.8892788290977478,0.625,0.3716442883014679,0.6733642452344152
126,0.9599128365516663,0.008242371492087841,0.0021079331636428833,7.1158342361450195,0.3044636845588684,0.64453125,0.3716450333595276,0.6738794435857803
127,0.953304648399353,0.007349233143031597,0.0022191256284713745,7.257445812225342,0.40942806005477905,0.6015624999999997,0.37164607644081116,0.6733642452344152
128,0.9288361072540283,0.0045548356138169765,0.00227491557598114,7.231700420379639,0.2374337613582611,0.6874999999999998,0.37164628505706787,0.6736218444100978
129,1.1618889570236206,0.0034758257679641247,0.002580896019935608,7.59414005279541,0.4275572597980499,0.6718749999999996,0.371646523475647,0.6733642452344152
130,0.9425325393676758,0.0022506583482027054,0.002589687705039978,7.498812675476074,0.28621840476989746,0.6992187499999997,0.3716464936733246,0.6731066460587326
131,0.8763933777809143,0.00675221998244524,0.002479851245880127,7.650570869445801,0.44333332777023315,0.7148437499999999,0.3716464936733246,0.6731066460587326
132,0.9631566405296326,0.004814859479665756,0.003047749400138855,7.4427170753479,0.5963352918624878,0.6484374999999998,0.37164655327796936,0.6733642452344152
133,1.0620677471160889,0.007331071421504021,0.0032441318035125732,7.373077869415283,0.4337650537490845,0.6015624999999997,0.3716464340686798,0.6736218444100978
134,0.9824004173278809,0.0069738756865262985,0.003056466579437256,7.275388240814209,0.9377682209014893,0.6367187499999999,0.3716464638710022,0.6731066460587326
135,0.9912260174751282,0.005150611512362957,0.003071904182434082,7.264931678771973,0.5408810377120972,0.64453125,0.37164661288261414,0.6736218444100978
136,0.9590728282928467,0.00584679190069437,0.0030143707990646362,7.165703773498535,0.6299450397491455,0.6874999999999998,0.371646523475647,0.6733642452344152
137,1.1274387836456299,0.009624771773815155,0.0028666555881500244,7.421881198883057,0.31470435857772827,0.68359375,0.3716464936733246,0.67284904688305
138,1.009093165397644,0.003093026578426361,0.0031926780939102173,7.232007026672363,0.2925542891025543,0.703125,0.371646523475647,0.6733642452344152
139,0.9503813982009888,0.0034497417509555817,0.0031777173280715942,7.41472864151001,0.6094681620597839,0.6679687499999998,0.37164658308029175,0.6736218444100978
140,1.067384123802185,0.004654811695218086,0.003668174147605896,7.273220062255859,0.3224884271621704,0.72265625,0.371646523475647,0.6733642452344152
141,0.9447407126426697,0.0021898141130805016,0.0037906914949417114,7.197129249572754,0.3335753381252289,0.6210937499999997,0.3716464936733246,0.6731066460587326
142,1.0858434438705444,0.006127512082457542,0.003235369920730591,7.470052719116211,0.368307501077652,0.7070312499999998,0.371646523475647,0.6736218444100978
143,0.8293067812919617,0.0022965013049542904,0.003560379147529602,7.670001983642578,0.6070049405097961,0.6874999999999998,0.371646523475647,0.6731066460587326
144,0.9397072792053223,0.011080104857683182,0.003903985023498535,7.292177677154541,0.6681416034698486,0.6640625,0.3716464936733246,0.6731066460587326
145,1.007135033607483,0.002680554986000061,0.0037057846784591675,7.22088098526001,0.266923189163208,0.6367187499999999,0.371646523475647,0.6733642452344152
146,0.9988380074501038,0.008250915445387363,0.0037195831537246704,7.487912654876709,0.5381743311882019,0.6914062499999996,0.3716464936733246,0.67284904688305
147,0.9681010246276855,0.003609888255596161,0.0037996768951416016,7.131632328033447,0.5565664768218994,0.7070312499999998,0.3716464936733246,0.6733642452344152
148,0.9479038715362549,0.0037472890689969063,0.003518432378768921,7.728252410888672,0.4909549057483673,0.6953124999999999,0.3716464638710022,0.6731066460587326
149,1.0026779174804688,0.003028721548616886,0.003631085157394409,7.351181507110596,0.4887115955352783,0.6367187499999999,0.3716464936733246,0.6733642452344152
150,0.9144860506057739,0.001976223196834326,0.003613591194152832,7.454555511474609,0.7444784641265869,0.6523437499999996,0.37164655327796936,0.6733642452344152
151,0.9541441202163696,0.0028975647874176502,0.0038567036390304565,7.369636535644531,0.37829655408859253,0.703125,0.37164658308029175,0.6733642452344152
152,1.0839190483093262,0.0036519942805171013,0.004013881087303162,7.3207573890686035,0.3611983060836792,0.6406249999999997,0.37164655327796936,0.6736218444100978
153,0.9764660000801086,0.004121044650673866,0.0039711594581604,7.2643022537231445,0.4463249742984772,0.6367187499999999,0.371646523475647,0.6733642452344152
154,0.8948323130607605,0.005092844367027283,0.003868967294692993,7.379755973815918,0.30741986632347107,0.64453125,0.3716464340686798,0.6733642452344152
155,1.0550740957260132,0.004322752356529236,0.0036351531744003296,7.413372993469238,0.359466552734375,0.6914062499999996,0.3716464340686798,0.6733642452344152
156,1.0321071147918701,0.004661238752305508,0.003903821110725403,7.474628925323486,0.4656238257884979,0.68359375,0.371646523475647,0.6733642452344152
157,0.9601590633392334,0.002236543223261833,0.003937840461730957,7.451488494873047,0.37519267201423645,0.7187499999999997,0.3716464340686798,0.6733642452344152
158,0.9833325743675232,0.005085203796625137,0.0041981041431427,7.412719249725342,0.5652467608451843,0.6914062499999996,0.3716464340686798,0.6733642452344152
159,1.0847854614257812,0.0019458457827568054,0.004337623715400696,7.193510055541992,0.5153178572654724,0.6874999999999998,0.371646523475647,0.6731066460587326
160,1.0394346714019775,0.003861132077872753,0.0041835010051727295,7.4377946853637695,0.5636296272277832,0.6953124999999999,0.3716464936733246,0.6733642452344152
161,1.0743523836135864,0.0013489951379597187,0.004684925079345703,7.195881366729736,1.0945392847061157,0.6484374999999998,0.3716464936733246,0.6733642452344152
162,0.8509300947189331,0.0013680211268365383,0.004727184772491455,7.479578018188477,0.5519967079162598,0.6796874999999997,0.3716464340686798,0.6733642452344152
163,1.0285619497299194,0.0015122569166123867,0.004581019282341003,7.149570465087891,0.30271071195602417,0.6171874999999999,0.3716464638710022,0.6733642452344152
164,1.066063404083252,0.0035734008997678757,0.004301309585571289,7.423283576965332,0.39613619446754456,0.6992187499999997,0.3716464638710022,0.6733642452344152
165,0.8932700753211975,-0.00015097949653863907,0.004460468888282776,7.597203731536865,0.36990004777908325,0.7460937499999998,0.3716464042663574,0.6733642452344152
166,1.0235023498535156,0.001083015464246273,0.004705861210823059,7.413217067718506,0.3987579941749573,0.6601562499999997,0.3716464638710022,0.6733642452344152
167,0.9594205021858215,0.002761328127235174,0.004292935132980347,7.54570198059082,0.4593704044818878,0.7187499999999997,0.3716464936733246,0.6733642452344152
168,0.9320415258407593,0.0031370576471090317,0.004716798663139343,7.356790065765381,0.6609030365943909,0.5937499999999996,0.3716464638710022,0.6733642452344152
169,0.9377301335334778,0.003464985638856888,0.004447042942047119,7.446559429168701,0.3660823702812195,0.6992187499999997,0.3716464936733246,0.6733642452344152
170,0.9719885587692261,0.00038300221785902977,0.004388332366943359,7.260462760925293,0.9053739905357361,0.5859375,0.371646523475647,0.6731066460587326
171,0.940484344959259,0.0012487084604799747,0.004337534308433533,7.551046848297119,0.38459140062332153,0.6718749999999996,0.371646523475647,0.6733642452344152
172,0.97276771068573,0.001800968311727047,0.004690200090408325,7.3000335693359375,0.37279072403907776,0.6718749999999996,0.3716464936733246,0.6733642452344152
173,1.0081206560134888,0.00046501122415065765,0.004644066095352173,7.293263912200928,0.5393560528755188,0.6367187499999999,0.371646523475647,0.6733642452344152
174,1.0476468801498413,0.001575610600411892,0.004584893584251404,7.3602294921875,0.3817692697048187,0.7187499999999997,0.37164658308029175,0.6733642452344152
175,1.003910779953003,0.001012987457215786,0.004934966564178467,7.427303791046143,0.29116740822792053,0.5820312499999997,0.3716464936733246,0.6733642452344152
176,0.9263787269592285,-0.0008032515179365873,0.004684120416641235,7.651426315307617,0.29047369956970215,0.703125,0.371646523475647,0.6733642452344152
177,1.0337815284729004,0.0006861919537186623,0.004897847771644592,7.571022033691406,0.35419437289237976,0.6367187499999999,0.3716464936733246,0.6733642452344152
178,1.0272800922393799,-0.0008159736171364784,0.004798278212547302,7.422538757324219,0.4565316438674927,0.6874999999999998,0.371646523475647,0.6733642452344152
179,1.034238576889038,-0.0011181039735674858,0.005440071225166321,7.334872722625732,0.3783457279205322,0.6289062499999998,0.3716464638710022,0.6733642452344152
180,1.0257078409194946,-0.0017773488070815802,0.00466667115688324,7.594330310821533,0.7975565195083618,0.7187499999999997,0.371646523475647,0.6733642452344152
181,0.8687784671783447,-0.002478195121511817,0.005174621939659119,7.419223785400391,0.3423950970172882,0.6992187499999997,0.3716464936733246,0.6733642452344152
182,0.869709849357605,-0.0021591894328594208,0.004973664879798889,7.210241317749023,0.4027516841888428,0.6093749999999998,0.37164658308029175,0.6733642452344152
183,1.0539510250091553,-0.00272244680672884,0.0053204745054244995,7.362738132476807,0.4959864318370819,0.6679687499999998,0.37164655327796936,0.6733642452344152
184,0.8938564658164978,-0.0012904535979032516,0.005781516432762146,7.386537551879883,0.46484678983688354,0.5859375,0.371646523475647,0.6733642452344152
185,0.9961278438568115,-0.0028790473006665707,0.005619332194328308,7.257997512817383,0.3853173553943634,0.5703124999999998,0.3716464936733246,0.6733642452344152
186,0.959650456905365,-0.0022664805874228477,0.005505949258804321,7.323437690734863,0.4647703766822815,0.6718749999999996,0.3716464936733246,0.6733642452344152
187,1.1018449068069458,-0.0027984410990029573,0.0056448280811309814,7.283002853393555,0.9027524590492249,0.625,0.37164658308029175,0.6733642452344152
188,1.015645146369934,-0.0035424602683633566,0.00585724413394928,7.500289440155029,1.0335228443145752,0.6328124999999996,0.371646523475647,0.6733642452344152
189,1.0820655822753906,-0.0035058767534792423,0.00537911057472229,7.525942802429199,1.0466594696044922,0.6562499999999999,0.371646523475647,0.6733642452344152
190,1.0274739265441895,-0.0028175716288387775,0.005809471011161804,7.263154983520508,0.4603087306022644,0.64453125,0.3716464936733246,0.6731066460587326
191,1.0296900272369385,-0.0019474676810204983,0.005399137735366821,7.547306537628174,0.3133549690246582,0.6796874999999997,0.3716464340686798,0.6733642452344152
192,0.8822917342185974,-0.0036607184447348118,0.006178498268127441,7.2547430992126465,0.5148153305053711,0.6601562499999997,0.371646523475647,0.6733642452344152
193,0.9355396032333374,-0.0036688505206257105,0.006106466054916382,7.438549041748047,0.4799453914165497,0.6601562499999997,0.37164655327796936,0.6733642452344152
194,1.0162155628204346,-0.003866807324811816,0.006036609411239624,7.40679407119751,0.6675421595573425,0.60546875,0.371646523475647,0.6733642452344152
195,1.059955358505249,-0.003933446481823921,0.005632936954498291,7.601933479309082,0.3105469346046448,0.6992187499999997,0.37164658308029175,0.6733642452344152
196,0.9287967681884766,-0.004068423993885517,0.005892172455787659,7.51116418838501,0.531011164188385,0.7109374999999996,0.37164655327796936,0.6733642452344152
197,0.996562123298645,-0.0035719028674066067,0.005965977907180786,7.340663909912109,0.3602854013442993,0.6874999999999998,0.3716464340686798,0.6733642452344152
198,1.0509624481201172,-0.004475606605410576,0.006029397249221802,7.565639495849609,0.3633010685443878,0.6796874999999997,0.3716464340686798,0.6733642452344152
199,0.8212258219718933,-0.003625227138400078,0.0056304931640625,7.583125114440918,0.5519812107086182,0.6953124999999999,0.3716464936733246,0.6733642452344152
200,0.9673373103141785,-0.003247753717005253,0.005965039134025574,7.467446804046631,0.27395012974739075,0.6992187499999997,0.371646523475647,0.6733642452344152
201,1.1118751764297485,-0.003864825237542391,0.0055733174085617065,7.610719203948975,0.39701560139656067,0.7578124999999997,0.3716464936733246,0.6733642452344152
202,0.9038149118423462,-0.004124509636312723,0.0062029361724853516,7.444718837738037,0.7256383299827576,0.6367187499999999,0.3716464638710022,0.6733642452344152
203,1.0008313655853271,-0.0042044539004564285,0.005996182560920715,7.514418125152588,0.8610244393348694,0.7070312499999998,0.3716464042663574,0.6736218444100978
204,0.9786019325256348,-0.0031745287124067545,0.006316259503364563,7.451074600219727,0.3963143229484558,0.6093749999999998,0.371646523475647,0.6733642452344152
205,0.8686164021492004,-0.0034153377637267113,0.006232067942619324,7.48082971572876,1.2424088716506958,0.6874999999999998,0.3716464638710022,0.6731066460587326
206,1.0497288703918457,-0.004532099701464176,0.006299987435340881,7.436868190765381,0.348777711391449,0.6367187499999999,0.3716464340686798,0.6733642452344152
207,0.9338682889938354,-0.004128765780478716,0.005968019366264343,7.732092380523682,0.48958781361579895,0.6992187499999997,0.3716464936733246,0.6733642452344152
208,1.087624430656433,-0.0037511461414396763,0.006195172667503357,7.405322074890137,0.2848522663116455,0.72265625,0.3716464638710022,0.6731066460587326
209,0.9508859515190125,-0.004949861206114292,0.0065756142139434814,7.36947774887085,0.5906281471252441,0.6406249999999997,0.3716464638710022,0.6733642452344152
210,1.1285486221313477,-0.004633351229131222,0.0063880980014801025,7.445176124572754,0.4519715905189514,0.7148437499999999,0.3716464638710022,0.6733642452344152
211,0.9320113062858582,-0.0038268205244094133,0.006055474281311035,7.70475959777832,0.4647830128669739,0.6679687499999998,0.371646523475647,0.6733642452344152
212,0.8900596499443054,-0.0053254663944244385,0.006234884262084961,7.61319637298584,0.36500319838523865,0.6601562499999997,0.3716464340686798,0.6733642452344152
213,1.042982578277588,-0.003952353727072477,0.00604228675365448,7.546823024749756,0.3240513205528259,0.64453125,0.3716464042663574,0.6733642452344152
214,1.0481681823730469,-0.004569804295897484,0.006034106016159058,7.591733932495117,0.4078039526939392,0.6874999999999998,0.3716464340686798,0.6733642452344152
215,0.9076305031776428,-0.004984378349035978,0.0062923431396484375,7.614882469177246,0.3317849040031433,0.68359375,0.37164634466171265,0.6733642452344152
216,0.964816689491272,-0.004694039933383465,0.006578817963600159,7.517003536224365,0.35980045795440674,0.6914062499999996,0.3716464936733246,0.6731066460587326
217,1.02834951877594,-0.004118377808481455,0.006338402628898621,7.469780921936035,0.38331758975982666,0.6640625,0.3716464340686798,0.6733642452344152
218,0.9907951951026917,-0.004063302651047707,0.006254911422729492,7.360058784484863,0.4662116765975952,0.7070312499999998,0.37164637446403503,0.6733642452344152
219,1.0213954448699951,-0.003664230229333043,0.006143629550933838,7.613280296325684,0.3597981035709381,0.7148437499999999,0.371646523475647,0.6733642452344152
220,0.9777045249938965,-0.004882625304162502,0.006441041827201843,7.495566368103027,0.5327310562133789,0.7070312499999998,0.3716464042663574,0.6733642452344152
221,1.0302202701568604,-0.0050934175960719585,0.006616249680519104,7.2928853034973145,0.9323582649230957,0.6679687499999998,0.37164637446403503,0.6731066460587326
222,1.0282732248306274,-0.004216284491121769,0.006418466567993164,7.407425880432129,0.42956405878067017,0.68359375,0.37164637446403503,0.6733642452344152
223,0.9426561594009399,-0.004801083356142044,0.006158947944641113,7.590853691101074,0.42669641971588135,0.7187499999999997,0.3716464340686798,0.6731066460587326
224,0.9252064228057861,-0.0051826005801558495,0.006392925977706909,7.414642810821533,0.4917758107185364,0.6953124999999999,0.3716464042663574,0.6733642452344152
225,0.9918724894523621,-0.005146648269146681,0.006319358944892883,7.529392719268799,0.40387803316116333,0.7187499999999997,0.3716464340686798,0.6733642452344152
226,0.8948265314102173,-0.003934126812964678,0.006516948342323303,7.606082916259766,1.064199447631836,0.6562499999999999,0.37164637446403503,0.6733642452344152
227,1.0216379165649414,-0.004461571574211121,0.005959182977676392,7.342573642730713,0.2687418758869171,0.703125,0.3716464340686798,0.6733642452344152
228,0.9543680548667908,-0.004385591484606266,0.0062951743602752686,7.673398494720459,0.7007997632026672,0.6992187499999997,0.3716464340686798,0.6733642452344152
229,0.8931871056556702,-0.005209058523178101,0.006502792239189148,7.473887920379639,0.3706587255001068,0.6953124999999999,0.3716464340686798,0.6733642452344152
230,1.0338505506515503,-0.005325640086084604,0.006702214479446411,7.305841445922852,0.3355133831501007,0.6601562499999997,0.37164634466171265,0.6733642452344152
231,0.9845936298370361,-0.005013465415686369,0.006494283676147461,7.618209362030029,0.33483392000198364,0.6953124999999999,0.3716464340686798,0.6733642452344152
232,0.9912765026092529,-0.004614260047674179,0.006353244185447693,7.619916915893555,0.8354358673095703,0.6718749999999996,0.37164637446403503,0.6733642452344152
233,1.0477296113967896,-0.0047255391255021095,0.006128579378128052,7.6436543464660645,0.4215640127658844,0.6484374999999998,0.3716464340686798,0.6731066460587326
234,1.052632212638855,-0.0057646301575005054,0.007095932960510254,7.3050127029418945,0.3548490107059479,0.6210937499999997,0.3716464042663574,0.6733642452344152
235,0.9140728712081909,-0.004960452672094107,0.005969703197479248,7.810283660888672,0.9881806373596191,0.6992187499999997,0.3716464042663574,0.6733642452344152
236,1.0052028894424438,-0.005594888236373663,0.006757959723472595,7.563695907592773,0.46414726972579956,0.6484374999999998,0.37164634466171265,0.6731066460587326
237,0.9276837706565857,-0.005490650422871113,0.006639987230300903,7.580455303192139,0.44051477313041687,0.6757812499999999,0.3716464042663574,0.6733642452344152
238,0.9465190172195435,-0.004895136691629887,0.006890654563903809,7.445080280303955,0.5909398198127747,0.6953124999999999,0.37164634466171265,0.67284904688305
239,1.0226655006408691,-0.005315625574439764,0.006639465689659119,7.666138172149658,0.4013325273990631,0.6718749999999996,0.37164628505706787,0.6731066460587326
240,0.9044448137283325,-0.00537256570532918,0.006941959261894226,7.61206579208374,0.3566071689128876,0.6757812499999999,0.3716464340686798,0.6733642452344152
241,0.9139652252197266,-0.005442515481263399,0.006884485483169556,7.361264705657959,0.3159806728363037,0.64453125,0.37164628505706787,0.6731066460587326
242,0.8849188685417175,-0.0040425825864076614,0.006643474102020264,7.596418857574463,0.292044997215271,0.7109374999999996,0.37164628505706787,0.6733642452344152
243,0.9187367558479309,-0.005273009650409222,0.0068185776472091675,7.475127220153809,0.4384578764438629,0.6640625,0.37164634466171265,0.6733642452344152
244,0.8418064713478088,-0.005558505654335022,0.006918668746948242,7.635886192321777,0.3224409520626068,0.60546875,0.3716464340686798,0.6731066460587326
245,1.0356829166412354,-0.0035274599213153124,0.006396174430847168,7.551255226135254,0.4031039774417877,0.6484374999999998,0.37164637446403503,0.6733642452344152
246,0.9751154184341431,-0.004180900752544403,0.006939128041267395,7.551058769226074,0.35535046458244324,0.6796874999999997,0.37164634466171265,0.6733642452344152
247,0.9675034284591675,-0.005483495537191629,0.007189512252807617,7.4543352127075195,1.1636391878128052,0.6406249999999997,0.37164634466171265,0.6733642452344152
248,1.0962738990783691,-0.005482685752213001,0.006775081157684326,7.527659893035889,0.558623731136322,0.6992187499999997,0.371646523475647,0.6733642452344152
249,0.9116840362548828,-0.005321193020790815,0.006809741258621216,7.443281173706055,0.6715467572212219,0.6757812499999999,0.37164634466171265,0.6733642452344152
250,0.9548608064651489,-0.004039721563458443,0.0064985305070877075,7.5466203689575195,0.5086175203323364,0.6992187499999997,0.3716464340686798,0.6733642452344152
251,1.0135087966918945,-0.005349751561880112,0.006443396210670471,7.424447059631348,0.41864320635795593,0.7304687499999996,0.3716464042663574,0.6733642452344152
252,0.8242995142936707,-0.00491825956851244,0.0064430683851242065,7.502689361572266,0.44073376059532166,0.6874999999999998,0.3716464638710022,0.6733642452344152
253,1.1027613878250122,-0.0054480028338730335,0.006612867116928101,7.557140827178955,0.371547669172287,0.6679687499999998,0.3716464042663574,0.6733642452344152
254,0.8811174631118774,-0.00419956399127841,0.006916269659996033,7.530389785766602,0.4227418601512909,0.6328124999999996,0.3716464340686798,0.6733642452344152
255,0.9966073036193848,-0.005559852346777916,0.00691649317741394,7.150173664093018,0.48345044255256653,0.6523437499999996,0.37164637446403503,0.6733642452344152
256,0.9151329398155212,-0.00571218179538846,0.0067478567361831665,7.559946537017822,0.26907476782798767,0.6562499999999999,0.3716464638710022,0.67284904688305
257,1.0136345624923706,-0.005393244791775942,0.006779760122299194,7.281447410583496,0.3487103283405304,0.68359375,0.3716464340686798,0.6733642452344152
258,0.9945752620697021,-0.005582963582128286,0.006902933120727539,7.3714776039123535,0.24783861637115479,0.6640625,0.37164634466171265,0.6733642452344152
259,0.9553316831588745,-0.006030110642313957,0.007287219166755676,7.624142169952393,0.41581472754478455,0.7343749999999999,0.3716464638710022,0.6736218444100978
260,1.0275919437408447,-0.006043986417353153,0.007145002484321594,7.444788932800293,0.36039891839027405,0.6093749999999998,0.3716464340686798,0.6733642452344152
261,0.9583331346511841,-0.004314872901886702,0.006703004240989685,7.694057464599609,0.3470933735370636,0.625,0.37164634466171265,0.6733642452344152
262,1.0551354885101318,-0.00544159347191453,0.00629308819770813,7.572065830230713,0.364454984664917,0.7382812499999997,0.3716464638710022,0.6733642452344152
263,1.0997241735458374,-0.0051613603718578815,0.0064922720193862915,7.567109107971191,0.9569395184516907,0.6523437499999996,0.3716464936733246,0.6733642452344152
264,0.9958484768867493,-0.0049493154510855675,0.006499752402305603,7.670045375823975,0.3888339102268219,0.6992187499999997,0.3716464340686798,0.6733642452344152
265,1.003007411956787,-0.00540770823135972,0.006795644760131836,7.509474277496338,0.49576371908187866,0.6484374999999998,0.3716464340686798,0.6733642452344152
266,0.9806218147277832,-0.005353052634745836,0.007487624883651733,7.266540050506592,0.5566861033439636,0.6484374999999998,0.37164634466171265,0.6733642452344152
267,0.8857361674308777,-0.00550840562209487,0.00679895281791687,7.480282306671143,0.44760751724243164,0.6523437499999996,0.37164634466171265,0.6733642452344152
268,0.9298070073127747,-0.005495492834597826,0.006945773959159851,7.74708890914917,0.6269176602363586,0.6289062499999998,0.37164634466171265,0.6733642452344152
269,1.0186467170715332,-0.005471653304994106,0.007064342498779297,7.507196426391602,0.3279711604118347,0.6328124999999996,0.3716464340686798,0.6733642452344152
270,0.943833589553833,-0.005423273891210556,0.00654195249080658,7.454962253570557,0.4891885221004486,0.703125,0.37164628505706787,0.6731066460587326
271,1.0137097835540771,-0.006017712876200676,0.006904169917106628,7.502666473388672,0.3237361013889313,0.6640625,0.3716464042663574,0.6731066460587326
272,0.9428850412368774,-0.0053825899958610535,0.006854608654975891,7.5446319580078125,0.33600929379463196,0.6796874999999997,0.37164634466171265,0.6733642452344152
273,1.0263590812683105,-0.006547076161950827,0.007286146283149719,7.4423418045043945,0.4788242280483246,0.6718749999999996,0.37164634466171265,0.6733642452344152
274,0.9880421161651611,-0.00586318364366889,0.0068244487047195435,7.5068793296813965,0.9259136319160461,0.625,0.37164637446403503,0.6733642452344152
275,0.8444052338600159,-0.005436812061816454,0.006496608257293701,7.535130023956299,0.35284045338630676,0.72265625,0.3716464042663574,0.6733642452344152
276,0.9861108064651489,-0.00519993482157588,0.007023036479949951,7.431657791137695,0.4526093006134033,0.64453125,0.3716464042663574,0.6733642452344152
277,0.9103354811668396,-0.005787824746221304,0.007075577974319458,7.502481937408447,0.3907366096973419,0.68359375,0.3716464638710022,0.6736218444100978
278,0.9553287625312805,-0.0058846925385296345,0.006927311420440674,7.4879150390625,0.3217713534832001,0.7109374999999996,0.3716464340686798,0.6733642452344152
279,1.0725666284561157,-0.006443117745220661,0.007698625326156616,7.348268032073975,0.6510022878646851,0.6679687499999998,0.37164634466171265,0.6733642452344152
280,1.0686204433441162,-0.005339972209185362,0.006887972354888916,7.6625566482543945,0.5405784249305725,0.6874999999999998,0.37164634466171265,0.6733642452344152
281,1.0038930177688599,-0.005941467359662056,0.007105052471160889,7.492248058319092,0.4446794390678406,0.6874999999999998,0.37164631485939026,0.6733642452344152
282,0.9980762004852295,-0.006475783884525299,0.00720427930355072,7.671516418457031,1.2241098880767822,0.6484374999999998,0.37164634466171265,0.6733642452344152
283,0.9906243085861206,-0.005766464862972498,0.0070228129625320435,7.3121018409729,0.8747893571853638,0.6992187499999997,0.3716464340686798,0.6733642452344152
284,0.989395260810852,-0.005964011885225773,0.0074427127838134766,7.577150344848633,0.46017783880233765,0.6796874999999997,0.3716464340686798,0.6733642452344152
285,1.0742946863174438,-0.004823445342481136,0.006883367896080017,7.5044426918029785,0.47788962721824646,0.6484374999999998,0.37164634466171265,0.6733642452344152
286,1.0793578624725342,-0.0054320478811860085,0.006746307015419006,7.523885726928711,0.3784339427947998,0.7187499999999997,0.37164634466171265,0.6733642452344152
287,1.1376943588256836,-0.005541293881833553,0.0072326213121414185,7.512720108032227,1.0605601072311401,0.6132812499999996,0.37164637446403503,0.6733642452344152
288,1.013463020324707,-0.005707725882530212,0.006832540035247803,7.616571426391602,0.39461055397987366,0.7187499999999997,0.37164634466171265,0.6733642452344152
289,0.9789718389511108,-0.005410344805568457,0.007117360830307007,7.576469421386719,0.4904841184616089,0.6874999999999998,0.37164628505706787,0.6733642452344152
290,0.9486550092697144,-0.004494308494031429,0.0072864145040512085,7.518110275268555,0.48977190256118774,0.6601562499999997,0.37164628505706787,0.6736218444100978
291,0.9442794322967529,-0.005574163049459457,0.007064744830131531,7.5634918212890625,0.49046486616134644,0.7304687499999996,0.37164634466171265,0.6733642452344152
292,1.0519027709960938,-0.005632883869111538,0.007056117057800293,7.439006328582764,0.38512593507766724,0.6289062499999998,0.3716464042663574,0.6733642452344152
293,0.9957962036132812,-0.0053710066713392735,0.007193535566329956,7.544674396514893,1.0502097606658936,0.6757812499999999,0.37164634466171265,0.6733642452344152
294,0.8674787878990173,-0.005425158888101578,0.0071142613887786865,7.606334686279297,0.32619795203208923,0.5976562499999999,0.37164628505706787,0.6733642452344152
295,0.8496183156967163,-0.0055992151610553265,0.006823405623435974,7.580261707305908,0.4002302885055542,0.7499999999999996,0.37164628505706787,0.6736218444100978
296,0.8949707746505737,-0.005862927529960871,0.0068909525871276855,7.6746826171875,0.35746675729751587,0.6640625,0.3716464042663574,0.6731066460587326
297,0.8614361882209778,-0.006326533388346434,0.007124066352844238,7.525744915008545,0.4647641181945801,0.7421875,0.37164631485939026,0.6733642452344152
298,0.9753934741020203,-0.005847875960171223,0.007432699203491211,7.541823387145996,0.44339844584465027,0.6562499999999999,0.37164628505706787,0.6733642452344152
299,0.9968079328536987,-0.005760252941399813,0.0065935105085372925,7.785741329193115,0.33717814087867737,0.6874999999999998,0.3716462254524231,0.6733642452344152
300,0.9900385737419128,-0.005870513617992401,0.007260113954544067,7.640268325805664,1.0774524211883545,0.6992187499999997,0.37164628505706787,0.6733642452344152
301,1.118987798690796,-0.006340246181935072,0.0076880306005477905,7.323775768280029,0.5031276941299438,0.6562499999999999,0.3716462552547455,0.6733642452344152
302,0.8297156095504761,-0.006099238526076078,0.006984010338783264,7.689741134643555,0.302322655916214,0.68359375,0.37164628505706787,0.6733642452344152
303,0.7851645946502686,-0.006354382261633873,0.0069738030433654785,7.7566938400268555,0.25710636377334595,0.6601562499999997,0.37164631485939026,0.6733642452344152
304,0.9599727988243103,-0.006235751323401928,0.007320702075958252,7.589266777038574,0.47760653495788574,0.7070312499999998,0.37164628505706787,0.6733642452344152
305,1.0266313552856445,-0.005571628455072641,0.006934687495231628,7.6251068115234375,0.4690765142440796,0.6484374999999998,0.37164634466171265,0.67284904688305
306,0.9872836470603943,-0.006013420410454273,0.0069015175104141235,7.65219783782959,1.0021967887878418,0.703125,0.37164631485939026,0.6733642452344152
307,0.931932806968689,-0.006319111213088036,0.007467120885848999,7.5347065925598145,0.6250376105308533,0.6289062499999998,0.37164628505706787,0.6733642452344152
308,1.0397231578826904,-0.005862157326191664,0.0073239803314208984,7.5858154296875,0.6104581952095032,0.6874999999999998,0.37164631485939026,0.6733642452344152
309,0.9693952798843384,-0.00675272336229682,0.007561534643173218,7.635339736938477,0.4143027663230896,0.7148437499999999,0.3716464042663574,0.6733642452344152
310,0.9728913307189941,-0.006653503514826298,0.007734909653663635,7.531867504119873,0.8656215667724609,0.7070312499999998,0.37164628505706787,0.6733642452344152
311,0.9341856241226196,-0.0058256895281374454,0.007465139031410217,7.386800765991211,0.44633716344833374,0.6562499999999999,0.37164628505706787,0.6733642452344152
312,1.0764002799987793,-0.006003755144774914,0.007133573293685913,7.749002933502197,0.5037735104560852,0.6718749999999996,0.37164628505706787,0.6733642452344152
313,1.0191127061843872,-0.005694907158613205,0.007029101252555847,7.622074604034424,0.5203384757041931,0.6679687499999998,0.3716462552547455,0.6733642452344152
314,1.0594799518585205,-0.00614190986379981,0.006964400410652161,7.753891468048096,0.31000587344169617,0.6679687499999998,0.3716462552547455,0.6733642452344152
315,1.0862853527069092,-0.005228338297456503,0.00661061704158783,7.822948455810547,0.2761358320713043,0.6757812499999999,0.37164628505706787,0.6731066460587326
316,0.8727662563323975,-0.004160284996032715,0.007164314389228821,7.610487937927246,0.439105361700058,0.6953124999999999,0.3716462254524231,0.6736218444100978
317,1.012129545211792,-0.005738562438637018,0.006668150424957275,7.7225141525268555,0.4132901430130005,0.7539062499999999,0.3716462552547455,0.6736218444100978
318,0.8071451783180237,-0.006289042532444,0.007063001394271851,7.511587142944336,0.860076904296875,0.6953124999999999,0.37164628505706787,0.6733642452344152
319,0.8353985548019409,-0.005990063305944204,0.006953001022338867,7.613967418670654,0.2232559472322464,0.6953124999999999,0.37164628505706787,0.6731066460587326
320,1.0490753650665283,-0.006821019574999809,0.0076340436935424805,7.675548076629639,0.3862217366695404,0.7109374999999996,0.37164628505706787,0.6733642452344152
321,0.9463028311729431,-0.007500915788114071,0.008271709084510803,7.5059003829956055,0.4281321167945862,0.6171874999999999,0.37164628505706787,0.6733642452344152
322,1.008321762084961,-0.005884846672415733,0.007172927260398865,7.5641937255859375,0.38535183668136597,0.7109374999999996,0.37164634466171265,0.6731066460587326
323,0.9991377592086792,-0.0065049827098846436,0.0076041072607040405,7.579047203063965,0.36741358041763306,0.6484374999999998,0.37164637446403503,0.6733642452344152
324,0.9650091528892517,-0.006549750920385122,0.007231712341308594,7.753981113433838,0.4840034544467926,0.6874999999999998,0.37164634466171265,0.6733642452344152
325,0.9315587282180786,-0.006038324441760778,0.00727766752243042,7.55705451965332,0.397835910320282,0.7460937499999998,0.3716464936733246,0.6733642452344152
326,0.9890516996383667,-0.005923214368522167,0.007851868867874146,7.395826816558838,0.7557714581489563,0.6757812499999999,0.37164634466171265,0.6733642452344152
327,1.0045114755630493,-0.006422718521207571,0.0072522759437561035,7.5983662605285645,0.41590261459350586,0.6679687499999998,0.37164634466171265,0.6733642452344152
328,1.0380457639694214,-0.006914895493537188,0.007701218128204346,7.687922954559326,0.43521854281425476,0.625,0.37164628505706787,0.6733642452344152
329,1.0446118116378784,-0.007187431212514639,0.007902547717094421,7.461723327636719,0.3552803695201874,0.6679687499999998,0.37164631485939026,0.6733642452344152
330,0.9216752052307129,-0.006683764047920704,0.007459357380867004,7.584198951721191,0.4829791486263275,0.6523437499999996,0.37164634466171265,0.6733642452344152
331,0.8857572078704834,-0.006333584431558847,0.007616370916366577,7.501428127288818,0.3868073523044586,0.6992187499999997,0.37164634466171265,0.6733642452344152
332,0.9492985010147095,-0.006544652860611677,0.007255643606185913,7.500886917114258,0.259893536567688,0.6679687499999998,0.37164634466171265,0.6733642452344152
333,1.0336745977401733,-0.005853771232068539,0.0072555094957351685,7.584259986877441,0.8514688014984131,0.64453125,0.37164634466171265,0.6733642452344152
334,0.95322185754776,-0.00645750667899847,0.007565364241600037,7.6094207763671875,0.4943379759788513,0.6523437499999996,0.37164634466171265,0.6733642452344152
335,0.999335765838623,-0.006785806734114885,0.007609426975250244,7.567910671234131,0.4143849313259125,0.6992187499999997,0.37164628505706787,0.6733642452344152
336,0.9750966429710388,-0.006664450280368328,0.007701009511947632,7.592534065246582,0.370818167924881,0.6953124999999999,0.37164631485939026,0.6733642452344152
337,0.9380927681922913,-0.006735809613019228,0.007653340697288513,7.572282314300537,0.3479008078575134,0.6367187499999999,0.37164628505706787,0.6731066460587326
338,1.0308716297149658,-0.007015937473624945,0.007875040173530579,7.640913009643555,0.4944594204425812,0.6367187499999999,0.37164631485939026,0.6733642452344152
339,1.0006418228149414,-0.005723545327782631,0.007616564631462097,7.690854072570801,0.2531915307044983,0.7070312499999998,0.3716464042663574,0.6733642452344152
340,0.9369133114814758,-0.005595420952886343,0.00672854483127594,7.636870384216309,0.3564056158065796,0.6523437499999996,0.37164628505706787,0.6731066460587326
341,1.008856177330017,-0.006874403916299343,0.00797232985496521,7.715343952178955,0.4517748951911926,0.6093749999999998,0.37164631485939026,0.6733642452344152
342,0.9843753576278687,-0.006241342984139919,0.007727429270744324,7.634336471557617,0.5237025022506714,0.6914062499999996,0.37164628505706787,0.6733642452344152
343,1.0234794616699219,-0.006830444093793631,0.008027300238609314,7.515509128570557,0.4703214764595032,0.6757812499999999,0.37164634466171265,0.6733642452344152
344,0.9972255229949951,-0.0064881471917033195,0.007298991084098816,7.705246448516846,0.3134218156337738,0.7187499999999997,0.3716461956501007,0.6733642452344152
345,0.9761980772018433,-0.006402342114597559,0.00782620906829834,7.544392108917236,0.8374503254890442,0.6757812499999999,0.37164628505706787,0.6731066460587326
346,0.9210782051086426,-0.007070012856274843,0.008126899600028992,7.473319053649902,0.3845178484916687,0.6484374999999998,0.37164637446403503,0.6733642452344152
347,0.9034703969955444,-0.006547330413013697,0.007621511816978455,7.634065628051758,0.36871856451034546,0.6601562499999997,0.3716462552547455,0.6733642452344152
348,0.9755871295928955,-0.007005783263593912,0.007704019546508789,7.606698989868164,1.0632920265197754,0.7109374999999996,0.3716462552547455,0.6733642452344152
349,1.0349481105804443,-0.0064898766577243805,0.007340356707572937,7.644545555114746,0.3403506577014923,0.7109374999999996,0.3716461956501007,0.6731066460587326
350,0.9984176158905029,-0.00773732690140605,0.008380502462387085,7.5486860275268555,0.3596135675907135,0.6601562499999997,0.3716462254524231,0.6733642452344152
351,0.9361146092414856,-0.005807055160403252,0.007451236248016357,7.6980299949646,0.3209247291088104,0.6992187499999997,0.37164634466171265,0.6733642452344152
352,0.9772197008132935,-0.006875365972518921,0.007824793457984924,7.494232177734375,0.46336087584495544,0.6601562499999997,0.37164628505706787,0.6733642452344152
353,0.9378251433372498,-0.006997838616371155,0.0077745020389556885,7.471893310546875,0.28553786873817444,0.6640625,0.3716462552547455,0.6733642452344152
354,1.0535099506378174,-0.006603035144507885,0.007358953356742859,7.651764869689941,0.46452128887176514,0.6874999999999998,0.3716464042663574,0.6731066460587326
355,1.0528509616851807,-0.006355105899274349,0.007252722978591919,7.648355960845947,0.3894338309764862,0.6210937499999997,0.3716462254524231,0.6733642452344152
356,0.8927987217903137,-0.006633922923356295,0.007436439394950867,7.6375956535339355,0.4081326127052307,0.6953124999999999,0.37164628505706787,0.6731066460587326
357,1.007237195968628,-0.00668326998129487,0.007502466440200806,7.709507465362549,0.32830607891082764,0.6914062499999996,0.37164628505706787,0.6733642452344152
358,1.0389292240142822,-0.006959225051105022,0.007645860314369202,7.730639934539795,0.32135507464408875,0.7070312499999998,0.3716462552547455,0.6733642452344152
359,0.8279018402099609,-0.007077090907841921,0.007899567484855652,7.5707831382751465,0.49515286087989807,0.6328124999999996,0.37164628505706787,0.6733642452344152
360,0.910886287689209,-0.00546245276927948,0.007935941219329834,7.609243392944336,0.520980954170227,0.64453125,0.37164634466171265,0.6731066460587326
361,0.961425244808197,-0.007280257530510426,0.008307620882987976,7.609267234802246,0.4086732268333435,0.6328124999999996,0.37164634466171265,0.6733642452344152
362,0.8815658688545227,-0.006804469972848892,0.007502824068069458,7.789572238922119,0.5288661122322083,0.72265625,0.3716462552547455,0.6731066460587326
363,0.8494493961334229,-0.006358528509736061,0.00730346143245697,7.70282506942749,0.2632516324520111,0.7187499999999997,0.37164628505706787,0.6731066460587326
364,0.9473639130592346,-0.005547707434743643,0.007272809743881226,7.6728997230529785,0.6826843619346619,0.6679687499999998,0.37164628505706787,0.6733642452344152
365,0.9472903609275818,-0.0057219937443733215,0.007540374994277954,7.676231861114502,0.22174739837646484,0.7148437499999999,0.37164628505706787,0.6733642452344152
366,0.9185038805007935,-0.0068619572557508945,0.007721886038780212,7.634670734405518,0.45801717042922974,0.7109374999999996,0.37164628505706787,0.6733642452344152
367,0.9796230792999268,-0.0069750770926475525,0.007748827338218689,7.781197547912598,0.2980796992778778,0.6914062499999996,0.37164628505706787,0.6733642452344152
368,0.929598867893219,-0.006625528447329998,0.007506847381591797,7.5560736656188965,0.3657538592815399,0.6992187499999997,0.37164628505706787,0.6733642452344152
369,0.9678071737289429,-0.007411322556436062,0.008225366473197937,7.451877117156982,0.5328640341758728,0.6523437499999996,0.37164634466171265,0.6733642452344152
370,1.0751713514328003,-0.006694855634123087,0.007807448506355286,7.545478820800781,0.3221871554851532,0.6874999999999998,0.37164631485939026,0.6733642452344152
371,0.808975338935852,-0.006926069967448711,0.007873579859733582,7.682322025299072,0.7073131203651428,0.6718749999999996,0.37164631485939026,0.6736218444100978
372,1.0716339349746704,-0.00646795891225338,0.007338583469390869,7.827919006347656,0.3355661928653717,0.7265624999999998,0.37164628505706787,0.6731066460587326
373,0.9235790371894836,-0.003944443538784981,0.007396683096885681,7.931925296783447,0.3543410003185272,0.6874999999999998,0.37164637446403503,0.6733642452344152
374,0.9410569667816162,-0.006062119267880917,0.00748269259929657,7.6679511070251465,0.26457956433296204,0.6562499999999999,0.37164631485939026,0.6733642452344152
375,0.9211971759796143,-0.007442884147167206,0.008157789707183838,7.496479511260986,0.46827808022499084,0.6757812499999999,0.37164628505706787,0.6733642452344152
376,1.01409113407135,-0.007309417240321636,0.008030891418457031,7.5905537605285645,0.4071243405342102,0.6367187499999999,0.37164628505706787,0.6731066460587326
377,0.9590719938278198,-0.00678540114313364,0.00755821168422699,7.660947799682617,0.37206172943115234,0.6484374999999998,0.3716464042663574,0.6733642452344152
378,0.8167485594749451,-0.0063192350789904594,0.007943034172058105,7.576224327087402,0.4221341013908386,0.6796874999999997,0.37164628505706787,0.6733642452344152
379,1.0246940851211548,-0.006652014330029488,0.007477238774299622,7.959219932556152,0.47308996319770813,0.6757812499999999,0.37164631485939026,0.6733642452344152
380,0.8813196420669556,-0.007176188752055168,0.008129805326461792,7.643298149108887,0.5027538537979126,0.5898437499999998,0.3716462552547455,0.6733642452344152
381,0.9154573678970337,-0.007002443075180054,0.008149921894073486,7.645394325256348,0.4454008638858795,0.6367187499999999,0.3716462552547455,0.6731066460587326
382,1.0593469142913818,-0.0070070549845695496,0.008061245083808899,7.589796543121338,1.1390135288238525,0.6718749999999996,0.3716462552547455,0.6733642452344152
383,0.9681323766708374,-0.006696462631225586,0.007686123251914978,7.72688627243042,0.3147428333759308,0.6874999999999998,0.37164631485939026,0.6733642452344152
384,1.0149383544921875,-0.006617514416575432,0.007666885852813721,7.587963104248047,0.38439828157424927,0.6874999999999998,0.37164628505706787,0.6733642452344152
385,0.9453391432762146,-0.007167995907366276,0.007874533534049988,7.7248215675354,1.2866164445877075,0.6953124999999999,0.3716462552547455,0.6733642452344152
386,0.9380241632461548,-0.007229925133287907,0.008038520812988281,7.610217571258545,0.4034477174282074,0.6796874999999997,0.37164634466171265,0.6733642452344152
387,1.0583082437515259,-0.006919562816619873,0.008183896541595459,7.56645393371582,0.4064600169658661,0.6406249999999997,0.37164628505706787,0.6733642452344152
388,0.9830431342124939,-0.006943740416318178,0.007890790700912476,7.687301158905029,0.8827260732650757,0.6015624999999997,0.3716462552547455,0.6733642452344152
389,0.901269793510437,-0.006842236965894699,0.007625758647918701,7.570320129394531,0.3567383587360382,0.7070312499999998,0.3716461956501007,0.6733642452344152
390,0.9291644096374512,-0.007350755389779806,0.008078590035438538,7.4788947105407715,0.8532634973526001,0.6523437499999996,0.37164634466171265,0.6733642452344152
391,0.9422451853752136,-0.0068163685500621796,0.007467016577720642,7.714797019958496,0.42991507053375244,0.6874999999999998,0.37164628505706787,0.6733642452344152
392,1.0356671810150146,-0.00695947976782918,0.008095964789390564,7.7061591148376465,0.27802810072898865,0.6171874999999999,0.37164634466171265,0.6733642452344152
393,0.9647459983825684,-0.007412734441459179,0.008159324526786804,7.6046576499938965,0.3554106056690216,0.6640625,0.37164628505706787,0.6733642452344152
394,0.9010803699493408,-0.007657831534743309,0.008200407028198242,7.727705478668213,0.41690754890441895,0.6874999999999998,0.37164628505706787,0.6733642452344152
395,0.9038408994674683,-0.007582784630358219,0.00818219780921936,7.798156261444092,0.5082107782363892,0.7148437499999999,0.3716462552547455,0.6733642452344152
396,0.980636715888977,-0.007407292257994413,0.00820070505142212,7.643641471862793,0.48458510637283325,0.6718749999999996,0.37164634466171265,0.6733642452344152
397,1.036801815032959,-0.0070428503677248955,0.007791489362716675,7.73246955871582,0.4150139093399048,0.7187499999999997,0.3716462254524231,0.6736218444100978
398,0.9496698975563049,-0.007178419269621372,0.00792016088962555,7.807132720947266,0.4132346510887146,0.6601562499999997,0.3716462254524231,0.6733642452344152
399,1.055542230606079,-0.006937248632311821,0.008202821016311646,7.628467082977295,0.33687037229537964,0.6992187499999997,0.3716461956501007,0.6733642452344152
