,loss_g,loss_d,train_wd,train_ce_d,train_mse,train_acc,test_mse,test_acc
0,0.15271873772144318,1.1764682531356812,-0.0007346570491790771,0.717507004737854,0.4871961772441864,0.18359374999999956,0.3794557750225067,0.2573415765069548
1,0.15917238593101501,0.07283975183963776,0.00016504526138305664,0.7247053980827332,0.37728938460350037,0.23828124999999978,0.37500330805778503,0.2815558990211231
2,0.1443750411272049,0.04292483255267143,-0.0005934834480285645,0.7228713631629944,0.606911301612854,0.22265624999999956,0.4469392001628876,0.2841318907779494
3,0.1462455838918686,0.03705408424139023,-0.0009784400463104248,0.7257088422775269,0.6888333559036255,0.21874999999999978,0.5857528448104858,0.29701184956208104
4,0.1525178849697113,0.0236978679895401,-0.0010896921157836914,0.7307156920433044,0.6921542286872864,0.32812499999999967,0.6186662912368774,0.3189077794951056
5,0.14797146618366241,0.015717482194304466,-0.0005545914173126221,0.7311539053916931,0.7422723174095154,0.2968749999999998,0.6206737756729126,0.31968057702215336
6,0.1380690485239029,0.012731335125863552,-0.00018808245658874512,0.7343010306358337,0.7664675116539001,0.2851562499999999,0.6207775473594666,0.32122617207624937
7,0.1450127512216568,0.00984526239335537,0.0002734065055847168,0.7357062101364136,0.9030120372772217,0.2968749999999998,0.619723379611969,0.3217413704276145
8,0.15295279026031494,0.0071690017357468605,0.0007457733154296875,0.7350951433181763,0.6460230350494385,0.2773437499999998,0.620144784450531,0.3217413704276145
9,0.14434684813022614,0.0035032392479479313,0.0015364289283752441,0.7364113926887512,0.8701322078704834,0.3164062499999998,0.6189256310462952,0.3222565687789797
10,0.14948348701000214,0.003965340089052916,0.0018832683563232422,0.7364451885223389,0.7376357913017273,0.3437499999999999,0.6164291501045227,0.3201957753735185
11,0.13821662962436676,0.004476682282984257,0.0024643540382385254,0.7409616112709045,1.2966076135635376,0.3359374999999998,0.6132897734642029,0.3111798042246261
12,0.14089131355285645,0.0018752510659396648,0.0029030144214630127,0.7402388453483582,0.8130063414573669,0.38671874999999967,0.6105600595474243,0.31349819680576985
13,0.15892821550369263,0.0003902963362634182,0.0035592615604400635,0.7389214634895325,0.7942302823066711,0.29296875,0.5569987893104553,0.33049974240082436
14,0.16220024228096008,0.003389534540474415,0.0027791261672973633,0.7434155941009521,0.4705822467803955,0.2460937499999999,0.5414159297943115,0.3284389489953632
15,0.15760362148284912,0.0007518278434872627,0.003708779811859131,0.7419052124023438,0.44231265783309937,0.3046874999999999,0.5318506360054016,0.3505924781040698
16,0.14247502386569977,-0.001231296919286251,0.0037474334239959717,0.7457414865493774,0.5910406112670898,0.34765624999999967,0.5312725901603699,0.3778979907264296
17,0.14784131944179535,-0.0010749362409114838,0.004132270812988281,0.7442267537117004,1.2375826835632324,0.2773437499999998,0.5529988408088684,0.35857805255023134
18,0.13324828445911407,-0.0020561227574944496,0.0041942298412323,0.7476686835289001,0.8308637142181396,0.3554687499999998,0.5444160103797913,0.34260690365790825
19,0.14840881526470184,-0.002834365935996175,0.004692971706390381,0.7520559430122375,0.48652321100234985,0.3359374999999998,0.47215530276298523,0.34209170530654254
20,0.15799111127853394,-0.0026165563613176346,0.0047966837882995605,0.7475449442863464,0.5345842242240906,0.2851562499999999,0.4725131690502167,0.34234930448222567
21,0.15630073845386505,-0.0032497840002179146,0.005002766847610474,0.750507116317749,0.5265786051750183,0.2968749999999998,0.4713248014450073,0.34183410613085996
22,0.1455095410346985,-0.0018526939675211906,0.004249244928359985,0.7569849491119385,0.47175586223602295,0.29296875,0.41107314825057983,0.3444100978876863
23,0.1527356058359146,-0.0025893638376146555,0.004821687936782837,0.7563366889953613,0.3542987108230591,0.3046874999999999,0.4506978392601013,0.3431221020092734
24,0.15299096703529358,-0.003936678171157837,0.005257368087768555,0.7549921274185181,0.8916394710540771,0.2773437499999998,0.47444820404052734,0.3431221020092734
25,0.14705277979373932,-0.003985538147389889,0.00506359338760376,0.7506327033042908,0.6483863592147827,0.37109375,0.43037641048431396,0.3431221020092734
26,0.15428346395492554,-0.0033899664413183928,0.005550265312194824,0.7584704160690308,0.4654453992843628,0.2460937499999999,0.4411357045173645,0.31633178773827875
27,0.1504688411951065,-0.0033175181597471237,0.004884123802185059,0.7571487426757812,0.6172667741775513,0.33203125,0.4712829291820526,0.32148377125193195
28,0.13603684306144714,-0.0012680231593549252,0.004079580307006836,0.7558635473251343,0.4797167479991913,0.32031249999999956,0.4679428040981293,0.31968057702215336
29,0.1590871512889862,-0.00312794023193419,0.005070865154266357,0.7559328675270081,0.3780749440193176,0.23046874999999967,0.44878193736076355,0.32071097372488366
30,0.1496005803346634,-0.004022977314889431,0.005246341228485107,0.7586849331855774,1.026068091392517,0.26953124999999967,0.4625776708126068,0.32122617207624937
31,0.16354677081108093,-0.003786451183259487,0.005196511745452881,0.7552571892738342,0.537678062915802,0.17968749999999978,0.4556400179862976,0.31993817619783593
32,0.14268453419208527,-0.003897612215951085,0.004727482795715332,0.7573671936988831,0.5064247250556946,0.33203125,0.46648892760276794,0.3158165893869136
33,0.13981756567955017,-0.004697123076766729,0.005474209785461426,0.7572079300880432,0.4436139166355133,0.3242187499999999,0.44749513268470764,0.31993817619783593
34,0.1496291160583496,-0.005072043277323246,0.005934476852416992,0.7549068331718445,0.4260025918483734,0.28906249999999967,0.4760969281196594,0.31968057702215336
35,0.15558478236198425,-0.004535490646958351,0.005205273628234863,0.7565816044807434,0.39574161171913147,0.23828124999999978,0.47780710458755493,0.3083462132921172
36,0.14803989231586456,-0.00414885813370347,0.00473332405090332,0.7572756409645081,0.5239407420158386,0.26953124999999967,0.45258957147598267,0.2570839773312722
37,0.16130419075489044,-0.00502459891140461,0.0057686567306518555,0.7586355209350586,0.5272603631019592,0.1679687499999999,0.4742218852043152,0.262493560020608
38,0.15180978178977966,-0.00370306265540421,0.004841506481170654,0.7578504085540771,0.3572036027908325,0.2265624999999999,0.4601587653160095,0.27022153529108695
39,0.164566770195961,-0.004127976950258017,0.00534975528717041,0.7548127770423889,0.51925128698349,0.10156249999999978,0.4855312705039978,0.24755280783101463
40,0.15288695693016052,-0.004372487310320139,0.00513613224029541,0.7587313652038574,0.46987131237983704,0.2070312499999999,0.47898218035697937,0.24420401854714058
41,0.16318467259407043,-0.005350604187697172,0.00601804256439209,0.7643132209777832,0.6373078227043152,0.16406249999999956,0.47543007135391235,0.2599175682637811
42,0.1533166766166687,-0.004761418327689171,0.0054444074630737305,0.7638271450996399,0.4616672694683075,0.19140624999999967,0.4698497951030731,0.2539927872230807
43,0.14967894554138184,-0.004583745263516903,0.005219221115112305,0.7603986263275146,0.9352604150772095,0.1874999999999999,0.4673756957054138,0.2449768160741883
44,0.14601773023605347,-0.005446381401270628,0.006001651287078857,0.7613241672515869,0.65848308801651,0.23828124999999978,0.48015695810317993,0.2573415765069548
45,0.14373460412025452,-0.004576476290822029,0.0051860809326171875,0.7588721513748169,0.7843881845474243,0.234375,0.4472944140434265,0.2645543534260686
46,0.15523900091648102,-0.004301832057535648,0.005539655685424805,0.7605623006820679,0.5321908593177795,0.21484375,0.4786316156387329,0.25553838227717673
47,0.139994814991951,-0.004522358067333698,0.005425393581390381,0.7617200613021851,0.41877269744873047,0.2460937499999999,0.4632093012332916,0.2570839773312722
48,0.1443166434764862,-0.005530452821403742,0.005964875221252441,0.7640315890312195,0.5451434850692749,0.2773437499999998,0.44347918033599854,0.2527047913446673
49,0.14213792979717255,-0.005876817740499973,0.006254076957702637,0.7652431130409241,0.5959094166755676,0.17968749999999978,0.46405619382858276,0.255023183925811
50,0.15688692033290863,-0.005611314903944731,0.006089925765991211,0.7634954452514648,0.5090687870979309,0.1171875,0.4641536474227905,0.26197836166924227
51,0.14381544291973114,-0.003909367602318525,0.0051860809326171875,0.7587847709655762,0.5000991821289062,0.17578125,0.4790249466896057,0.2570839773312722
52,0.13702920079231262,-0.005178209859877825,0.005629360675811768,0.7658487558364868,0.30830734968185425,0.2734375,0.4672428369522095,0.25759917568263735
53,0.1538141667842865,-0.005811337381601334,0.006220221519470215,0.7617756724357605,0.29289841651916504,0.23828124999999978,0.4418947398662567,0.26094796496651196
54,0.15327568352222443,-0.005063663702458143,0.005490124225616455,0.7649633884429932,0.3085830807685852,0.23046874999999967,0.4540241062641144,0.26687274600721234
55,0.14338010549545288,-0.006249904166907072,0.006735444068908691,0.7613455653190613,0.47333940863609314,0.24999999999999967,0.46043065190315247,0.26094796496651196
56,0.16063188016414642,-0.006604126654565334,0.007152736186981201,0.7703996896743774,0.31082141399383545,0.12109374999999978,0.4529580771923065,0.26300875837197313
57,0.12163832038640976,-0.005570429842919111,0.005954623222351074,0.7684224247932434,0.4387985169887543,0.3437499999999999,0.4496960937976837,0.26841834106130835
58,0.1606861799955368,-0.0061790975742042065,0.006601989269256592,0.7606917023658752,0.6770053505897522,0.18359374999999956,0.4290773570537567,0.26738794435857804
59,0.14778578281402588,-0.00557789858430624,0.006041407585144043,0.7638874053955078,0.5668206810951233,0.2460937499999999,0.4593609869480133,0.2653271509531169
60,0.13572697341442108,-0.005716187879443169,0.006076037883758545,0.767717182636261,0.4602673649787903,0.17968749999999978,0.4455876350402832,0.26558475012879945
61,0.15345638990402222,-0.0057169473730027676,0.006084024906158447,0.7622455358505249,1.1474192142486572,0.234375,0.4446031153202057,0.2648119526017517
62,0.15243937075138092,-0.006494012661278248,0.0068351030349731445,0.7643869519233704,0.2791806757450104,0.14453124999999956,0.4349769055843353,0.2617207624935597
63,0.15821000933647156,-0.005846426822245121,0.0067787766456604,0.7668216824531555,0.35546788573265076,0.19921874999999978,0.42354080080986023,0.26403915507470344
64,0.1511499285697937,-0.005771473981440067,0.006072044372558594,0.7695217132568359,0.5370644927024841,0.26171874999999956,0.41368523240089417,0.2660999484801646
65,0.14712753891944885,-0.0061402046121656895,0.006553769111633301,0.7651422619819641,0.418880432844162,0.25390625,0.435208261013031,0.26223596084492484
66,0.15753178298473358,-0.005948077421635389,0.006581604480743408,0.7644219994544983,0.46254217624664307,0.21484375,0.40936267375946045,0.2645543534260686
67,0.14258259534835815,-0.0059178839437663555,0.0062493085861206055,0.7622326612472534,0.7146164178848267,0.28124999999999956,0.4288148880004883,0.26558475012879945
68,0.15586525201797485,-0.005509336944669485,0.005963802337646484,0.7640694975852966,0.5697423815727234,0.15234374999999967,0.4074728488922119,0.2648119526017517
69,0.14553888142108917,-0.006364845205098391,0.006718873977661133,0.7678735256195068,0.394778847694397,0.2578124999999998,0.42641013860702515,0.2617207624935597
70,0.14632964134216309,-0.006666256580501795,0.006882905960083008,0.7645463943481445,0.48531249165534973,0.2968749999999998,0.4251525402069092,0.26403915507470344
71,0.13716097176074982,-0.006078141275793314,0.00646209716796875,0.7649802565574646,0.5873619914054871,0.24999999999999967,0.4276854991912842,0.26713034518289547
72,0.14263112843036652,-0.006886628456413746,0.007232785224914551,0.7666385769844055,0.34964603185653687,0.3164062499999998,0.41983383893966675,0.27305512622359585
73,0.15742924809455872,-0.0062447949312627316,0.006568610668182373,0.7633100152015686,0.3807385563850403,0.15625,0.41120555996894836,0.26275115919629055
74,0.13626722991466522,-0.005855144001543522,0.006154537200927734,0.7621524930000305,0.49710530042648315,0.35937499999999956,0.41889429092407227,0.26558475012879945
75,0.1546156406402588,-0.005779901519417763,0.006467282772064209,0.7656097412109375,0.5433484315872192,0.28124999999999956,0.4261071979999542,0.26944873776403866
76,0.15754768252372742,-0.006659951992332935,0.0074340105056762695,0.7658003568649292,0.39785370230674744,0.17578125,0.43174076080322266,0.26687274600721234
77,0.1550160050392151,-0.007332907989621162,0.007575869560241699,0.7665032148361206,1.056512713432312,0.18359374999999956,0.42140644788742065,0.26223596084492484
78,0.14709389209747314,-0.006494127679616213,0.006916224956512451,0.7703503370285034,0.4997819662094116,0.2734375,0.4257756769657135,0.26841834106130835
79,0.15054817497730255,-0.0064439233392477036,0.006865799427032471,0.7643258571624756,0.5992624163627625,0.19921874999999978,0.408413827419281,0.26713034518289547
80,0.13937392830848694,-0.006259462330490351,0.0065787434577941895,0.765604555606842,0.5450530648231506,0.21484375,0.43031713366508484,0.2650695517774343
81,0.1589120328426361,-0.006834873929619789,0.007266104221343994,0.766682505607605,0.46671345829963684,0.15625,0.4422088861465454,0.2645543534260686
82,0.14457319676876068,-0.0062647308222949505,0.00653076171875,0.766897439956665,0.42654651403427124,0.2968749999999998,0.4107753038406372,0.2645543534260686
83,0.1545201987028122,-0.005885944701731205,0.006234645843505859,0.7647609710693359,0.400624543428421,0.21093749999999967,0.4074656069278717,0.2681607418856258
84,0.15869462490081787,-0.006190064363181591,0.006690382957458496,0.7615655660629272,0.6977357864379883,0.18359374999999956,0.4225928485393524,0.2650695517774343
85,0.16418901085853577,-0.006677230820059776,0.007323503494262695,0.7629624009132385,0.6290081739425659,0.10937499999999989,0.4172881841659546,0.26944873776403866
86,0.14421148598194122,-0.006879397667944431,0.007176458835601807,0.7671593427658081,0.4016812741756439,0.3046874999999999,0.4277026355266571,0.26841834106130835
87,0.13836437463760376,-0.006525143049657345,0.006730377674102783,0.763364315032959,0.3589460849761963,0.2773437499999998,0.4221799075603485,0.2681607418856258
88,0.1539570689201355,-0.006971240043640137,0.0072060227394104,0.7720280885696411,0.6269440650939941,0.2460937499999999,0.43370771408081055,0.2676455435342606
89,0.15143655240535736,-0.006425537168979645,0.0067231059074401855,0.7629159092903137,0.45720675587654114,0.25390625,0.41199469566345215,0.2650695517774343
90,0.14132073521614075,-0.006346490234136581,0.006639420986175537,0.7584901452064514,0.48378074169158936,0.14062499999999978,0.419847309589386,0.26661514683152976
91,0.14868293702602386,-0.006410646717995405,0.007133662700653076,0.7658213973045349,0.765906810760498,0.23046874999999967,0.44008901715278625,0.2676455435342606
92,0.14966467022895813,-0.0063775344751775265,0.006719231605529785,0.7631880640983582,0.4063318967819214,0.1679687499999999,0.4173933267593384,0.2617207624935597
93,0.16200822591781616,-0.006857578177005053,0.0072013139724731445,0.7652519941329956,0.4200989305973053,0.12499999999999956,0.4301672875881195,0.26275115919629055
94,0.14034734666347504,-0.006363697815686464,0.006769716739654541,0.7667776942253113,0.5043113231658936,0.2265624999999999,0.424089640378952,0.2663575476558472
95,0.13852113485336304,-0.0064523788169026375,0.0067498087882995605,0.7657391428947449,0.27964460849761963,0.29296875,0.4021983742713928,0.2681607418856258
96,0.141682967543602,-0.006454873830080032,0.007305562496185303,0.7657992243766785,0.5477030277252197,0.26171874999999956,0.4170664846897125,0.27022153529108695
97,0.15167337656021118,-0.006563358940184116,0.006950318813323975,0.7656691670417786,0.42703914642333984,0.21874999999999978,0.42121830582618713,0.26738794435857804
98,0.14619438350200653,-0.006455258000642061,0.006651937961578369,0.7648483514785767,0.39858943223953247,0.2460937499999999,0.4274097681045532,0.26841834106130835
99,0.14121468365192413,-0.006555925589054823,0.0067896246910095215,0.7675711512565613,0.5270448923110962,0.24218749999999956,0.4235662519931793,0.2653271509531169
100,0.14434969425201416,-0.007433597929775715,0.007675051689147949,0.7689998149871826,0.42544105648994446,0.25390625,0.4299573302268982,0.26996393611540437
101,0.14010114967823029,-0.006291150115430355,0.00659865140914917,0.7642912864685059,0.7528618574142456,0.19921874999999978,0.42459774017333984,0.2663575476558472
102,0.1549704223871231,-0.006821511313319206,0.007064640522003174,0.7628698348999023,0.4543338119983673,0.24218749999999956,0.4230780601501465,0.26713034518289547
103,0.14425070583820343,-0.005587992258369923,0.006938815116882324,0.7613152265548706,0.2938295304775238,0.3125,0.4265872836112976,0.2650695517774343
104,0.14812497794628143,-0.006285262294113636,0.006833851337432861,0.7646605968475342,0.36799654364585876,0.26953124999999967,0.430675208568573,0.2676455435342606
105,0.15165700018405914,-0.006690672133117914,0.006969094276428223,0.7628329396247864,0.3543822765350342,0.2656249999999999,0.43401452898979187,0.2697063369397218
106,0.13811296224594116,-0.006606526672840118,0.006869912147521973,0.7692519426345825,0.34895631670951843,0.2656249999999999,0.41146284341812134,0.26713034518289547
107,0.14388369023799896,-0.00732453865930438,0.007546186447143555,0.7636012434959412,0.7456140518188477,0.234375,0.43001124262809753,0.27150953116949983
108,0.14743587374687195,-0.006710171699523926,0.007250428199768066,0.7624841928482056,0.4982262849807739,0.22265624999999956,0.410958856344223,0.2679031427099432
109,0.13289406895637512,-0.006502256728708744,0.006973862648010254,0.7696904540061951,0.7096326947212219,0.29296875,0.4303106963634491,0.27022153529108695
110,0.14025892317295074,-0.006384397856891155,0.006811559200286865,0.7631686329841614,0.38347408175468445,0.234375,0.41606801748275757,0.26996393611540437
111,0.147569939494133,-0.007050200365483761,0.007318556308746338,0.7676205039024353,0.5678693056106567,0.14453124999999956,0.4340749979019165,0.2663575476558472
112,0.1323058158159256,-0.006131839007139206,0.006339371204376221,0.7687849998474121,0.3870353400707245,0.2968749999999998,0.42274025082588196,0.2717671303451824
113,0.149895578622818,-0.007646257057785988,0.007902145385742188,0.7655302882194519,0.7135422229766846,0.22265624999999956,0.4284665286540985,0.2681607418856258
114,0.14653551578521729,-0.007428366225212812,0.007685244083404541,0.7681588530540466,0.48138099908828735,0.21093749999999967,0.42784228920936584,0.26738794435857804
115,0.14826074242591858,-0.006299154832959175,0.006774723529815674,0.7628684043884277,0.4988555908203125,0.26953124999999967,0.4203765392303467,0.27022153529108695
116,0.13458868861198425,-0.006571349687874317,0.006869018077850342,0.76666659116745,0.41449445486068726,0.3125,0.42032432556152344,0.2679031427099432
117,0.16305871307849884,-0.006689046509563923,0.007233858108520508,0.7686342597007751,0.3409748077392578,0.24218749999999956,0.41955065727233887,0.26996393611540437
118,0.14851446449756622,-0.006904998328536749,0.007563352584838867,0.7709472179412842,0.6199246644973755,0.22265624999999956,0.422437459230423,0.2681607418856258
119,0.16713044047355652,-0.007049990817904472,0.007240653038024902,0.7647225260734558,0.4243561923503876,0.19921874999999978,0.4213748574256897,0.2691911385883561
120,0.15816953778266907,-0.005941359791904688,0.007768690586090088,0.7651788592338562,0.47240734100341797,0.17578125,0.4308127760887146,0.27408552292632615
121,0.1512213796377182,-0.006819894537329674,0.007475018501281738,0.7719378471374512,0.45772233605384827,0.26171874999999956,0.41561436653137207,0.26661514683152976
122,0.15708915889263153,-0.007411540951579809,0.007733941078186035,0.7684908509254456,0.4720281958580017,0.17187499999999967,0.4313605725765228,0.26687274600721234
123,0.15556901693344116,-0.0066871861927211285,0.006955504417419434,0.7711923718452454,0.3982885181903839,0.22265624999999956,0.4140262305736542,0.2660999484801646
124,0.14224907755851746,-0.006895976606756449,0.007179558277130127,0.7667721509933472,0.4214136600494385,0.26171874999999956,0.4290663003921509,0.2676455435342606
125,0.15771980583667755,-0.006539456080645323,0.006800949573516846,0.7735718488693237,0.9869444370269775,0.2773437499999998,0.4168887436389923,0.2697063369397218
126,0.13900905847549438,-0.006835598032921553,0.007322072982788086,0.7708391547203064,0.33624914288520813,0.21874999999999978,0.4398089349269867,0.2697063369397218
127,0.14736054837703705,-0.006330681964755058,0.0076413750648498535,0.7610610127449036,0.556196928024292,0.2460937499999999,0.41690531373023987,0.27125193199381725
128,0.1513463407754898,-0.006219810340553522,0.007143497467041016,0.7665584683418274,0.5258256196975708,0.21484375,0.4148203730583191,0.2733127253992784
129,0.15209820866584778,-0.0067639779299497604,0.0074024200439453125,0.7653893828392029,0.48275673389434814,0.19921874999999978,0.4271261692047119,0.26738794435857804
130,0.15297727286815643,-0.00656145578250289,0.007155776023864746,0.7644063234329224,0.9102520942687988,0.1953125,0.4246710538864136,0.2681607418856258
131,0.15170681476593018,-0.007537223864346743,0.007777571678161621,0.7704488635063171,0.6366048455238342,0.2851562499999999,0.4234310984611511,0.2733127253992784
132,0.1465197056531906,-0.006303961388766766,0.006728172302246094,0.7722150087356567,0.5347548127174377,0.26171874999999956,0.4159460663795471,0.27408552292632615
133,0.13830840587615967,-0.0061946529895067215,0.007870852947235107,0.7679662108421326,0.3127245008945465,0.28906249999999967,0.42309167981147766,0.26944873776403866
134,0.1495482474565506,-0.006407667882740498,0.0073479413986206055,0.7703505158424377,0.43025463819503784,0.21093749999999967,0.4246509373188019,0.2681607418856258
135,0.14252865314483643,-0.006942686624825001,0.00737231969833374,0.7650161385536194,0.3968006670475006,0.2070312499999999,0.4293805956840515,0.2743431221020093
136,0.1459396481513977,-0.007240917067974806,0.0074506402015686035,0.7684445977210999,0.5492334961891174,0.28124999999999956,0.4282434284687042,0.27279752704791327
137,0.14516477286815643,-0.006313871126621962,0.006612956523895264,0.7668569684028625,0.35566407442092896,0.24999999999999967,0.4254862368106842,0.26738794435857804
138,0.14725899696350098,-0.007067230995744467,0.007365703582763672,0.769665002822876,0.31963205337524414,0.2070312499999999,0.42973393201828003,0.2697063369397218
139,0.13384859263896942,-0.006886672228574753,0.007090151309967041,0.7664893269538879,0.2832461893558502,0.2656249999999999,0.43050697445869446,0.27022153529108695
140,0.13187505304813385,-0.006197960581630468,0.006528198719024658,0.7624675631523132,0.4331502318382263,0.2851562499999999,0.43367478251457214,0.26867594023699093
141,0.14644111692905426,-0.0063574411906301975,0.007104158401489258,0.7641119956970215,0.2891945540904999,0.19140624999999967,0.4235229194164276,0.26867594023699093
142,0.14670099318027496,-0.006796773057430983,0.0071190595626831055,0.7675411105155945,0.4554593563079834,0.234375,0.42812129855155945,0.2704791344667695
143,0.14353173971176147,-0.007855737581849098,0.008270323276519775,0.7616320252418518,0.5328376889228821,0.2851562499999999,0.43266597390174866,0.2704791344667695
144,0.14749793708324432,-0.00692635215818882,0.007864892482757568,0.7713283896446228,0.7238865494728088,0.2578124999999998,0.42393359541893005,0.2681607418856258
145,0.1445848047733307,-0.005976875778287649,0.006437778472900391,0.764882504940033,0.4456632733345032,0.25390625,0.4349939525127411,0.273570324574961
146,0.14396558701992035,-0.0061109974049031734,0.006385385990142822,0.7627460360527039,0.8140115737915039,0.24218749999999956,0.43689510226249695,0.2764039155074699
147,0.14510329067707062,-0.006160006858408451,0.006718456745147705,0.7610508799552917,0.4258817732334137,0.2851562499999999,0.4347802698612213,0.28207109737248826
148,0.1448477804660797,-0.005551603622734547,0.00583040714263916,0.7634960412979126,0.382798969745636,0.2070312499999999,0.4114142656326294,0.27949510561566193
149,0.1458810418844223,-0.0062126656994223595,0.0065253376960754395,0.7626680135726929,0.4364369213581085,0.2578124999999998,0.4198906719684601,0.2797527047913445
150,0.1532304435968399,-0.0063645425252616405,0.006580471992492676,0.7677837014198303,0.3720191419124603,0.15625,0.42617496848106384,0.27743431221020076
151,0.14736467599868774,-0.006572370417416096,0.006870150566101074,0.7737618088722229,0.5185601711273193,0.2070312499999999,0.4243113696575165,0.27563111798042217
152,0.15077738463878632,-0.006100045517086983,0.00661998987197876,0.7666988968849182,0.5085600018501282,0.17578125,0.4299205541610718,0.273570324574961
153,0.14894042909145355,-0.006610788870602846,0.007052421569824219,0.7692524790763855,0.5421841144561768,0.30078124999999956,0.42217525839805603,0.27769191138588334
154,0.14334622025489807,-0.006619865074753761,0.006907343864440918,0.7673498392105103,0.48550307750701904,0.2070312499999999,0.4196275472640991,0.2764039155074699
155,0.14857420325279236,-0.006245040334761143,0.006602764129638672,0.7626058459281921,0.5866143107414246,0.22265624999999956,0.43550270795822144,0.2743431221020093
156,0.15036076307296753,-0.0066407364793121815,0.0069321393966674805,0.7689302563667297,0.3516612648963928,0.33984374999999956,0.42447882890701294,0.2761463163317873
157,0.13396137952804565,-0.006799018941819668,0.007264554500579834,0.7676264047622681,0.5625385046005249,0.3046874999999999,0.430735319852829,0.27769191138588334
158,0.14174355566501617,-0.0062464321963489056,0.006796419620513916,0.7629882097244263,0.2340191751718521,0.30859374999999967,0.4100986421108246,0.27872230808861365
159,0.14071278274059296,-0.007313331123441458,0.007727622985839844,0.765727698802948,0.527843177318573,0.2851562499999999,0.4264236390590668,0.27485832045337444
160,0.14955072104930878,-0.006044609006494284,0.0070098042488098145,0.7724484801292419,0.8741684556007385,0.30078124999999956,0.4147844612598419,0.27743431221020076
161,0.13298821449279785,-0.007542017847299576,0.007826447486877441,0.7662896513938904,0.37165188789367676,0.3164062499999998,0.4230925142765045,0.2771767130345182
162,0.14147019386291504,-0.006375003606081009,0.007052361965179443,0.7663909196853638,0.32746967673301697,0.2734375,0.43395552039146423,0.2797527047913445
163,0.14780943095684052,-0.006797232665121555,0.007033050060272217,0.7642656564712524,0.5382717251777649,0.28906249999999967,0.4226154685020447,0.27666151468315303
164,0.14983586966991425,-0.006467529106885195,0.00695490837097168,0.7693787217140198,0.43082717061042786,0.1679687499999999,0.4184790551662445,0.275115919629057
165,0.14941290020942688,-0.005522597581148148,0.006002306938171387,0.7691423892974854,0.4583553969860077,0.21874999999999978,0.4163019061088562,0.27125193199381725
166,0.1448201984167099,-0.006358789745718241,0.00685429573059082,0.7638533711433411,0.3889802098274231,0.21093749999999967,0.425311803817749,0.2722823286965481
167,0.143748477101326,-0.005257980898022652,0.006072044372558594,0.7605254650115967,0.5730463862419128,0.23046874999999967,0.42883631587028503,0.27305512622359585
168,0.14859804511070251,-0.0057915071956813335,0.006164252758026123,0.7599359750747681,0.32791846990585327,0.28124999999999956,0.41178929805755615,0.27485832045337444
169,0.15584969520568848,-0.005785669200122356,0.006121516227722168,0.7600942850112915,0.33159902691841125,0.22265624999999956,0.41409438848495483,0.2761463163317873
170,0.14055544137954712,-0.006677039433270693,0.007506847381591797,0.7696121335029602,0.2714798152446747,0.20312499999999956,0.4142429232597351,0.2761463163317873
171,0.14696045219898224,-0.004291303921490908,0.005603492259979248,0.7653381824493408,0.5491175055503845,0.15625,0.41308847069740295,0.2743431221020093
172,0.15641865134239197,-0.005673033185303211,0.0063402652740478516,0.7613741159439087,0.47204557061195374,0.21484375,0.4296916127204895,0.27563111798042217
173,0.14799264073371887,-0.00596093013882637,0.006165266036987305,0.761157751083374,0.5682104825973511,0.2968749999999998,0.4168827533721924,0.27666151468315303
174,0.1587042212486267,-0.005936006549745798,0.006239831447601318,0.7663472294807434,0.33018383383750916,0.1679687499999999,0.4115528464317322,0.2771767130345182
175,0.1499367356300354,-0.005611661821603775,0.005879580974578857,0.7681012749671936,0.38862231373786926,0.2265624999999999,0.42844176292419434,0.2789799072642968
176,0.15403921902179718,-0.0056939623318612576,0.006330132484436035,0.7670785784721375,0.4491406977176666,0.24999999999999967,0.42844799160957336,0.27743431221020076
177,0.14660470187664032,-0.005826275795698166,0.006104648113250732,0.7649567127227783,0.46433597803115845,0.22265624999999956,0.4253511130809784,0.27666151468315303
178,0.1507977992296219,-0.006312101613730192,0.006640732288360596,0.7645211219787598,0.6295725703239441,0.24218749999999956,0.4413042962551117,0.2807831014940748
179,0.15524105727672577,-0.006025800481438637,0.006409347057342529,0.7644206881523132,0.27661606669425964,0.22265624999999956,0.41837140917778015,0.27923750643997935
180,0.1592848300933838,-0.006462411489337683,0.006742238998413086,0.7655196189880371,0.8041092753410339,0.2773437499999998,0.4266510009765625,0.282843894899536
181,0.13883262872695923,-0.006764858029782772,0.007045447826385498,0.7578365206718445,0.3734104633331299,0.32031249999999956,0.4100354015827179,0.28052550231839224
182,0.14571204781532288,-0.006321576423943043,0.006514430046081543,0.7700106501579285,0.3182913362979889,0.28906249999999967,0.42289602756500244,0.2782071097372485
183,0.15869583189487457,-0.006570853758603334,0.00685960054397583,0.7640506029129028,0.5447373986244202,0.1289062499999999,0.4182088375091553,0.27923750643997935
184,0.1546037197113037,-0.005821007303893566,0.00603872537612915,0.7676013112068176,0.5069722533226013,0.2968749999999998,0.4326545298099518,0.28335909325090114
185,0.14092464745044708,-0.00697889132425189,0.007290303707122803,0.7597823143005371,0.5372463464736938,0.2578124999999998,0.4172450006008148,0.2797527047913445
186,0.1508578509092331,-0.006260963622480631,0.006476938724517822,0.7670779824256897,0.55940842628479,0.23046874999999967,0.4232415556907654,0.2872230808861409
187,0.1443350911140442,-0.006548168137669563,0.006787002086639404,0.7637636065483093,0.34726786613464355,0.24218749999999956,0.4198620617389679,0.2797527047913445
188,0.14511656761169434,-0.006509449798613787,0.006777524948120117,0.7633100152015686,0.47801002860069275,0.2968749999999998,0.4135986566543579,0.28310149407521856
189,0.14354528486728668,-0.006284743547439575,0.006454765796661377,0.7658413052558899,0.4956984519958496,0.29296875,0.43163570761680603,0.28207109737248826
190,0.1416475921869278,-0.0066114747896790504,0.006830453872680664,0.7610995173454285,0.2916240990161896,0.25390625,0.42489710450172424,0.28026790314270966
191,0.14758963882923126,-0.005816505290567875,0.006115078926086426,0.7628686428070068,0.6592667698860168,0.26953124999999967,0.43523842096328735,0.275115919629057
192,0.1472979485988617,-0.006813878193497658,0.007471680641174316,0.7673206329345703,0.7647596001625061,0.24999999999999967,0.4283376932144165,0.2810407006697574
193,0.14821606874465942,-0.006903988309204578,0.007287442684173584,0.7668361663818359,0.771044909954071,0.3125,0.4117698669433594,0.2810407006697574
194,0.142779141664505,-0.005709903314709663,0.005997598171234131,0.762116551399231,0.4221104085445404,0.21093749999999967,0.42015883326530457,0.27923750643997935
195,0.14054259657859802,-0.00607278011739254,0.006693899631500244,0.7623740434646606,0.8544769883155823,0.23828124999999978,0.4405674338340759,0.2800103039670271
196,0.13725292682647705,-0.006743791047483683,0.006912171840667725,0.758523166179657,0.4271046221256256,0.2968749999999998,0.4192093312740326,0.27666151468315303
197,0.15005871653556824,-0.006398779805749655,0.006721913814544678,0.7648225426673889,0.5742568373680115,0.234375,0.4158596694469452,0.27949510561566193
198,0.15259209275245667,-0.006349744740873575,0.006514489650726318,0.7597464919090271,0.9480527639389038,0.17187499999999967,0.4230159819126129,0.28799587841318863
199,0.1515973061323166,-0.006545365322381258,0.006739497184753418,0.7631511688232422,0.5521872639656067,0.2460937499999999,0.43837466835975647,0.28361669242658427
200,0.15271355211734772,-0.0055784787982702255,0.006404876708984375,0.7574170827865601,0.42805954813957214,0.21874999999999978,0.4405907094478607,0.27769191138588334
201,0.14331114292144775,-0.006161753553897142,0.006535470485687256,0.765497624874115,0.404104083776474,0.24999999999999967,0.42852121591567993,0.28207109737248826
202,0.15511126816272736,-0.004817847162485123,0.006545126438140869,0.7618301510810852,0.7137936353683472,0.17187499999999967,0.43222925066947937,0.2861926841834106
203,0.13852597773075104,-0.0058003379963338375,0.006210803985595703,0.7582640647888184,0.7546523809432983,0.2968749999999998,0.42835885286331177,0.2890262751159195
204,0.14949141442775726,-0.005632518790662289,0.006426215171813965,0.7605907917022705,0.24327975511550903,0.234375,0.4332020878791809,0.2897990726429672
205,0.14724689722061157,-0.0048305075615644455,0.0065950751304626465,0.7663057446479797,0.45386433601379395,0.3515625,0.42615947127342224,0.284389489953632
206,0.15149927139282227,-0.0059823086485266685,0.006611824035644531,0.7610439658164978,0.3550165891647339,0.26953124999999967,0.4272909164428711,0.2810407006697574
207,0.1389797478914261,-0.006275423336774111,0.006599545478820801,0.7679998874664307,0.5684621930122375,0.26171874999999956,0.4266354739665985,0.2846470891293146
208,0.14677801728248596,-0.006329325959086418,0.006741523742675781,0.7669594287872314,0.4073547124862671,0.21484375,0.4358583390712738,0.27846470891293107
209,0.14704009890556335,-0.006122504360973835,0.006366372108459473,0.7600256204605103,0.91302490234375,0.2265624999999999,0.4293552041053772,0.2869654817104583
210,0.13837599754333496,-0.006566029507666826,0.006739139556884766,0.7691338062286377,0.7509069442749023,0.3125,0.4221476912498474,0.28361669242658427
211,0.1434231549501419,-0.006245351396501064,0.006423830986022949,0.762496829032898,0.6307510733604431,0.23828124999999978,0.4268548786640167,0.2812982998454405
212,0.14655090868473053,-0.0064041754230856895,0.006685912609100342,0.7602468132972717,0.4361838400363922,0.1953125,0.4280394911766052,0.2846470891293146
213,0.15436393022537231,-0.005874058697372675,0.006658375263214111,0.7633398771286011,0.397708535194397,0.2773437499999998,0.42616647481918335,0.28052550231839224
214,0.1526569426059723,-0.006504245102405548,0.00685650110244751,0.7623171806335449,0.5242362022399902,0.24218749999999956,0.4363706707954407,0.28645028335909317
215,0.14997485280036926,-0.005804307758808136,0.006030917167663574,0.7636303901672363,0.3907163143157959,0.22265624999999956,0.4086923599243164,0.28928387429160207
216,0.15925264358520508,-0.006065309513360262,0.006421983242034912,0.7645397186279297,0.5082212686538696,0.1874999999999999,0.43652108311653137,0.2897990726429672
217,0.13536576926708221,-0.007080294191837311,0.007712900638580322,0.765293300151825,0.37194398045539856,0.2851562499999999,0.4372893273830414,0.28773827923750606
218,0.14548197388648987,-0.006060019601136446,0.0067504048347473145,0.7645284533500671,0.4979712665081024,0.21093749999999967,0.4269832968711853,0.2818134981968057
219,0.14499391615390778,-0.006346549838781357,0.006518959999084473,0.761693000793457,0.35631224513053894,0.19921874999999978,0.4294984042644501,0.2812982998454405
220,0.14503391087055206,-0.006639918312430382,0.007094979286193848,0.7677274346351624,0.24463948607444763,0.28124999999999956,0.4318867027759552,0.28670788253477575
221,0.14712095260620117,-0.006917260587215424,0.007184803485870361,0.7631256580352783,0.3708687424659729,0.26953124999999967,0.41687366366386414,0.28928387429160207
222,0.1514863520860672,-0.0058550722897052765,0.006128191947937012,0.7622779011726379,0.5512394905090332,0.16406249999999956,0.43143072724342346,0.28516228748067973
223,0.15981332957744598,-0.005314788781106472,0.006031811237335205,0.7614661455154419,0.8140559792518616,0.1953125,0.41965585947036743,0.2807831014940748
224,0.1501227617263794,-0.0066018374636769295,0.006897985935211182,0.7645462155342102,0.34923630952835083,0.21874999999999978,0.43343356251716614,0.2818134981968057
225,0.14773324131965637,-0.004435346927493811,0.006379961967468262,0.7611691355705261,0.4707455635070801,0.2460937499999999,0.43842005729675293,0.2874806800618235
226,0.15811224281787872,-0.006549849174916744,0.006718993186950684,0.7616713047027588,0.4521233141422272,0.16406249999999956,0.41813668608665466,0.2874806800618235
227,0.13658000528812408,-0.006181837059557438,0.007687389850616455,0.7626433372497559,0.5666902661323547,0.3046874999999999,0.42066746950149536,0.2890262751159195
228,0.1510000079870224,-0.00490724528208375,0.0065844058990478516,0.7661022543907166,0.4615606665611267,0.2265624999999999,0.42247292399406433,0.2856774858320449
229,0.1468251645565033,-0.0057632518000900745,0.006499826908111572,0.7659931182861328,0.4864857494831085,0.2656249999999999,0.42252492904663086,0.28954147346728465
230,0.14705894887447357,-0.006379204802215099,0.006820201873779297,0.7620055675506592,0.48464053869247437,0.13671875,0.427357941865921,0.28516228748067973
231,0.12891003489494324,-0.0064443564042449,0.007157385349273682,0.7684615254402161,0.6659438610076904,0.4023437499999999,0.4224962890148163,0.2874806800618235
232,0.14878003299236298,-0.006542716640979052,0.006795823574066162,0.7575160264968872,0.715494692325592,0.2578124999999998,0.4233372211456299,0.28490468830499716
233,0.13940297067165375,-0.006249978207051754,0.006515979766845703,0.7629599571228027,0.5805490016937256,0.26953124999999967,0.4259161651134491,0.28232869654817083
234,0.14900682866573334,-0.006241415161639452,0.006543338298797607,0.7610000967979431,0.41111454367637634,0.25390625,0.42575737833976746,0.282843894899536
235,0.13936685025691986,-0.006034029182046652,0.006196141242980957,0.759207010269165,0.552902340888977,0.2656249999999999,0.4253278374671936,0.2797527047913445
236,0.15137310326099396,-0.006183263845741749,0.006402313709259033,0.761974573135376,0.43525952100753784,0.19140624999999967,0.41984036564826965,0.2812982998454405
237,0.1485125869512558,-0.0064438930712640285,0.006663024425506592,0.7599890232086182,0.8341728448867798,0.28906249999999967,0.4343026578426361,0.28387429160226685
238,0.14470174908638,-0.005901639349758625,0.006074965000152588,0.7573201656341553,0.4611724615097046,0.19140624999999967,0.4243159890174866,0.2807831014940748
239,0.14564934372901917,-0.006419633515179157,0.006657540798187256,0.7709248661994934,0.3115069270133972,0.30078124999999956,0.42839598655700684,0.28207109737248826
240,0.14848455786705017,-0.00711307767778635,0.007310807704925537,0.7708736062049866,0.6053817868232727,0.234375,0.4252079427242279,0.28387429160226685
241,0.1470780074596405,-0.0064202239736914635,0.006628930568695068,0.7675731182098389,0.6780816912651062,0.24999999999999967,0.4279138147830963,0.28490468830499716
242,0.14648714661598206,-0.005882713478058577,0.006174206733703613,0.7615442276000977,0.5604209899902344,0.29296875,0.4299870729446411,0.2869654817104583
243,0.15610304474830627,-0.005899232812225819,0.006103515625,0.7668361067771912,0.7180157899856567,0.22265624999999956,0.42575159668922424,0.28516228748067973
244,0.1499117761850357,-0.005223714280873537,0.005900204181671143,0.7586227059364319,0.4417306184768677,0.24218749999999956,0.42099034786224365,0.285935085007728
245,0.14664730429649353,-0.006570974364876747,0.006910383701324463,0.7630788683891296,0.32007232308387756,0.2968749999999998,0.4256298542022705,0.28954147346728465
246,0.15706223249435425,-0.005760254338383675,0.006097078323364258,0.7643982768058777,0.6044442057609558,0.13671875,0.4161217212677002,0.28670788253477575
247,0.13582424819469452,-0.006409903988242149,0.006654798984527588,0.7569122314453125,0.34456002712249756,0.2460937499999999,0.42148303985595703,0.2887686759402369
248,0.15286162495613098,-0.006535225547850132,0.007030844688415527,0.7667124271392822,0.40296927094459534,0.1953125,0.4259156286716461,0.284389489953632
249,0.13600173592567444,-0.005664951633661985,0.006110966205596924,0.7647905945777893,0.4262945353984833,0.25390625,0.41009366512298584,0.28799587841318863
250,0.14479348063468933,-0.006287386640906334,0.006673693656921387,0.7632846236228943,0.4603913724422455,0.18359374999999956,0.4113064408302307,0.2903142709943324
251,0.14182764291763306,-0.0061508845537900925,0.006306886672973633,0.7686893343925476,0.484476238489151,0.26953124999999967,0.4209810197353363,0.2856774858320449
252,0.14256560802459717,-0.006840894930064678,0.007037818431854248,0.7674719095230103,0.8345885872840881,0.29296875,0.4269794821739197,0.2872230808861409
253,0.13499605655670166,-0.0061820331029593945,0.006421148777008057,0.7688961625099182,0.5898780226707458,0.3359374999999998,0.4210793673992157,0.28490468830499716
254,0.14425747096538544,-0.006790600251406431,0.007207036018371582,0.7635864019393921,0.5983719825744629,0.32031249999999956,0.43697693943977356,0.28361669242658427
255,0.15097887814044952,-0.006373210810124874,0.006640136241912842,0.7625686526298523,0.39382728934288025,0.1679687499999999,0.43674731254577637,0.2890262751159195
256,0.14770695567131042,-0.004647602792829275,0.006295680999755859,0.757483720779419,0.621851921081543,0.23046874999999967,0.4280302822589874,0.2841318907779494
257,0.15479730069637299,-0.004884012043476105,0.00572514533996582,0.7601702213287354,0.5163307785987854,0.24999999999999967,0.42191991209983826,0.285935085007728
258,0.14283257722854614,-0.006010042037814856,0.0062087178230285645,0.7626972198486328,0.4183737337589264,0.234375,0.41584184765815735,0.2869654817104583
259,0.1569831222295761,-0.006037238985300064,0.006275951862335205,0.7599066495895386,0.8218167424201965,0.21874999999999978,0.43604353070259094,0.2872230808861409
260,0.14559918642044067,-0.0057609532959759235,0.00605088472366333,0.7594338655471802,0.43788987398147583,0.2265624999999999,0.4345282316207886,0.2903142709943324
261,0.14179466664791107,-0.005915253888815641,0.006238996982574463,0.7612427473068237,0.35824915766716003,0.2656249999999999,0.43527695536613464,0.2918598660484284
262,0.15711922943592072,-0.006782929878681898,0.007043182849884033,0.7606715559959412,0.6084837317466736,0.13281249999999967,0.42918312549591064,0.28387429160226685
263,0.1452600657939911,-0.006567767355591059,0.006735503673553467,0.7656102180480957,0.44998884201049805,0.24999999999999967,0.4480695426464081,0.29108706852138067
264,0.15859371423721313,-0.005436423700302839,0.0063928961753845215,0.7658376097679138,0.4523763954639435,0.19140624999999967,0.4230453372001648,0.2934054611025244
265,0.14893269538879395,-0.006431908346712589,0.006707429885864258,0.757607638835907,0.3741626441478729,0.22265624999999956,0.4310496151447296,0.28954147346728465
266,0.1398547887802124,-0.006084886845201254,0.006333649158477783,0.7625003457069397,0.5374304056167603,0.32812499999999967,0.43812647461891174,0.2903142709943324
267,0.13384756445884705,-0.0061241574585437775,0.0062757134437561035,0.7607617974281311,0.5593996644020081,0.3437499999999999,0.42826980352401733,0.28799587841318863
268,0.138419046998024,-0.006244856398552656,0.00678020715713501,0.7585173845291138,0.5595557689666748,0.2578124999999998,0.43271711468696594,0.28490468830499716
269,0.14002469182014465,-0.006786799989640713,0.007121741771697998,0.7675127387046814,0.5725147128105164,0.2851562499999999,0.4329060912132263,0.2825862957238534
270,0.14669150114059448,-0.005633411463350058,0.006746649742126465,0.7629879117012024,0.5604588985443115,0.30859374999999967,0.4262729585170746,0.2890262751159195
271,0.1512327641248703,-0.006444256287068129,0.006713688373565674,0.7686620950698853,0.592120885848999,0.2773437499999998,0.4333971440792084,0.285935085007728
272,0.1522795855998993,-0.006084086373448372,0.0062656402587890625,0.762547492980957,0.25905534625053406,0.30078124999999956,0.44301435351371765,0.28516228748067973
273,0.14825071394443512,-0.00538966478779912,0.005977511405944824,0.7586727738380432,0.5235255360603333,0.19140624999999967,0.4313338100910187,0.2897990726429672
274,0.1381264477968216,-0.005765127018094063,0.0061095356941223145,0.7589723467826843,0.3098514974117279,0.2734375,0.41594573855400085,0.28670788253477575
275,0.14678452908992767,-0.00586782768368721,0.006215870380401611,0.7669421434402466,0.6148865818977356,0.28124999999999956,0.4192720651626587,0.2900566718186498
276,0.14517845213413239,-0.005648111924529076,0.005867421627044678,0.7685039043426514,0.7373272180557251,0.2734375,0.4422003924846649,0.2874806800618235
277,0.14333534240722656,-0.00581579003483057,0.006603062152862549,0.7640951871871948,0.8634209632873535,0.2773437499999998,0.4052525460720062,0.28387429160226685
278,0.1480071097612381,-0.0061408719047904015,0.006400108337402344,0.7662045359611511,0.6089119911193848,0.30078124999999956,0.4343261420726776,0.2872230808861409
279,0.14249259233474731,-0.007216217927634716,0.007366180419921875,0.7637126445770264,0.7369095683097839,0.23046874999999967,0.4258529245853424,0.2856774858320449
280,0.150528222322464,-0.006721052341163158,0.007139325141906738,0.7623310089111328,0.44138285517692566,0.2265624999999999,0.4478624165058136,0.2890262751159195
281,0.13278742134571075,-0.006115953903645277,0.006474733352661133,0.7649391293525696,0.3163226246833801,0.30078124999999956,0.42096343636512756,0.2900566718186498
282,0.155069038271904,-0.005899297539144754,0.006217777729034424,0.759883463382721,0.9650967121124268,0.2851562499999999,0.44055014848709106,0.2908294693456981
283,0.13727113604545593,-0.005995985120534897,0.007092118263244629,0.7627696990966797,0.6214489340782166,0.32031249999999956,0.4284377694129944,0.2934054611025244
284,0.1457645148038864,-0.005776610691100359,0.006097078323364258,0.7634854316711426,0.4272611439228058,0.3359374999999998,0.4416503608226776,0.29417825862957214
285,0.13860267400741577,-0.0062379781156778336,0.006413400173187256,0.7634255290031433,0.3779597282409668,0.3046874999999999,0.41936421394348145,0.29108706852138067
286,0.1602376252412796,-0.006318033207207918,0.006519973278045654,0.7665309906005859,0.36298203468322754,0.20312499999999956,0.4298191964626312,0.28825347758887176
287,0.15855664014816284,-0.006028999108821154,0.006223499774932861,0.7656923532485962,0.3725023865699768,0.13671875,0.4324038028717041,0.29417825862957214
288,0.14662784337997437,-0.005803539417684078,0.005988895893096924,0.7616388201713562,0.45957523584365845,0.29296875,0.42105957865715027,0.2903142709943324
289,0.1476803421974182,-0.005809183232486248,0.006380319595336914,0.7662554383277893,0.4119696021080017,0.2265624999999999,0.43818455934524536,0.2928902627511587
290,0.13936325907707214,-0.005849087610840797,0.006178796291351318,0.7662166953086853,0.4769352078437805,0.38671874999999967,0.42661505937576294,0.29237506439979355
291,0.13217146694660187,-0.006658845581114292,0.006843447685241699,0.7610665559768677,0.6849070191383362,0.33203125,0.41991516947746277,0.2903142709943324
292,0.1389303356409073,-0.006129882298409939,0.006346344947814941,0.7632245421409607,0.49279311299324036,0.33203125,0.4308584928512573,0.2900566718186498
293,0.1308811753988266,-0.00600449088960886,0.0064484477043151855,0.7601711750030518,0.38301992416381836,0.3632812499999999,0.42210233211517334,0.2903142709943324
294,0.14664407074451447,-0.00593147799372673,0.006197333335876465,0.765964686870575,0.43934980034828186,0.28906249999999967,0.43244045972824097,0.28799587841318863
295,0.14046424627304077,-0.006107349414378405,0.006451427936553955,0.7690204381942749,0.4800379276275635,0.33984374999999956,0.4509527087211609,0.2897990726429672
296,0.1409212350845337,-0.006511114537715912,0.006806313991546631,0.7627896666526794,0.6562985181808472,0.26953124999999967,0.42891836166381836,0.2954662545079856
297,0.13959738612174988,-0.005897893570363522,0.006100773811340332,0.7578964829444885,0.647083044052124,0.28906249999999967,0.41393402218818665,0.2964966512107159
298,0.14972025156021118,-0.005086266901344061,0.005831360816955566,0.7572951912879944,0.5469367504119873,0.23828124999999978,0.42429161071777344,0.28825347758887176
299,0.14038322865962982,-0.006448189727962017,0.007007956504821777,0.760551393032074,0.48895666003227234,0.29296875,0.4249756634235382,0.2887686759402369
300,0.13748879730701447,-0.00584056880325079,0.006393015384674072,0.7629431486129761,0.4604426324367523,0.3554687499999998,0.4100542664527893,0.2944358578052547
301,0.1428026705980301,-0.006975386757403612,0.007186710834503174,0.7668700218200684,0.4427260458469391,0.28906249999999967,0.42640048265457153,0.2926326635754761
302,0.14763714373111725,-0.005592635832726955,0.005858004093170166,0.7562931180000305,0.44284361600875854,0.234375,0.43738430738449097,0.28825347758887176
303,0.15029370784759521,-0.005856567062437534,0.0060727596282958984,0.7590005993843079,0.45274901390075684,0.23828124999999978,0.420594722032547,0.2908294693456981
304,0.14738766849040985,-0.006232422310858965,0.0064002275466918945,0.7556328773498535,0.5846952199935913,0.2578124999999998,0.42641356587409973,0.2897990726429672
305,0.16170677542686462,-0.006371642462909222,0.0068122148513793945,0.7671279311180115,0.6168033480644226,0.23046874999999967,0.42535990476608276,0.293663060278207
306,0.13620491325855255,-0.006170105189085007,0.006447911262512207,0.7562673687934875,0.40077778697013855,0.17968749999999978,0.42919325828552246,0.2980422462648119
307,0.147246316075325,-0.0057225520722568035,0.00592416524887085,0.7607131600379944,0.41598039865493774,0.26171874999999956,0.42510178685188293,0.2926326635754761
308,0.14902158081531525,-0.005989694502204657,0.006269335746765137,0.7603923082351685,0.3357582092285156,0.26953124999999967,0.42001238465309143,0.2897990726429672
309,0.14986632764339447,-0.005699527449905872,0.006597042083740234,0.7662109136581421,0.3993184268474579,0.19921874999999978,0.4088155925273895,0.2900566718186498
310,0.15257294476032257,-0.006065776105970144,0.006814777851104736,0.7577751278877258,0.6112117767333984,0.26953124999999967,0.4287886321544647,0.2869654817104583
311,0.14303696155548096,-0.005559128243476152,0.00573575496673584,0.7603751420974731,0.4158358573913574,0.2265624999999999,0.44395267963409424,0.2887686759402369
312,0.1467108428478241,-0.0067629097029566765,0.006927013397216797,0.7623258233070374,0.3281417787075043,0.21093749999999967,0.42470651865005493,0.28645028335909317
313,0.1424873173236847,-0.0060191890224814415,0.00654292106628418,0.759987473487854,0.6819096803665161,0.2070312499999999,0.42598193883895874,0.29134466769706324
314,0.15010957419872284,-0.005641384515911341,0.006036520004272461,0.7629486322402954,0.45738646388053894,0.23828124999999978,0.4287661612033844,0.2874806800618235
315,0.14297783374786377,-0.005163915455341339,0.006395161151885986,0.7607775926589966,0.44751405715942383,0.24218749999999956,0.4228918254375458,0.29134466769706324
316,0.13990968465805054,-0.005048086401075125,0.00642317533493042,0.7647061347961426,0.6724420189857483,0.25390625,0.4333047866821289,0.29598145285935074
317,0.14782483875751495,-0.005787649657577276,0.0061953067779541016,0.7601617574691772,0.5400172472000122,0.2070312499999999,0.41882649064064026,0.2916022668727458
318,0.13916219770908356,-0.00663439417257905,0.006903886795043945,0.7568091154098511,0.25616738200187683,0.234375,0.4110881984233856,0.2854198866563623
319,0.13644014298915863,-0.00526018301025033,0.005546092987060547,0.7641628384590149,0.6278048753738403,0.24218749999999956,0.4223845601081848,0.2944358578052547
320,0.150356724858284,-0.0057234447449445724,0.00587838888168335,0.7690184116363525,0.619540274143219,0.2265624999999999,0.43939778208732605,0.2944358578052547
321,0.1440010666847229,-0.0059158387593925,0.006420552730560303,0.763319730758667,0.5846205949783325,0.2734375,0.422333687543869,0.2934054611025244
322,0.13015149533748627,-0.0064643025398254395,0.007170915603637695,0.759994387626648,0.49617165327072144,0.28906249999999967,0.43865683674812317,0.2903142709943324
323,0.15495972335338593,-0.005436428356915712,0.006051778793334961,0.7621435523033142,0.31252750754356384,0.16015624999999978,0.43497759103775024,0.29392065945388957
324,0.1437424123287201,-0.00609184242784977,0.006393492221832275,0.7630993723869324,0.6278072595596313,0.2656249999999999,0.4251590669155121,0.292117465224111
325,0.14472053945064545,-0.0062244962900877,0.006536304950714111,0.7535367608070374,0.47856518626213074,0.2460937499999999,0.43516138195991516,0.2928902627511587
326,0.1487332284450531,-0.006723743863403797,0.007174015045166016,0.7586764693260193,0.4788667857646942,0.2578124999999998,0.4273515045642853,0.2908294693456981
327,0.1407424658536911,-0.005997278727591038,0.006332278251647949,0.7641600370407104,0.5086805820465088,0.234375,0.4205114543437958,0.285935085007728
328,0.14949965476989746,-0.006303712259978056,0.006720781326293945,0.7573742866516113,0.4878493547439575,0.21484375,0.42266491055488586,0.29572385368366816
329,0.14318203926086426,-0.005719880573451519,0.006295442581176758,0.7618701457977295,0.6019789576530457,0.22265624999999956,0.4422426223754883,0.2993302421432248
330,0.14531685411930084,-0.006415311712771654,0.0067476630210876465,0.761099636554718,0.4829447865486145,0.25390625,0.4163765609264374,0.28928387429160207
331,0.1401134580373764,-0.0063001252710819244,0.00657731294631958,0.755071759223938,0.37599778175354004,0.26171874999999956,0.4432484209537506,0.29108706852138067
332,0.1488131433725357,-0.006184060126543045,0.006357550621032715,0.7602624893188477,0.4101642370223999,0.24218749999999956,0.4194868505001068,0.284389489953632
333,0.13166192173957825,-0.006385987624526024,0.007175803184509277,0.7548882961273193,0.5073631405830383,0.2734375,0.4268976151943207,0.2946934569809373
334,0.13686807453632355,-0.0059355092234909534,0.00663912296295166,0.7596554160118103,0.4629553258419037,0.35937499999999956,0.42633044719696045,0.29520865533230245
335,0.14217063784599304,-0.005914339795708656,0.006528735160827637,0.7583785653114319,0.3570384681224823,0.23828124999999978,0.4143206775188446,0.29237506439979355
336,0.13795754313468933,-0.006458086892962456,0.006819665431976318,0.7546576857566833,0.257898211479187,0.2968749999999998,0.4261001944541931,0.29392065945388957
337,0.15114496648311615,-0.005477031692862511,0.006096899509429932,0.7588586807250977,0.3521014153957367,0.2773437499999998,0.42385056614875793,0.29855744461617706
338,0.13609032332897186,-0.006363402120769024,0.006723463535308838,0.7611829042434692,0.6289584040641785,0.30078124999999956,0.43245941400527954,0.3011334363730034
339,0.1400543749332428,-0.006571417208760977,0.006786227226257324,0.7603036761283875,0.5986378788948059,0.25390625,0.4231050908565521,0.2918598660484284
340,0.1471998244524002,-0.005682728253304958,0.0059111714363098145,0.7542036771774292,0.46951788663864136,0.1484374999999999,0.4276380240917206,0.2946934569809373
341,0.13828231394290924,-0.005759487394243479,0.005940377712249756,0.7587801814079285,0.47057896852493286,0.25390625,0.4163970351219177,0.29108706852138067
342,0.14275826513767242,-0.005821217317134142,0.006014347076416016,0.7596779465675354,0.5050758123397827,0.29296875,0.42586711049079895,0.3001030396702731
343,0.15009480714797974,-0.005667362827807665,0.005878806114196777,0.7601401209831238,0.3697587847709656,0.18359374999999956,0.4135952889919281,0.29984544049458994
344,0.13923761248588562,-0.005076732486486435,0.005766928195953369,0.7551778554916382,0.40717989206314087,0.2773437499999998,0.4307507276535034,0.293663060278207
345,0.14571614563465118,-0.006214248947799206,0.0067008137702941895,0.7605743408203125,0.543077826499939,0.26953124999999967,0.43013328313827515,0.2926326635754761
346,0.13563242554664612,-0.006263196002691984,0.006785035133361816,0.7554596662521362,0.47249624133110046,0.26953124999999967,0.41480541229248047,0.29855744461617706
347,0.144884392619133,-0.0060550072230398655,0.00684809684753418,0.7605342864990234,0.5564346313476562,0.26171874999999956,0.4395657479763031,0.2990726429675422
348,0.13909684121608734,-0.005980861838907003,0.00632864236831665,0.759583592414856,0.37551799416542053,0.26171874999999956,0.43564465641975403,0.2975270479134462
349,0.14892332255840302,-0.006200104486197233,0.006587207317352295,0.7620205283164978,0.2936095893383026,0.23828124999999978,0.42802515625953674,0.2903142709943324
350,0.1388336718082428,-0.0058059715665876865,0.0059365034103393555,0.7573180794715881,0.36687198281288147,0.2851562499999999,0.43037885427474976,0.29417825862957214
351,0.14087820053100586,-0.0060625579208135605,0.006859481334686279,0.7594268321990967,0.6771241426467896,0.23828124999999978,0.4289332628250122,0.28928387429160207
352,0.14464817941188812,-0.005918208975344896,0.006564319133758545,0.7626830339431763,0.38287925720214844,0.2968749999999998,0.43034228682518005,0.2934054611025244
353,0.15846098959445953,-0.005563866812735796,0.005776703357696533,0.764668345451355,0.4433841407299042,0.32812499999999967,0.42344930768013,0.29572385368366816
354,0.1432679295539856,-0.006633282173424959,0.006871998310089111,0.7624806761741638,0.41877228021621704,0.3437499999999999,0.4222438335418701,0.3019062339000511
355,0.14986425638198853,-0.005844290368258953,0.006025791168212891,0.7569968104362488,0.26950743794441223,0.17578125,0.4231063723564148,0.2962390520350333
356,0.14830762147903442,-0.005759105551987886,0.006211757659912109,0.7624138593673706,0.3992997407913208,0.2773437499999998,0.43950432538986206,0.2954662545079856
357,0.14021755754947662,-0.006004213355481625,0.007102251052856445,0.7616286277770996,0.5023249983787537,0.2265624999999999,0.43632811307907104,0.2916022668727458
358,0.15149618685245514,-0.006687776651233435,0.006861746311187744,0.7657029032707214,0.5857071876525879,0.30078124999999956,0.44507884979248047,0.29057187017001496
359,0.14739800989627838,-0.006215520203113556,0.00650942325592041,0.7636241912841797,0.43254390358924866,0.19140624999999967,0.4306259751319885,0.2934054611025244
360,0.14908722043037415,-0.006317922845482826,0.0066245198249816895,0.7638623714447021,0.6299841403961182,0.2265624999999999,0.43679866194725037,0.2962390520350333
361,0.14842437207698822,-0.0059126210398972034,0.006373584270477295,0.7636924982070923,0.7360397577285767,0.25390625,0.4271789491176605,0.2964966512107159
362,0.14547312259674072,-0.0060088010504841805,0.0062285661697387695,0.7579623460769653,0.5634238123893738,0.2773437499999998,0.4383612871170044,0.29314786192684184
363,0.13073277473449707,-0.006462216842919588,0.006713390350341797,0.7583708763122559,0.5446735620498657,0.234375,0.4275921881198883,0.2946934569809373
364,0.15122295916080475,-0.006121422164142132,0.00678098201751709,0.7656446099281311,0.5260534882545471,0.21484375,0.4339476525783539,0.2946934569809373
365,0.1543862223625183,-0.005241380538791418,0.005882680416107178,0.7640729546546936,0.4857288599014282,0.23828124999999978,0.43099111318588257,0.2980422462648119
366,0.14749692380428314,-0.004596089944243431,0.006775856018066406,0.7624293565750122,0.5771786570549011,0.19921874999999978,0.42108386754989624,0.292117465224111
367,0.15165379643440247,-0.005131798330694437,0.006129741668701172,0.7624379992485046,0.3744218051433563,0.19140624999999967,0.4261893033981323,0.2975270479134462
368,0.1359068751335144,-0.005467553623020649,0.006017923355102539,0.7599430084228516,0.5510208606719971,0.2968749999999998,0.4259444773197174,0.2934054611025244
369,0.14157792925834656,-0.006664863787591457,0.006977736949920654,0.7603350877761841,0.6152609586715698,0.2578124999999998,0.4241954982280731,0.29572385368366816
370,0.14363642036914825,-0.005073755048215389,0.005655825138092041,0.7563283443450928,0.44736120104789734,0.2656249999999999,0.42534229159355164,0.29314786192684184
371,0.13621285557746887,-0.006568253040313721,0.00685805082321167,0.7551940679550171,0.40121346712112427,0.2265624999999999,0.43095171451568604,0.29778464708912933
372,0.13553303480148315,-0.00609414279460907,0.006394147872924805,0.7593992948532104,0.4629984498023987,0.28124999999999956,0.4240891635417938,0.30164863472436854
373,0.14476579427719116,-0.006059655454009771,0.006340503692626953,0.7611778974533081,0.37331610918045044,0.2578124999999998,0.43637150526046753,0.292117465224111
374,0.13986389338970184,-0.006895486731082201,0.007026076316833496,0.7619497179985046,0.879095196723938,0.28124999999999956,0.43178752064704895,0.29701184956208104
375,0.1332482248544693,-0.005607425235211849,0.005784928798675537,0.760772168636322,0.7576921582221985,0.3632812499999999,0.4162740707397461,0.2954662545079856
376,0.13314968347549438,-0.006044405046850443,0.006464898586273193,0.763410210609436,0.4902060627937317,0.3554687499999998,0.43468818068504333,0.2908294693456981
377,0.1476445496082306,-0.005349121056497097,0.005740165710449219,0.7631088495254517,0.7176176309585571,0.2578124999999998,0.4272361993789673,0.30164863472436854
378,0.14949654042720795,-0.005667923949658871,0.006147563457489014,0.7579973936080933,0.631292998790741,0.23828124999999978,0.4224741458892822,0.3057702215352909
379,0.1486673802137375,-0.005676216911524534,0.006402075290679932,0.7688958644866943,0.43331921100616455,0.24218749999999956,0.44116905331611633,0.3011334363730034
380,0.15786491334438324,-0.005600704345852137,0.005883157253265381,0.7657564282417297,0.304220050573349,0.15625,0.4218771159648895,0.29958784131890737
381,0.13487395644187927,-0.006991866510361433,0.007250666618347168,0.7594879865646362,0.2637183964252472,0.21874999999999978,0.4217756390571594,0.2980422462648119
382,0.14956393837928772,-0.006160724442452192,0.006506025791168213,0.7586723566055298,0.48389971256256104,0.24999999999999967,0.43188926577568054,0.2928902627511587
383,0.13382555544376373,-0.005924994125962257,0.006363868713378906,0.7581814527511597,0.6142283082008362,0.34765624999999967,0.42897284030914307,0.29701184956208104
384,0.1460903137922287,-0.0061680106446146965,0.006621360778808594,0.763537585735321,0.697983980178833,0.24999999999999967,0.43027934432029724,0.3039670273055123
385,0.14334949851036072,-0.006033102050423622,0.006249725818634033,0.7616364359855652,0.6134514212608337,0.29296875,0.43830323219299316,0.2949510561566199
386,0.1265881061553955,-0.005510017275810242,0.006159722805023193,0.7583015561103821,0.5137083530426025,0.30859374999999967,0.4251253604888916,0.3019062339000511
387,0.13221177458763123,-0.006626805756241083,0.006813168525695801,0.7569677829742432,0.381829172372818,0.23828124999999978,0.42238280177116394,0.2972694487377636
388,0.14352700114250183,-0.005728781223297119,0.005890965461730957,0.7581453919410706,0.5883650779724121,0.2968749999999998,0.42981448769569397,0.3021638330757337
389,0.13239088654518127,-0.007116395048797131,0.007416486740112305,0.7587899565696716,0.39371564984321594,0.2656249999999999,0.428354948759079,0.2916022668727458
390,0.15180134773254395,-0.006180215161293745,0.006360530853271484,0.7652164101600647,0.4949154853820801,0.26171874999999956,0.4427209794521332,0.2982998454404945
391,0.15103821456432343,-0.00668788468465209,0.007289230823516846,0.7635911703109741,0.7783582210540771,0.19921874999999978,0.4266638457775116,0.2949510561566199
392,0.15084777772426605,-0.006735863629728556,0.006945252418518066,0.7601571083068848,0.5935328602790833,0.2968749999999998,0.4266296625137329,0.2982998454404945
393,0.15172407031059265,-0.005750340409576893,0.006014704704284668,0.7587840557098389,0.6664175987243652,0.24999999999999967,0.4365290403366089,0.30164863472436854
394,0.1416281759738922,-0.006273241247981787,0.006551027297973633,0.7584441900253296,0.5953513979911804,0.2656249999999999,0.43039920926094055,0.2982998454404945
395,0.1463332176208496,-0.006090736016631126,0.006365299224853516,0.7589612603187561,0.5004834532737732,0.28124999999999956,0.4248207211494446,0.2954662545079856
396,0.13721758127212524,-0.006122221704572439,0.006874680519104004,0.7590462565422058,0.41357022523880005,0.3242187499999999,0.4326632618904114,0.3019062339000511
397,0.1343478113412857,-0.005736321676522493,0.005997061729431152,0.7681432366371155,0.4610981345176697,0.234375,0.43733784556388855,0.3039670273055123
398,0.14133276045322418,-0.007502982392907143,0.007831454277038574,0.7626924514770508,0.4954984784126282,0.25390625,0.4299819767475128,0.29958784131890737
399,0.13771580159664154,-0.006531822495162487,0.006789982318878174,0.7592745423316956,0.3578498959541321,0.23828124999999978,0.4199869930744171,0.3021638330757337
