,loss_g,loss_d,train_wd,train_ce_d,train_mse,train_acc,test_mse,test_acc
0,1.0009434223175049,8.09522533416748,4.003942012786865e-05,7.380939960479736,0.41599854826927185,0.3359374999999998,0.42161810398101807,0.3312725399278721
1,1.062309741973877,7.4441447257995605,-6.631016731262207e-05,7.291745662689209,0.5585421919822693,0.37109375,0.4129193127155304,0.3531684698608961
2,1.055938720703125,6.4301438331604,0.000787883996963501,7.638700485229492,0.34843024611473083,0.33203125,0.4124751687049866,0.3753219989696033
3,1.125231385231018,5.58510684967041,4.8995018005371094e-05,7.260437488555908,0.434832364320755,0.3242187499999999,0.4032382071018219,0.3781555899021122
4,1.1314921379089355,4.29725456237793,0.00040064752101898193,7.206991195678711,0.43199196457862854,0.4218749999999999,0.3916894197463989,0.3941267387944358
5,1.0567469596862793,3.321885824203491,-0.0002654939889907837,7.356512546539307,0.41703635454177856,0.4023437499999999,0.3789047300815582,0.39386913961875325
6,1.013854742050171,2.7732832431793213,-0.00023433566093444824,7.516433238983154,0.4420284330844879,0.44531249999999967,0.3687411844730377,0.40056671818650136
7,1.0331716537475586,2.1230316162109375,-0.0007483065128326416,7.392091274261475,0.4145527184009552,0.3828124999999999,0.36668065190315247,0.42246264811952594
8,0.9663841128349304,2.313795328140259,0.0005287677049636841,7.3737053871154785,0.2905471920967102,0.45703124999999956,0.35925692319869995,0.43894899536321474
9,1.0329656600952148,2.0585858821868896,0.00036565959453582764,7.398588180541992,0.4327225089073181,0.48437499999999967,0.3586210608482361,0.43997939206594505
10,0.9782651662826538,2.087948799133301,-7.37905502319336e-05,7.337445259094238,0.5535449385643005,0.49609374999999956,0.3527584373950958,0.44332818134981966
11,1.10396146774292,1.7230453491210938,-0.0008742213249206543,7.099459648132324,0.3325726389884949,0.44921875,0.34563127160072327,0.46393611540443025
12,1.0329291820526123,1.875770092010498,-0.0010436326265335083,7.419320106506348,0.3425441384315491,0.47656249999999956,0.34344568848609924,0.47217928902627493
13,1.1356823444366455,2.305004119873047,-0.00019510090351104736,7.526444435119629,0.2271607518196106,0.5429687499999997,0.33744147419929504,0.4938176197836164
14,0.8601838946342468,1.3251898288726807,0.001024499535560608,7.20390510559082,0.45167478919029236,0.56640625,0.3329241871833801,0.5007727975270476
15,1.001349687576294,1.722772240638733,-0.0013695955276489258,7.300449371337891,0.4421059191226959,0.52734375,0.31689372658729553,0.5095311695002575
16,0.9987457990646362,1.5676887035369873,-0.001513749361038208,7.292543411254883,0.4694773554801941,0.5351562499999996,0.3143947720527649,0.5347758887171561
17,0.9843230247497559,1.6718010902404785,-0.0011844784021377563,7.1227545738220215,0.2953753173351288,0.5507812499999998,0.30745553970336914,0.5430190623390002
18,0.9579219222068787,1.0895049571990967,-8.83340835571289e-05,7.228824615478516,0.4365059733390808,0.5195312499999999,0.2991257607936859,0.5582174137042761
19,1.0337756872177124,1.298386573791504,-0.0021269768476486206,7.394622802734375,0.5546205043792725,0.5820312499999997,0.29037317633628845,0.5587326120556413
20,0.999863862991333,1.090154767036438,-0.000600472092628479,7.40226936340332,0.3927883803844452,0.5546874999999996,0.30044418573379517,0.5659453889747551
21,1.0372371673583984,0.912440836429596,-0.0007944703102111816,7.315395832061768,0.2712038457393646,0.60546875,0.2863837778568268,0.5708397733127252
22,0.9745949506759644,0.669131338596344,-0.0009178966283798218,7.344267845153809,0.32985109090805054,0.6015624999999997,0.2908027470111847,0.5821741370427613
23,1.0325038433074951,0.7708469033241272,-0.0019180327653884888,7.4302239418029785,0.2928915023803711,0.56640625,0.2821480631828308,0.5826893353941265
24,1.0637263059616089,0.5845489501953125,-0.0015859454870224,7.380570888519287,0.2898496687412262,0.6210937499999997,0.277565062046051,0.5929933024214318
25,1.0221712589263916,0.5424227118492126,-0.0010059624910354614,7.261183261871338,0.3332401514053345,0.4726562499999998,0.26823657751083374,0.5937660999484801
26,0.9906627535820007,0.5668848752975464,-0.0008393526077270508,7.466485023498535,0.48322948813438416,0.6328124999999996,0.2647564113140106,0.5996908809891804
27,1.0284936428070068,0.39585328102111816,-0.000882759690284729,7.402087688446045,0.31182923913002014,0.5898437499999998,0.2692984342575073,0.6048428645028336
28,1.0838897228240967,0.4035636782646179,-0.0008648782968521118,7.608396530151367,0.27214208245277405,0.6523437499999996,0.26671355962753296,0.605873261205564
29,0.9381624460220337,0.3386678695678711,-0.0008342713117599487,7.529770851135254,0.18069998919963837,0.6601562499999997,0.2576838731765747,0.620041215868109
30,1.026634931564331,0.2926028370857239,-0.0005991309881210327,7.514643669128418,0.20920363068580627,0.6328124999999996,0.25071749091148376,0.6221020092735702
31,0.9494398236274719,0.21135146915912628,-0.0005169957876205444,7.464624404907227,0.26180145144462585,0.5976562499999999,0.24570332467556,0.621586810922205
32,0.9594382047653198,0.20277740061283112,-0.000764504075050354,7.5093207359313965,0.22635595500469208,0.68359375,0.25204575061798096,0.6280267903142706
33,1.041304588317871,0.18434390425682068,-0.0006477534770965576,7.36493444442749,0.30584651231765747,0.5976562499999999,0.24965140223503113,0.6241628026790313
34,0.9155845046043396,0.16558820009231567,-0.0009590983390808105,7.222230911254883,0.42489680647850037,0.5976562499999999,0.2367410957813263,0.6367851622874804
35,0.9157716631889343,0.10687436163425446,-0.0010876506567001343,7.3781561851501465,0.2380858063697815,0.5859375,0.24070098996162415,0.6280267903142706
36,1.0551984310150146,0.13957755267620087,-0.0010656118392944336,7.2313103675842285,0.31753888726234436,0.6289062499999998,0.24564670026302338,0.6331787738279238
37,0.9249414801597595,0.1084945797920227,-0.001270681619644165,7.286664009094238,0.26441022753715515,0.6562499999999999,0.24293509125709534,0.6311179804224626
38,0.9968259334564209,0.10604459047317505,-0.00039505958557128906,7.314606666564941,0.2398623526096344,0.6289062499999998,0.24820180237293243,0.6352395672333844
39,0.9474429488182068,0.08308092504739761,-0.0012693405151367188,7.517744064331055,0.3178059458732605,0.6484374999999998,0.22449371218681335,0.6393611540443067
40,1.0405728816986084,0.09787433594465256,-0.0008248239755630493,7.446745872497559,0.23152390122413635,0.6757812499999999,0.23320038616657257,0.6437403400309116
41,1.0408430099487305,0.06854363530874252,-0.0007704347372055054,7.251428127288818,0.24209488928318024,0.6640625,0.23283526301383972,0.6416795466254505
42,0.885814905166626,0.05634497106075287,-0.0006736665964126587,7.286733627319336,0.2824896275997162,0.6796874999999997,0.23026883602142334,0.6439979392065942
43,0.9184907674789429,0.07162557542324066,-0.0010001957416534424,7.334856033325195,0.3359512388706207,0.6484374999999998,0.22536613047122955,0.6501803194229777
44,1.0328223705291748,0.06828734278678894,0.0001427680253982544,7.476137161254883,0.283543199300766,0.6406249999999997,0.22546513378620148,0.6414219474497679
45,1.0486482381820679,0.04464038088917732,-0.0003952533006668091,7.320409297943115,0.31591811776161194,0.625,0.23078598082065582,0.6403915507470376
46,0.9597435593605042,0.05198853835463524,-0.0008462667465209961,7.298779487609863,0.20306822657585144,0.5898437499999998,0.23176172375679016,0.6514683153013906
47,0.9782720804214478,0.048975273966789246,-0.0007511675357818604,7.442297458648682,0.20068393647670746,0.6132812499999996,0.22842827439308167,0.6496651210716126
48,1.06183660030365,0.03220365196466446,-0.0002620220184326172,7.3768110275268555,0.20839472115039825,0.72265625,0.22776731848716736,0.6465739309634205
49,1.047864556312561,0.04092259705066681,-0.00041382014751434326,7.317485809326172,0.18932004272937775,0.6757812499999999,0.22204868495464325,0.6506955177743429
50,0.9573479294776917,0.03196007385849953,-0.0005840659141540527,7.442917346954346,0.12991821765899658,0.6757812499999999,0.22662006318569183,0.6504379185986603
51,0.9254166483879089,0.04155601188540459,-0.0010708421468734741,7.15602445602417,0.25284427404403687,0.6640625,0.2256283015012741,0.6491499227202469
52,0.9548501968383789,0.03558511286973953,-0.0008076876401901245,7.5713043212890625,0.23105882108211517,0.6484374999999998,0.22517623007297516,0.6506955177743429
53,0.9161613583564758,0.03099309280514717,-0.000716090202331543,7.332765102386475,0.26119735836982727,0.6210937499999997,0.22075818479061127,0.6514683153013906
54,0.9821009635925293,0.029084287583827972,-4.41819429397583e-05,7.648403644561768,0.23817506432533264,0.6210937499999997,0.21004845201969147,0.6476043276661514
55,0.9499892592430115,0.027936812490224838,-0.0005301833152770996,7.450939178466797,0.22622381150722504,0.6757812499999999,0.22229154407978058,0.6561051004636781
56,0.9929156303405762,0.029522813856601715,-0.0002469569444656372,7.415243148803711,0.28021666407585144,0.68359375,0.22373156249523163,0.6530139103554866
57,0.8615771532058716,0.024177640676498413,-0.0009570866823196411,7.413167953491211,0.3549821674823761,0.64453125,0.22522497177124023,0.6602266872746004
58,0.9915227293968201,0.027886955067515373,-0.00045165419578552246,7.2095794677734375,0.1734289675951004,0.6757812499999999,0.21749494969844818,0.6519835136527563
59,1.0100411176681519,0.019698934629559517,-0.0004378855228424072,7.389636516571045,0.27219057083129883,0.7148437499999999,0.21889840066432953,0.6540443070582169
60,1.0021722316741943,0.02174871601164341,-0.00022010505199432373,7.320155143737793,0.2791142463684082,0.60546875,0.21608829498291016,0.6597114889232353
61,1.0353995561599731,0.01876496709883213,-0.0005913972854614258,7.346274375915527,0.21940642595291138,0.6914062499999996,0.2216111272573471,0.6566202988150438
62,1.010427474975586,0.021139957010746002,-0.0005367845296859741,7.320422649383545,0.2483372837305069,0.6484374999999998,0.21859335899353027,0.6566202988150438
63,0.945009171962738,0.01629575528204441,-0.00048300623893737793,7.423559188842773,0.2897135317325592,0.6289062499999998,0.21662075817584991,0.657135497166409
64,0.9308981895446777,0.019681109115481377,-0.0005136877298355103,7.367055892944336,0.12955623865127563,0.64453125,0.21756398677825928,0.6638330757341576
65,0.9936752319335938,0.02288770116865635,-0.00022940337657928467,7.456362724304199,0.2592840790748596,0.6484374999999998,0.21888692677021027,0.6602266872746004
66,1.0213420391082764,0.021469486877322197,-0.0004918277263641357,7.235671520233154,0.35638704895973206,0.703125,0.2179788500070572,0.6599690880989179
67,0.9881861209869385,0.019460786134004593,-0.0001927018165588379,7.247130870819092,0.352568656206131,0.6718749999999996,0.2130761444568634,0.6545595054095826
68,0.8607312440872192,0.018974067643284798,-0.0003795325756072998,7.354706287384033,0.36180663108825684,0.6015624999999997,0.21511210501194,0.6628026790314268
69,1.0167852640151978,0.012900818139314651,-0.0002971738576889038,7.5076727867126465,0.30247172713279724,0.6953124999999999,0.21802319586277008,0.6612570839773313
70,0.9353560209274292,0.014759145677089691,-0.0006360858678817749,7.244969844818115,0.2215733826160431,0.625,0.21779397130012512,0.6653786707882531
71,1.063594102859497,0.014750398695468903,-0.0005146116018295288,7.23173713684082,0.22368662059307098,0.6914062499999996,0.21072927117347717,0.6579082946934567
72,0.8151628971099854,0.01555408164858818,0.0001551806926727295,7.356764316558838,0.202999547123909,0.68359375,0.21782919764518738,0.6625450798557442
73,0.9338622689247131,0.016579248011112213,-0.00028984248638153076,7.4131083488464355,0.18084031343460083,0.6328124999999996,0.21725189685821533,0.6625450798557442
74,1.071596622467041,0.010879000648856163,0.0001910477876663208,7.569648265838623,0.28145256638526917,0.6406249999999997,0.2093617469072342,0.6602266872746004
75,0.9260531663894653,0.011647054925560951,-7.554888725280762e-05,7.410148620605469,0.35936838388442993,0.6562499999999999,0.21847236156463623,0.6586810922205044
76,1.0422399044036865,0.02091819792985916,-0.0004467219114303589,7.505654811859131,0.21594488620758057,0.6484374999999998,0.21011300384998322,0.6648634724368879
77,1.0497844219207764,0.011088845320045948,-0.00047053396701812744,7.367756366729736,0.4635230004787445,0.68359375,0.21392355859279633,0.6658938691396188
78,1.015472173690796,0.010711420327425003,-0.0007885098457336426,7.224390029907227,0.2406812608242035,0.6562499999999999,0.21715150773525238,0.6566202988150438
79,1.075470209121704,0.010096863843500614,-0.00046668946743011475,7.42808723449707,0.23997527360916138,0.6562499999999999,0.20863701403141022,0.6638330757341576
80,1.0617276430130005,0.01131583284586668,-0.00035262107849121094,7.468315124511719,0.20065008103847504,0.64453125,0.21457983553409576,0.6622874806800616
81,0.9520354270935059,0.010397084057331085,-0.0002798736095428467,7.518715858459473,0.22211265563964844,0.68359375,0.2155025154352188,0.6669242658423491
82,0.971546471118927,0.010148401372134686,-0.00013266503810882568,7.408462047576904,0.2045489102602005,0.6210937499999997,0.21429786086082458,0.6648634724368879
83,0.9389132857322693,0.010438535362482071,-0.0003144294023513794,7.299477577209473,0.31241047382354736,0.6679687499999998,0.21064594388008118,0.6607418856259656
84,0.979624330997467,0.013205831870436668,0.0001901090145111084,7.588452339172363,0.2653176188468933,0.7304687499999996,0.20701850950717926,0.6625450798557442
85,1.0674694776535034,0.010113234631717205,-0.0003996044397354126,7.471156597137451,0.23742635548114777,0.6562499999999999,0.2123253047466278,0.6633178773827919
86,0.9287879467010498,0.010050305165350437,-5.8770179748535156e-05,7.395702362060547,0.15588881075382233,0.6992187499999997,0.20852933824062347,0.6612570839773313
87,0.9876720309257507,0.006330407690256834,-0.00026942789554595947,7.586296558380127,0.24777360260486603,0.6874999999999998,0.2063872516155243,0.6640906749098402
88,0.9029404520988464,0.011941305361688137,0.00032389163970947266,7.4006147384643555,0.25781959295272827,0.6132812499999996,0.21876013278961182,0.6628026790314268
89,0.9333297610282898,0.0064240554347634315,-0.0002847015857696533,7.337412357330322,0.3263559937477112,0.6210937499999997,0.21002179384231567,0.6591962905718701
90,1.0500094890594482,0.012515182606875896,-5.936622619628906e-05,7.527379512786865,0.20255659520626068,0.6874999999999998,0.21633508801460266,0.6664090674909839
91,0.9816883206367493,0.008081205189228058,-0.0003019571304321289,7.374383926391602,0.1218465194106102,0.6757812499999999,0.2067960649728775,0.6679546625450794
92,1.0554362535476685,0.008274990133941174,-1.3768672943115234e-05,7.370941162109375,0.41427263617515564,0.6093749999999998,0.20658795535564423,0.6646058732612053
93,1.0376181602478027,0.009480535984039307,-0.0003810971975326538,7.399670124053955,0.26102763414382935,0.6484374999999998,0.21135829389095306,0.6664090674909839
94,0.861076295375824,0.008945358917117119,-0.00019094347953796387,7.406001091003418,0.22163712978363037,0.6171874999999999,0.2088415026664734,0.6648634724368879
95,0.9607831835746765,0.007994959130883217,-0.0001599341630935669,7.268043518066406,0.16765452921390533,0.6679687499999998,0.21014930307865143,0.6671818650180317
96,1.097558617591858,0.009824343025684357,0.00011879205703735352,7.377007007598877,0.10444814711809158,0.6601562499999997,0.20943456888198853,0.6666666666666665
97,1.0144679546356201,0.006814456544816494,-0.0005711019039154053,7.4941558837890625,0.27254748344421387,0.64453125,0.20892463624477386,0.6643482740855228
98,0.9122945070266724,0.006250963546335697,-0.00023636221885681152,7.236822605133057,0.235300675034523,0.6757812499999999,0.2088453769683838,0.6651210716125705
99,0.8264644145965576,0.006925445050001144,-0.0001283884048461914,7.210370063781738,0.3091379702091217,0.6210937499999997,0.21289189159870148,0.6695002575991754
100,0.9851123094558716,0.005885978229343891,-0.00018778443336486816,7.3093743324279785,0.16484317183494568,0.72265625,0.2103821188211441,0.6676970633693968
101,0.9802616238594055,0.005405974108725786,4.570186138153076e-05,7.522308349609375,0.1922377347946167,0.6289062499999998,0.20992730557918549,0.6643482740855228
102,1.0900354385375977,0.0057539427652955055,-0.0003115832805633545,7.25351619720459,0.4609649181365967,0.6914062499999996,0.20996028184890747,0.6658938691396188
103,0.9747180342674255,0.00798801053315401,6.362795829772949e-05,7.483088970184326,0.24001334607601166,0.6484374999999998,0.20331169664859772,0.6653786707882531
104,0.9977984428405762,0.0069296401925385,0.00027239322662353516,7.367101192474365,0.17210236191749573,0.6367187499999999,0.21061749756336212,0.6674394641937142
105,0.9791931509971619,0.007435796316713095,-2.3663043975830078e-05,7.591909408569336,0.2893982231616974,0.6406249999999997,0.220746248960495,0.6643482740855228
106,0.9351091384887695,0.005730131641030312,0.00011456012725830078,7.522840976715088,0.23068685829639435,0.6796874999999997,0.21493038535118103,0.6687274600721277
107,1.0883368253707886,0.0063571082428097725,-0.00026841461658477783,7.631017208099365,0.2774195671081543,0.6640625,0.2135501205921173,0.6658938691396188
108,0.9958164691925049,0.008251301944255829,-0.0001090019941329956,7.53947639465332,0.2502024173736572,0.7148437499999999,0.2141651213169098,0.6664090674909839
109,1.0541512966156006,0.007239488884806633,-8.475780487060547e-05,7.562206268310547,0.2323112040758133,0.6992187499999997,0.21436093747615814,0.669757856774858
110,0.9904956817626953,0.005078268237411976,0.00014050304889678955,7.242563247680664,0.2639264464378357,0.6406249999999997,0.22102461755275726,0.6687274600721277
111,1.0249011516571045,0.005636793561279774,-0.00014574825763702393,7.195565223693848,0.2264132797718048,0.6328124999999996,0.21081897616386414,0.6666666666666665
112,0.9910657405853271,0.007907898165285587,-0.00011999905109405518,7.187117099761963,0.2682991623878479,0.5976562499999999,0.2075749933719635,0.6695002575991754
113,0.9869619607925415,0.005839057732373476,0.00018678605556488037,7.222606658935547,0.2474757432937622,0.6757812499999999,0.21061913669109344,0.6676970633693968
114,0.9444078803062439,0.006443438120186329,0.00014576315879821777,7.069684028625488,0.2609650194644928,0.72265625,0.2042311280965805,0.6684698608964451
115,0.8967626690864563,0.006939425133168697,0.0001270771026611328,7.425876140594482,0.2115582674741745,0.6523437499999996,0.21306218206882477,0.6656362699639357
116,1.0008835792541504,0.004141708370298147,0.00010281801223754883,7.133944511413574,0.3926634192466736,0.6132812499999996,0.2047915905714035,0.6684698608964451
117,1.0503008365631104,0.006705805659294128,-0.000293925404548645,7.216740608215332,0.23745790123939514,0.6914062499999996,0.214893639087677,0.6666666666666665
118,1.0398011207580566,0.0057678064331412315,-0.00012777745723724365,7.466141700744629,0.22429414093494415,0.625,0.2127828747034073,0.6664090674909839
119,1.0512011051177979,0.005501086823642254,0.00016541779041290283,7.289619445800781,0.23471680283546448,0.5898437499999998,0.20951837301254272,0.6702730551262231
120,1.067460060119629,0.004959539510309696,4.4479966163635254e-05,7.321659088134766,0.2172219455242157,0.6367187499999999,0.2063997983932495,0.6669242658423491
121,1.024641990661621,0.004864163231104612,0.0001769810914993286,7.2259745597839355,0.1995994597673416,0.6757812499999999,0.21451511979103088,0.6689850592478103
122,0.9931704998016357,0.004518265835940838,2.065300941467285e-05,7.182586669921875,0.17283618450164795,0.64453125,0.2047489732503891,0.6656362699639357
123,0.9490641355514526,0.004479897208511829,0.00012181699275970459,7.143476963043213,0.26915526390075684,0.6679687499999998,0.2132173776626587,0.6684698608964451
124,0.9325850009918213,0.004790252074599266,0.00031378865242004395,7.542206764221191,0.30634766817092896,0.5937499999999996,0.20943434536457062,0.6679546625450794
125,0.9874574542045593,0.0059449439868330956,6.48200511932373e-05,7.346139430999756,0.13767991960048676,0.64453125,0.20777170360088348,0.6651210716125705
126,1.0086935758590698,0.004287029150873423,-3.17692756652832e-05,7.377557754516602,0.21185606718063354,0.6718749999999996,0.20407305657863617,0.6679546625450794
127,0.9738742709159851,0.004659428261220455,4.088878631591797e-05,7.511467933654785,0.19899789988994598,0.6601562499999997,0.20476222038269043,0.6702730551262231
128,0.9079940319061279,0.003639879170805216,-6.899237632751465e-05,7.475346088409424,0.23278869688510895,0.6601562499999997,0.20825758576393127,0.669757856774858
129,1.0758471488952637,0.004992844071239233,0.00012770295143127441,7.312708854675293,0.2653927206993103,0.703125,0.20764057338237762,0.6671818650180317
130,0.8971898555755615,0.005194710101932287,-8.046627044677734e-06,7.346494674682617,0.11101841926574707,0.6523437499999996,0.20549499988555908,0.6684698608964451
131,0.927376389503479,0.0045845103450119495,0.00027029216289520264,7.384705066680908,0.2609437108039856,0.6796874999999997,0.20944523811340332,0.6658938691396188
132,0.9200629591941833,0.0032509006559848785,-3.21120023727417e-05,7.275539875030518,0.3572206497192383,0.6796874999999997,0.21252721548080444,0.6684698608964451
133,0.9911032915115356,0.0045433733612298965,0.0003227740526199341,7.336282253265381,0.2874987721443176,0.6992187499999997,0.20457863807678223,0.6671818650180317
134,0.9654622673988342,0.00435594329610467,9.669363498687744e-05,7.150514125823975,0.21762967109680176,0.68359375,0.2070138305425644,0.6692426584234928
135,0.8840933442115784,0.0036389196757227182,2.065300941467285e-05,7.255177974700928,0.3204916715621948,0.6484374999999998,0.20965562760829926,0.6661514683153014
136,0.9885610938072205,0.003691260237246752,9.256601333618164e-05,7.7129387855529785,0.26563403010368347,0.6367187499999999,0.21208833158016205,0.6684698608964451
137,0.9391457438468933,0.00463827745988965,0.00025707483291625977,7.332109451293945,0.2634539306163788,0.6523437499999996,0.21337637305259705,0.6684698608964451
138,0.9244886040687561,0.0029992300551384687,0.00022107362747192383,7.404670238494873,0.18432320654392242,0.6718749999999996,0.21715407073497772,0.671303451828954
139,1.0790108442306519,0.004364075139164925,0.0003117769956588745,7.635751724243164,0.22247718274593353,0.6796874999999997,0.214508056640625,0.669757856774858
140,0.8554897308349609,0.004671192727982998,0.00019378960132598877,7.5103559494018555,0.15791648626327515,0.7148437499999999,0.2094336599111557,0.6661514683153014
141,1.08281672000885,0.005808744579553604,-3.2573938369750977e-05,7.359309673309326,0.2917526066303253,0.6367187499999999,0.21346035599708557,0.6705306543019063
142,0.9111266136169434,0.0036877132952213287,0.0002531707286834717,7.4107584953308105,0.18816055357456207,0.6523437499999996,0.21138885617256165,0.6682122617207625
143,0.9673221111297607,0.004780162125825882,0.00018867850303649902,7.325941562652588,0.2928549647331238,0.6796874999999997,0.20837026834487915,0.6700154559505406
144,0.9960304498672485,0.004348801914602518,0.00021217763423919678,7.29453182220459,0.1639910787343979,0.6914062499999996,0.21217381954193115,0.6682122617207625
145,0.9730504751205444,0.004292240832000971,0.0002698153257369995,7.361079216003418,0.2088984102010727,0.7109374999999996,0.2082170695066452,0.6682122617207625
146,1.0357214212417603,0.003445102134719491,-4.118680953979492e-05,7.297127723693848,0.19145303964614868,0.6796874999999997,0.21455243229866028,0.669757856774858
147,0.9270526170730591,0.0035203183069825172,8.849799633026123e-05,7.32553768157959,0.21967487037181854,0.6757812499999999,0.20932702720165253,0.6700154559505406
148,0.9400151371955872,0.0036697951145470142,-3.081560134887695e-05,7.45981502532959,0.27157777547836304,0.625,0.21594856679439545,0.6676970633693968
149,1.0085610151290894,0.003857281059026718,0.00013878941535949707,6.984792232513428,0.26941779255867004,0.6484374999999998,0.21787352859973907,0.6664090674909839
150,0.9603835344314575,0.0030045188032090664,5.0067901611328125e-05,7.194125175476074,0.3179917633533478,0.6679687499999998,0.21378444135189056,0.6692426584234928
151,0.9732458591461182,0.003772138152271509,-2.3797154426574707e-05,7.415855884552002,0.29759570956230164,0.6796874999999997,0.22495469450950623,0.6687274600721277
152,0.9725039005279541,0.0039405920542776585,0.00017334520816802979,7.181552886962891,0.19714245200157166,0.6289062499999998,0.22304917871952057,0.6679546625450794
153,1.0058099031448364,0.0038683279417455196,0.0003227740526199341,7.440672874450684,0.18718963861465454,0.7109374999999996,0.22556959092617035,0.6679546625450794
154,0.9916146993637085,0.002031280193477869,9.866058826446533e-05,7.277444362640381,0.22481085360050201,0.6289062499999998,0.22246693074703217,0.6679546625450794
155,1.0681782960891724,0.0035627959296107292,0.0002181529998779297,7.579992771148682,0.2770880162715912,0.7070312499999998,0.22503891587257385,0.6707882534775889
156,1.0124653577804565,0.0043491474352777,0.0002036839723587036,7.5349040031433105,0.21726880967617035,0.6640625,0.2321697175502777,0.6679546625450794
157,0.8608566522598267,0.004127757623791695,0.00019180774688720703,7.262851715087891,0.3860493004322052,0.6640625,0.21570320427417755,0.6695002575991754
158,0.9510945081710815,0.0035266769118607044,0.0002592802047729492,7.251242160797119,0.21791015565395355,0.625,0.22824284434318542,0.6702730551262231
159,0.9434778094291687,0.0028607314452528954,0.0003566145896911621,7.543459415435791,0.25943127274513245,0.6718749999999996,0.22267161309719086,0.671303451828954
160,0.9536268711090088,0.004183085635304451,0.00025972723960876465,7.474210262298584,0.24407552182674408,0.7148437499999999,0.22547732293605804,0.6695002575991754
161,0.9165402054786682,0.00302417716011405,6.917119026184082e-05,7.463491439819336,0.2849154770374298,0.7187499999999997,0.2377118170261383,0.6707882534775889
162,0.9327241778373718,0.0041665309108793736,0.00019948184490203857,7.242280006408691,0.1537170708179474,0.6992187499999997,0.21878865361213684,0.671303451828954
163,0.9548168778419495,0.003516129683703184,0.0002922564744949341,7.346599578857422,0.2629998028278351,0.6210937499999997,0.23830237984657288,0.6687274600721277
164,1.0752454996109009,0.0031025900971144438,0.00014628469944000244,7.515507698059082,0.23478855192661285,0.6562499999999999,0.24094633758068085,0.6710458526532714
165,0.9861931204795837,0.0022947320248931646,0.000285416841506958,7.406809329986572,0.25300559401512146,0.6796874999999997,0.2469712495803833,0.6700154559505406
166,1.0088074207305908,0.002081042854115367,5.2556395530700684e-05,7.396918296813965,0.2640065848827362,0.6679687499999998,0.2549620270729065,0.6695002575991754
167,1.0094077587127686,0.0031686851289123297,0.00018462538719177246,7.486396789550781,0.30807235836982727,0.703125,0.25164106488227844,0.6710458526532714
168,0.9801515340805054,0.002784336218610406,0.0001439899206161499,7.440488815307617,0.4713355302810669,0.6874999999999998,0.2714735269546509,0.671303451828954
169,0.8902587890625,0.0030091037042438984,8.895993232727051e-05,7.2292375564575195,0.23608289659023285,0.7070312499999998,0.2733474373817444,0.6700154559505406
170,0.9889851808547974,0.002902750624343753,0.0002400428056716919,7.217526912689209,0.1967700719833374,0.6484374999999998,0.282518595457077,0.669757856774858
171,1.109863042831421,0.004565350711345673,0.0001271069049835205,7.406167030334473,0.6914974451065063,0.6523437499999996,0.3041432499885559,0.6692426584234928
172,0.9064775705337524,0.003231255803257227,-7.958710193634033e-05,7.551661491394043,0.2499150186777115,0.6679687499999998,0.334192156791687,0.669757856774858
173,1.0155106782913208,0.0027237413451075554,0.0003692805767059326,7.417759418487549,0.5149430632591248,0.7265624999999998,0.35165706276893616,0.6715610510046366
174,0.9253835082054138,0.0030308833811432123,0.0002490729093551636,7.247655868530273,0.33666688203811646,0.6328124999999996,0.3456081449985504,0.6715610510046366
175,0.8645639419555664,0.0020859611686319113,0.00020620226860046387,7.595632076263428,0.25407224893569946,0.6874999999999998,0.32551249861717224,0.6715610510046366
176,1.0702263116836548,0.0027773017063736916,0.0002751648426055908,7.490124225616455,0.42646321654319763,0.6718749999999996,0.3035948872566223,0.6710458526532714
177,0.8356908559799194,0.0033430668991059065,0.00017051398754119873,7.189841270446777,0.27749258279800415,0.6718749999999996,0.28303924202919006,0.6700154559505406
178,0.8374199867248535,0.0035924920812249184,0.00020781159400939941,7.326363563537598,0.27657705545425415,0.7343749999999999,0.27816858887672424,0.6702730551262231
179,0.9825757741928101,0.0028376965783536434,0.0003407001495361328,7.6114325523376465,0.3110778033733368,0.7148437499999999,0.27398303151130676,0.6705306543019063
180,0.9625661373138428,0.0012934966944158077,0.00031873583793640137,7.375036716461182,0.33965298533439636,0.7421875,0.2749142348766327,0.6718186501803192
181,1.0958292484283447,0.003075461136177182,0.00016517937183380127,7.246829986572266,0.3690962493419647,0.6796874999999997,0.2733101546764374,0.6705306543019063
182,1.0289660692214966,0.003050406463444233,0.00022906064987182617,7.304989814758301,0.17142616212368011,0.6289062499999998,0.26678329706192017,0.6671818650180317
183,1.0721436738967896,0.003229119349271059,0.00024859607219696045,7.172353267669678,0.19807018339633942,0.6640625,0.26595085859298706,0.671303451828954
184,0.9045541286468506,0.001696222578175366,0.00019532442092895508,7.359187602996826,0.3092833161354065,0.6562499999999999,0.2626543939113617,0.6710458526532714
185,0.9898054003715515,0.001933219376951456,0.00032989680767059326,7.402469635009766,0.5913263559341431,0.625,0.2557096779346466,0.6715610510046366
186,0.8730664849281311,0.002246906515210867,0.0004506409168243408,7.277999401092529,0.3175017535686493,0.5781249999999999,0.2649407982826233,0.6723338485316843
187,0.8870100975036621,0.0027149575762450695,0.0003235936164855957,7.515610694885254,0.3629326820373535,0.6328124999999996,0.25939449667930603,0.6720762493560017
188,0.9971965551376343,0.0023185391910374165,0.0003180652856826782,7.161622524261475,0.24117864668369293,0.625,0.2617793679237366,0.6707882534775889
189,0.9331007599830627,0.003221835009753704,0.00025659799575805664,7.339583873748779,0.3295024037361145,0.6953124999999999,0.258986234664917,0.671303451828954
190,0.8868290781974792,0.002034140983596444,0.00042107701301574707,7.14856481552124,0.18801802396774292,0.64453125,0.26254162192344666,0.6720762493560017
191,0.9567171931266785,0.0023524053394794464,0.0003700852394104004,7.418596267700195,0.2942347228527069,0.7499999999999996,0.2554852366447449,0.6720762493560017
192,0.8754564523696899,0.002311820862814784,0.00024117529392242432,7.750400066375732,0.3242702782154083,0.6953124999999999,0.2523140013217926,0.6700154559505406
193,0.9418380856513977,0.001335174310952425,0.00043460726737976074,7.472074508666992,0.32680514454841614,0.7109374999999996,0.2571254074573517,0.6710458526532714
194,0.9996376633644104,0.002520231530070305,9.994208812713623e-05,7.521926403045654,0.37516847252845764,0.6953124999999999,0.24857927858829498,0.669757856774858
195,1.007480502128601,0.0024085999466478825,0.0003334134817123413,7.364875316619873,0.21027624607086182,0.6289062499999998,0.2515143156051636,0.6692426584234928
196,1.0526083707809448,0.001777217723429203,0.00035449862480163574,7.353915691375732,0.22096094489097595,0.7187499999999997,0.2513660788536072,0.6705306543019063
197,0.8276335000991821,0.0018664696253836155,3.5703182220458984e-05,7.3829121589660645,0.41797178983688354,0.6210937499999997,0.25234416127204895,0.671303451828954
198,0.9635439515113831,0.0015630354173481464,0.0004832148551940918,7.547490119934082,0.402245432138443,0.6640625,0.2511362135410309,0.669757856774858
199,1.0025429725646973,0.003600292606279254,0.00030277669429779053,7.380780220031738,0.28190094232559204,0.7070312499999998,0.2518026828765869,0.6710458526532714
200,0.7969199419021606,0.0020953610073775053,0.00026157498359680176,7.530433654785156,0.2702224552631378,0.6679687499999998,0.25404202938079834,0.6705306543019063
201,1.0219507217407227,0.003562068799510598,0.0002572685480117798,7.164333820343018,0.2788648307323456,0.6640625,0.2515510618686676,0.6707882534775889
202,1.0196462869644165,0.0030766811687499285,0.0003814697265625,7.218386173248291,0.31080934405326843,0.6328124999999996,0.24652838706970215,0.6684698608964451
203,1.0757396221160889,0.0018416948150843382,0.0003664642572402954,7.247919082641602,0.27906692028045654,0.6992187499999997,0.25137120485305786,0.6700154559505406
204,0.9670110940933228,0.0022812336683273315,0.0003602355718612671,7.2638068199157715,0.28646087646484375,0.6328124999999996,0.25264498591423035,0.6710458526532714
205,0.8960661888122559,0.003628429491072893,0.0002515166997909546,7.330068588256836,0.24049748480319977,0.6601562499999997,0.25146326422691345,0.6710458526532714
206,0.9883176684379578,0.0024641824420541525,0.0003387629985809326,7.175241470336914,0.3288482427597046,0.6171874999999999,0.25155699253082275,0.6715610510046366
207,1.1083159446716309,0.0020015875343233347,0.00038564205169677734,7.336308479309082,0.461919903755188,0.60546875,0.2497667819261551,0.6707882534775889
208,1.004331111907959,0.0031715817749500275,0.0005910694599151611,7.484140396118164,0.3187284767627716,0.6523437499999996,0.2500229775905609,0.671303451828954
209,1.0089670419692993,0.0026741349138319492,0.00014394521713256836,7.548361301422119,0.2941952049732208,0.6874999999999998,0.2519429624080658,0.6715610510046366
210,1.0465973615646362,0.0013987751444801688,0.0002340376377105713,7.518764495849609,0.45945966243743896,0.72265625,0.2453489899635315,0.671303451828954
211,0.9207343459129333,0.0026909508742392063,0.0001630038022994995,7.463450908660889,0.3653965890407562,0.6757812499999999,0.25124216079711914,0.6702730551262231
212,0.9548070430755615,0.0016419861931353807,0.000451505184173584,7.308450222015381,0.3330742120742798,0.6914062499999996,0.2488807886838913,0.6715610510046366
213,0.9638254642486572,0.002146440092474222,0.00036697089672088623,7.477490425109863,0.30761170387268066,0.6992187499999997,0.2543491721153259,0.6715610510046366
214,1.0802514553070068,0.0025634870398789644,0.0001719444990158081,7.319405555725098,0.30748996138572693,0.6914062499999996,0.24660202860832214,0.6705306543019063
215,0.9394633769989014,0.0019239981193095446,0.00030371546745300293,7.243837833404541,0.30774298310279846,0.6718749999999996,0.2552308440208435,0.669757856774858
216,0.9047370553016663,0.0011396827176213264,0.0004378706216812134,7.471450328826904,0.270589679479599,0.7304687499999996,0.25321388244628906,0.6700154559505406
217,0.9743894934654236,0.0024503516033291817,0.0002843886613845825,7.353677272796631,0.3280870020389557,0.6328124999999996,0.24351896345615387,0.6718186501803192
218,0.9227095246315002,0.00308346189558506,0.0002603083848953247,7.268592834472656,0.47210046648979187,0.6953124999999999,0.25014030933380127,0.669757856774858
219,0.9936792254447937,0.0020606969483196735,0.0003147721290588379,7.537130832672119,0.39434972405433655,0.6796874999999997,0.2509106397628784,0.6702730551262231
220,0.8506860136985779,0.002141109434887767,0.0004278123378753662,7.348125457763672,0.24583177268505096,0.72265625,0.2500222325325012,0.6710458526532714
221,1.0841623544692993,0.0017328260000795126,0.0005022585391998291,7.517404079437256,0.19310437142848969,0.6601562499999997,0.24684906005859375,0.6707882534775889
222,0.964640736579895,0.0022379825823009014,0.00036132335662841797,7.265431880950928,0.30580583214759827,0.64453125,0.25038620829582214,0.6733642452344152
223,0.9359559416770935,0.0016556298360228539,0.00041288137435913086,7.130563735961914,0.35590776801109314,0.7148437499999999,0.24388280510902405,0.6705306543019063
224,0.8622790575027466,0.0011318859178572893,0.0003951340913772583,7.252536296844482,0.28549665212631226,0.6562499999999999,0.24532197415828705,0.6705306543019063
225,0.9745998382568359,0.0020621579606086016,0.0001697838306427002,7.253749370574951,0.6506779789924622,0.703125,0.247015580534935,0.6715610510046366
226,0.9899681210517883,0.0006617452017962933,0.0005736798048019409,7.425120830535889,0.2543475031852722,0.6484374999999998,0.24763280153274536,0.6710458526532714
227,1.032036542892456,0.002191742416471243,0.00018866360187530518,7.383477210998535,0.25712886452674866,0.7109374999999996,0.24643434584140778,0.6718186501803192
228,0.9711848497390747,0.0008664329070597887,0.0005238205194473267,7.449055194854736,0.31033384799957275,0.72265625,0.24460507929325104,0.671303451828954
229,1.0390509366989136,0.0009986798977479339,0.0003633648157119751,7.226934909820557,0.35796913504600525,0.6367187499999999,0.24192751944065094,0.6702730551262231
230,0.9649810194969177,0.001598644070327282,0.0003223717212677002,7.636910438537598,0.4189155399799347,0.6992187499999997,0.24714456498622894,0.6705306543019063
231,0.9994658827781677,0.0020568491891026497,0.000440448522567749,7.323556900024414,0.3213467597961426,0.6992187499999997,0.24166926741600037,0.6710458526532714
232,0.9667987823486328,0.0010445695370435715,0.0004461556673049927,7.273766994476318,0.2710772156715393,0.6914062499999996,0.24689045548439026,0.6718186501803192
233,0.8885570168495178,0.001049152691848576,0.0002164989709854126,7.308300971984863,0.2174757868051529,0.625,0.2467508167028427,0.6718186501803192
234,0.9526793956756592,0.0008686664514243603,0.0005869418382644653,7.245394706726074,0.6472480893135071,0.6484374999999998,0.2448771595954895,0.6710458526532714
235,0.8917344808578491,0.0011759630870074034,0.00039802491664886475,7.297042369842529,0.2635703384876251,0.6992187499999997,0.24428360164165497,0.6710458526532714
236,0.9416977167129517,0.0014188714558258653,0.0004946291446685791,7.257035255432129,0.40523338317871094,0.7070312499999998,0.24499863386154175,0.6715610510046366
237,0.921862781047821,0.00171530875377357,0.00043594837188720703,7.35297155380249,0.32858362793922424,0.6328124999999996,0.24723079800605774,0.671303451828954
238,0.8264144062995911,0.0011141325812786818,0.00030125677585601807,7.385347366333008,0.29665616154670715,0.6210937499999997,0.2467239797115326,0.6715610510046366
239,0.8740109801292419,0.0012988587841391563,0.00049610435962677,7.345489978790283,0.28211092948913574,0.6679687499999998,0.24082587659358978,0.6715610510046366
240,0.9699984788894653,0.0015177219174802303,0.0005048215389251709,7.248773574829102,0.17010648548603058,0.64453125,0.24247656762599945,0.671303451828954
241,1.003531575202942,0.0015963201876729727,0.0007621794939041138,7.400714874267578,0.4114621579647064,0.6484374999999998,0.241829976439476,0.6707882534775889
242,1.0620235204696655,0.0007949944119900465,0.0004983991384506226,7.302159786224365,0.23643304407596588,0.6718749999999996,0.24027003347873688,0.6700154559505406
243,0.9313093423843384,0.0022978296037763357,0.0003682374954223633,7.176146507263184,0.29315853118896484,0.6601562499999997,0.2411239892244339,0.6707882534775889
244,1.0223785638809204,0.0023742092307657003,0.0005402565002441406,7.1034111976623535,0.33107462525367737,0.6406249999999997,0.24369823932647705,0.6705306543019063
245,1.0352072715759277,0.0015506965573877096,0.000363767147064209,7.236303806304932,0.15817512571811676,0.6484374999999998,0.24221943318843842,0.6720762493560017
246,1.025048851966858,0.0013870461843907833,0.0004070848226547241,7.445165634155273,0.34055614471435547,0.6757812499999999,0.24124787747859955,0.6718186501803192
247,1.0731737613677979,0.001310824416577816,0.00032392144203186035,7.439630508422852,0.5170043110847473,0.7148437499999999,0.2422332912683487,0.6715610510046366
248,1.0370903015136719,0.002157932613044977,0.0005511194467544556,7.416646957397461,0.1701253354549408,0.7187499999999997,0.23984359204769135,0.6718186501803192
249,0.8524951934814453,0.0009863761952146888,0.0006292462348937988,7.447800636291504,0.28036952018737793,0.6289062499999998,0.23975622653961182,0.6710458526532714
250,0.9985269904136658,0.000886805821210146,0.00034536421298980713,7.4535980224609375,0.2290143519639969,0.6484374999999998,0.24596276879310608,0.671303451828954
251,0.9542768597602844,0.0018063080497086048,0.0005998611450195312,7.547085285186768,0.22313201427459717,0.6914062499999996,0.24441124498844147,0.6710458526532714
252,0.9826642274856567,0.0014744410291314125,0.0002967566251754761,7.35729455947876,0.30299919843673706,0.64453125,0.24613183736801147,0.6715610510046366
253,0.957383394241333,0.0009145059157162905,0.0005228668451309204,7.2924652099609375,0.25758105516433716,0.7499999999999996,0.24092422425746918,0.6715610510046366
254,1.0792567729949951,0.0006690990412607789,0.000658869743347168,7.366989612579346,0.34918907284736633,0.6914062499999996,0.24271851778030396,0.6720762493560017
255,0.8987681865692139,0.0019734082743525505,0.0005451291799545288,7.463341236114502,0.3350447416305542,0.6601562499999997,0.24306054413318634,0.6725914477073669
256,1.0110560655593872,0.0016983849927783012,0.0004076361656188965,7.299542427062988,0.22128017246723175,0.6406249999999997,0.24528200924396515,0.6731066460587326
257,1.0131056308746338,0.0021474617533385754,0.0006600469350814819,7.467236518859863,0.2459949254989624,0.6874999999999998,0.24169322848320007,0.6718186501803192
258,0.8728869557380676,0.0013068999396637082,0.0003133714199066162,7.251694679260254,0.2882017493247986,0.6367187499999999,0.24181967973709106,0.671303451828954
259,1.0437973737716675,0.0013786818599328399,0.0004419088363647461,7.459435939788818,0.6667221784591675,0.703125,0.24064256250858307,0.6710458526532714
260,0.9930348992347717,0.0014594014501199126,0.0003421902656555176,7.3075127601623535,0.5335181355476379,0.6601562499999997,0.2415374368429184,0.6725914477073669
261,0.9469064474105835,0.000970977358520031,0.00036798417568206787,7.2974772453308105,0.34477490186691284,0.6289062499999998,0.24263107776641846,0.6707882534775889
262,0.8884778022766113,0.0010378239676356316,0.00046040117740631104,7.4719624519348145,0.3328579068183899,0.6132812499999996,0.24524304270744324,0.6715610510046366
263,0.9403548836708069,0.0008827780839055777,0.0004873424768447876,7.491593837738037,0.2971777617931366,0.6367187499999999,0.24206215143203735,0.6718186501803192
264,0.9736212491989136,0.0008772239089012146,0.0007039010524749756,7.462679862976074,0.2715885639190674,0.68359375,0.24133440852165222,0.671303451828954
265,0.9300137758255005,0.0015745614655315876,0.00043460726737976074,7.426054954528809,0.22947780787944794,0.6523437499999996,0.24310044944286346,0.671303451828954
266,0.9285541772842407,0.0015323474071919918,0.0003090798854827881,7.444999694824219,0.35753437876701355,0.6953124999999999,0.23941709101200104,0.6718186501803192
267,1.090129017829895,0.0016637861263006926,0.0005430877208709717,7.316176414489746,0.30910491943359375,0.625,0.24261677265167236,0.6715610510046366
268,0.8032567501068115,0.001457155216485262,0.00044083595275878906,7.413132190704346,0.5444688200950623,0.6874999999999998,0.24262402951717377,0.6725914477073669
269,1.11656653881073,0.0013425040524452925,0.00040243566036224365,7.428768634796143,0.30232876539230347,0.6718749999999996,0.23936210572719574,0.671303451828954
270,0.9679535031318665,0.0020235739648342133,0.00039699673652648926,7.358129978179932,0.3694102466106415,0.6601562499999997,0.23966455459594727,0.6720762493560017
271,1.0450077056884766,0.0008508358150720596,0.0005521178245544434,7.288261413574219,0.2584666907787323,0.6874999999999998,0.24296635389328003,0.6715610510046366
272,0.9951726198196411,0.0009210965363308787,0.00043070316314697266,7.372767448425293,0.5510508418083191,0.6289062499999998,0.23568306863307953,0.6725914477073669
273,0.9716299176216125,0.0008417458739131689,0.0005027651786804199,7.633328914642334,0.32169875502586365,0.7304687499999996,0.24493420124053955,0.6720762493560017
274,1.100753664970398,0.00048633990809321404,0.0006272792816162109,7.339772701263428,0.2588072121143341,0.6796874999999997,0.24241633713245392,0.6715610510046366
275,0.9130904674530029,0.0007198743987828493,0.0004704892635345459,7.217218399047852,0.3797250986099243,0.68359375,0.2435425966978073,0.6707882534775889
276,1.04722261428833,0.001253629568964243,0.0005120784044265747,7.236623287200928,0.5575743913650513,0.6562499999999999,0.24160300195217133,0.6718186501803192
277,1.0996391773223877,0.0019396832212805748,0.0004921108484268188,7.352746963500977,0.5391291379928589,0.6523437499999996,0.23883435130119324,0.6718186501803192
278,0.8578769564628601,0.0009813113138079643,0.00043053925037384033,7.471532344818115,0.09431299567222595,0.6914062499999996,0.24391034245491028,0.6718186501803192
279,0.9658768773078918,0.0007436237065121531,0.0005956292152404785,7.230062961578369,0.3313359320163727,0.6367187499999999,0.2424704134464264,0.6705306543019063
280,0.9622790813446045,0.0019764606840908527,0.0005062073469161987,7.435273170471191,0.21941447257995605,0.6914062499999996,0.24310024082660675,0.6715610510046366
281,0.9075551629066467,0.0006055429112166166,0.0005340874195098877,7.396085262298584,0.24909065663814545,0.6796874999999997,0.2405851185321808,0.6720762493560017
282,1.0389399528503418,0.0008047178853303194,0.0005044043064117432,7.321266174316406,0.44523507356643677,0.7148437499999999,0.23939868807792664,0.6718186501803192
283,0.9821531176567078,0.0017315519507974386,0.0004467815160751343,7.101554870605469,0.4192803204059601,0.703125,0.2416127473115921,0.6715610510046366
284,0.9207586050033569,0.0005896725924685597,0.0007037073373794556,7.485994338989258,0.29881078004837036,0.6562499999999999,0.2452252209186554,0.6723338485316843
285,0.9630235433578491,0.0009163490030914545,0.0006675869226455688,7.204832077026367,0.3896717131137848,0.6328124999999996,0.23832695186138153,0.6715610510046366
286,0.9301460385322571,0.0006073523545637727,0.0005934983491897583,7.2611517906188965,0.33897432684898376,0.6953124999999999,0.24195948243141174,0.6725914477073669
287,0.938837468624115,0.00046355160884559155,0.000522911548614502,7.210434436798096,0.28543493151664734,0.6171874999999999,0.24338383972644806,0.6718186501803192
288,1.0513200759887695,0.0009506558999419212,0.0004575997591018677,7.752081394195557,0.18994639813899994,0.6796874999999997,0.24152936041355133,0.6720762493560017
289,0.9301372766494751,0.0008490763138979673,0.0005013495683670044,7.313504695892334,0.4284856617450714,0.6679687499999998,0.2375076562166214,0.6718186501803192
290,1.056861162185669,0.001073366031050682,0.0005214959383010864,7.3936614990234375,0.42127251625061035,0.6953124999999999,0.24218951165676117,0.6720762493560017
291,1.031026840209961,0.0010879781330004334,0.0006161034107208252,7.256783962249756,0.38884788751602173,0.6679687499999998,0.24143093824386597,0.6715610510046366
292,1.0296721458435059,0.0011387738632038236,0.000606238842010498,7.210355758666992,0.2866372764110565,0.6406249999999997,0.24190793931484222,0.67284904688305
293,1.0486071109771729,0.0009651652071624994,0.0006113648414611816,7.318138599395752,0.22984834015369415,0.6367187499999999,0.24157632887363434,0.671303451828954
294,0.9083598852157593,0.000965669983997941,0.0005383789539337158,7.285167694091797,0.29228082299232483,0.6601562499999997,0.24171952903270721,0.6720762493560017
295,0.9648672342300415,0.0007839867612347007,0.0005460530519485474,7.3390350341796875,0.3245677947998047,0.6484374999999998,0.2422284483909607,0.6725914477073669
296,1.0551865100860596,0.001380791189149022,0.0006732940673828125,7.305995941162109,0.10061649978160858,0.703125,0.24133534729480743,0.6710458526532714
297,0.9823297262191772,0.0021405061706900597,0.0005229413509368896,7.1658453941345215,0.20081663131713867,0.6289062499999998,0.2397131621837616,0.6715610510046366
298,0.9368939399719238,0.00025108596310019493,0.000652015209197998,7.449181079864502,0.3084166646003723,0.7343749999999999,0.2393188178539276,0.6720762493560017
299,0.9243353009223938,0.0006155276205390692,0.0006190985441207886,7.429337978363037,0.26417258381843567,0.64453125,0.2387080192565918,0.6720762493560017
300,1.0173718929290771,0.0006793937645852566,0.0005441606044769287,7.563243389129639,0.24946992099285126,0.6992187499999997,0.24035421013832092,0.6723338485316843
301,1.1081554889678955,0.0013514598831534386,0.0005875229835510254,7.367655277252197,0.237689808011055,0.6992187499999997,0.237235888838768,0.6723338485316843
302,1.041959285736084,0.001309290761128068,0.0006551593542098999,7.480661869049072,0.200662761926651,0.6484374999999998,0.2457873672246933,0.6715610510046366
303,0.9750565886497498,0.0007228306494653225,0.0006786435842514038,7.395695686340332,0.24160121381282806,0.6640625,0.24206991493701935,0.6720762493560017
304,1.1274693012237549,0.0014925089199095964,0.0007305890321731567,7.320898532867432,0.22807642817497253,0.7148437499999999,0.23968906700611115,0.6715610510046366
305,0.9832056164741516,0.0003861808218061924,0.0006452500820159912,7.423761367797852,0.25585803389549255,0.6640625,0.23657569289207458,0.67284904688305
306,0.9985791444778442,0.0010085005778819323,0.0007030665874481201,7.387106418609619,0.3272687792778015,0.7265624999999998,0.2389490306377411,0.6720762493560017
307,0.9438706636428833,0.0018865030724555254,0.0007840245962142944,7.287327289581299,0.27536147832870483,0.6289062499999998,0.24195387959480286,0.6725914477073669
308,0.9470881819725037,0.0003804310690611601,0.000604584813117981,7.282947063446045,0.3088250756263733,0.6718749999999996,0.24029690027236938,0.6718186501803192
309,0.9355154037475586,0.00041123153641819954,0.00042663514614105225,7.156044006347656,0.18887430429458618,0.6718749999999996,0.24014876782894135,0.6720762493560017
310,0.991142749786377,0.0011800461215898395,0.0006039440631866455,7.244704723358154,0.23133262991905212,0.6562499999999999,0.24057665467262268,0.6718186501803192
311,1.0673549175262451,0.0004907825496047735,0.0006108880043029785,7.478048801422119,0.36984312534332275,0.6679687499999998,0.23802749812602997,0.6715610510046366
312,1.0516470670700073,0.0003552583511918783,0.0008457005023956299,7.461108207702637,0.13467994332313538,0.68359375,0.24085073173046112,0.6710458526532714
313,1.0428504943847656,0.0008756578899919987,0.00041493773460388184,7.432243824005127,0.2270045131444931,0.6484374999999998,0.24144281446933746,0.6723338485316843
314,0.9573937654495239,0.0003027393249794841,0.0007129162549972534,7.260705947875977,0.3308292031288147,0.7070312499999998,0.24269378185272217,0.6715610510046366
315,0.9408441781997681,0.0005558591801673174,0.000648796558380127,7.185965061187744,0.5094367861747742,0.6562499999999999,0.24488477408885956,0.6725914477073669
316,1.101746678352356,0.0014652358368039131,0.0006000995635986328,7.465592861175537,0.2251235544681549,0.6718749999999996,0.24060697853565216,0.6725914477073669
317,1.0787588357925415,0.0010815332643687725,0.0005465596914291382,7.340419769287109,0.3709779977798462,0.6406249999999997,0.24096901714801788,0.6723338485316843
318,1.058569312095642,0.0007715066894888878,0.0006526261568069458,7.501351356506348,0.31457725167274475,0.6640625,0.2402489185333252,0.6718186501803192
319,0.958464503288269,0.00037469714879989624,0.0006389021873474121,7.619128704071045,0.14379490911960602,0.6914062499999996,0.24125412106513977,0.6723338485316843
320,0.9591562151908875,9.797903476282954e-05,0.0006401091814041138,7.389284610748291,0.46471351385116577,0.5976562499999999,0.24270573258399963,0.6718186501803192
321,0.9893485307693481,0.00034436408895999193,0.0006433874368667603,7.471700668334961,0.34783560037612915,0.7070312499999998,0.24436278641223907,0.6720762493560017
322,0.8841734528541565,5.634216358885169e-05,0.0008879303932189941,7.326693534851074,0.2696608006954193,0.6796874999999997,0.24170635640621185,0.6723338485316843
323,1.0921194553375244,0.00046815513633191586,0.0006580352783203125,7.515689849853516,0.24934028089046478,0.6796874999999997,0.24008996784687042,0.67284904688305
324,1.0489861965179443,0.0005943563301116228,0.0006061047315597534,7.237303733825684,0.30923932790756226,0.6562499999999999,0.24243034422397614,0.6723338485316843
325,0.9133576154708862,0.0003910651430487633,0.0006426423788070679,7.4892258644104,0.28381049633026123,0.7187499999999997,0.2412630319595337,0.6718186501803192
326,1.01174795627594,0.001034226850606501,0.0005025863647460938,7.3936309814453125,0.3202696740627289,0.6367187499999999,0.2358776181936264,0.6715610510046366
327,0.9930121302604675,0.00032626267056912184,0.0007469654083251953,7.3460869789123535,0.27761971950531006,0.7382812499999997,0.24361348152160645,0.67284904688305
328,1.0854637622833252,0.0008853442268446088,0.0008082687854766846,7.318462371826172,0.2957479953765869,0.64453125,0.24164217710494995,0.671303451828954
329,1.0904195308685303,0.0013466279488056898,0.000673934817314148,7.399824142456055,0.2603323459625244,0.7304687499999996,0.24349357187747955,0.67284904688305
330,0.852997362613678,0.0004339333390817046,0.0006533265113830566,7.201142311096191,0.26135241985321045,0.6406249999999997,0.2444172203540802,0.6723338485316843
331,0.9525525569915771,0.0017049438320100307,0.0006392300128936768,7.497041702270508,0.3050917387008667,0.7187499999999997,0.24337315559387207,0.67284904688305
332,0.9647082090377808,0.0010096598416566849,0.0008201450109481812,7.434744834899902,0.4563651978969574,0.68359375,0.24163462221622467,0.6723338485316843
333,0.8552942872047424,0.0003411677898839116,0.0006703436374664307,7.2809062004089355,0.20129071176052094,0.6367187499999999,0.2417176365852356,0.6710458526532714
334,0.9851133823394775,0.0017644651234149933,0.000692412257194519,7.3650803565979,0.28056952357292175,0.6640625,0.24304832518100739,0.67284904688305
335,0.9761247038841248,0.0003110776888206601,0.0007154941558837891,7.583504676818848,0.2712888717651367,0.64453125,0.24056315422058105,0.6725914477073669
336,0.9736102223396301,0.0001460917992517352,0.0006433576345443726,7.389172077178955,0.20699447393417358,0.6289062499999998,0.240586057305336,0.6723338485316843
337,0.9290030002593994,0.0004790397360920906,0.000705525279045105,7.564258098602295,0.31324005126953125,0.6796874999999997,0.24026940762996674,0.6723338485316843
338,0.9311668276786804,0.0002842505928128958,0.0006258338689804077,7.263835906982422,0.17153124511241913,0.6640625,0.2377176284790039,0.6715610510046366
339,1.0242894887924194,7.662741700187325e-05,0.0006762444972991943,7.493363857269287,0.31625089049339294,0.625,0.2468407303094864,0.6725914477073669
340,1.043596625328064,0.0007474172161892056,0.0006322562694549561,7.294572353363037,0.14773404598236084,0.6328124999999996,0.24101407825946808,0.6723338485316843
341,0.976463258266449,0.0002478498499840498,0.0007256120443344116,7.174614429473877,0.5107797384262085,0.6523437499999996,0.24155263602733612,0.6725914477073669
342,1.0821647644042969,0.00021649018162861466,0.0007369667291641235,7.569249629974365,0.2893708050251007,0.7187499999999997,0.244735985994339,0.6723338485316843
343,1.099826455116272,0.00030827760929241776,0.000652611255645752,7.420276165008545,0.23613901436328888,0.7343749999999999,0.2446359395980835,0.6723338485316843
344,0.8472461700439453,0.0001239032717421651,0.0008140653371810913,7.482539176940918,0.3417835533618927,0.6679687499999998,0.24498246610164642,0.6720762493560017
345,0.9872914552688599,0.0011825768742710352,0.0010041594505310059,7.5943450927734375,0.3323671221733093,0.64453125,0.2449359893798828,0.6723338485316843
346,0.9609198570251465,0.0002490951446816325,0.0007806569337844849,7.3187432289123535,0.4062190651893616,0.6601562499999997,0.2407931238412857,0.671303451828954
347,0.9600459337234497,0.00017521320842206478,0.0007171630859375,7.775665760040283,0.46227404475212097,0.7343749999999999,0.24431750178337097,0.6718186501803192
348,0.9855497479438782,0.00018811761401593685,0.0008766204118728638,7.387929916381836,0.1989668756723404,0.625,0.24128678441047668,0.6723338485316843
349,0.8911314010620117,0.0002567754127085209,0.0007601529359817505,7.203507900238037,0.27004051208496094,0.6914062499999996,0.23919110000133514,0.671303451828954
350,0.9410471320152283,0.0006885586772114038,0.0006956160068511963,7.2844672203063965,0.20975333452224731,0.7070312499999998,0.2411704957485199,0.67284904688305
351,1.0095276832580566,4.361267201602459e-06,0.000925019383430481,7.320465564727783,0.3345837891101837,0.6679687499999998,0.24305056035518646,0.6720762493560017
352,0.8687149286270142,4.620006075128913e-05,0.0007237344980239868,7.274181842803955,0.2683645188808441,0.703125,0.24108189344406128,0.671303451828954
353,0.793768048286438,0.00010986439883708954,0.0009098649024963379,7.393872261047363,0.22435103356838226,0.6367187499999999,0.2463333010673523,0.6723338485316843
354,0.9253928661346436,2.845108974725008e-05,0.0008867084980010986,7.2423930168151855,0.21193675696849823,0.6640625,0.24493519961833954,0.6723338485316843
355,0.9995008707046509,0.00017812586156651378,0.0007287561893463135,7.720961093902588,0.31594595313072205,0.6484374999999998,0.23915483057498932,0.6723338485316843
356,0.9590778350830078,0.00029702449683099985,0.0006602853536605835,7.379284858703613,0.4646708369255066,0.6289062499999998,0.2440381944179535,0.6723338485316843
357,0.8725845813751221,0.00036667974200099707,0.0006997883319854736,7.545553684234619,0.3637147843837738,0.7109374999999996,0.24526925384998322,0.671303451828954
358,1.014483094215393,0.0004129195585846901,0.0007492750883102417,7.341315746307373,0.32504916191101074,0.703125,0.243352010846138,0.6725914477073669
359,0.9072649478912354,7.928209379315376e-05,0.0008519887924194336,7.1392693519592285,0.18455959856510162,0.6210937499999997,0.2444065809249878,0.6738794435857803
360,0.9711036682128906,0.0006184959784150124,0.0007885843515396118,7.336628437042236,0.2664512097835541,0.6992187499999997,0.2464667111635208,0.6718186501803192
361,0.9933180212974548,0.00031511683482676744,0.0007732808589935303,7.544589996337891,0.6448231339454651,0.6953124999999999,0.24434371292591095,0.6723338485316843
362,1.067529320716858,0.0004843231290578842,0.0007437467575073242,7.300910949707031,0.3327799141407013,0.6484374999999998,0.247222438454628,0.6715610510046366
363,0.9063310623168945,0.0004856677260249853,0.0009347796440124512,7.470340728759766,0.3356398940086365,0.5742187499999996,0.24372223019599915,0.6720762493560017
364,0.9331314563751221,0.00014000432565808296,0.0007511526346206665,7.389883041381836,0.20877569913864136,0.7382812499999997,0.24490652978420258,0.6707882534775889
365,0.9751198291778564,-0.00013628497254103422,0.0007471293210983276,7.492792129516602,0.24164080619812012,0.6562499999999999,0.2467017024755478,0.6710458526532714
366,0.9195188283920288,0.0006009339122101665,0.0007981956005096436,7.508969306945801,0.15928563475608826,0.68359375,0.24343474209308624,0.6723338485316843
367,0.9865832328796387,0.00014198210556060076,0.000966981053352356,7.293158054351807,0.33836930990219116,0.6914062499999996,0.25073838233947754,0.6723338485316843
368,1.070885419845581,0.00038915942423045635,0.0008721053600311279,7.278629302978516,0.2719295918941498,0.6679687499999998,0.24257276952266693,0.6725914477073669
369,0.9958524703979492,0.00016993610188364983,0.0008365809917449951,7.560317039489746,0.3740083873271942,0.6601562499999997,0.24609987437725067,0.6715610510046366
370,1.0037333965301514,8.37729312479496e-05,0.0007713586091995239,7.3441691398620605,0.3395771384239197,0.6484374999999998,0.2481754720211029,0.671303451828954
371,0.9253268837928772,0.00038225017488002777,0.0008917897939682007,7.37851619720459,0.3472122848033905,0.64453125,0.24391469359397888,0.6715610510046366
372,1.0018340349197388,-0.00017778476467356086,0.0008897334337234497,7.298189163208008,0.31365472078323364,0.7109374999999996,0.25390562415122986,0.671303451828954
373,0.9274216294288635,-0.0002777822082862258,0.0010758638381958008,7.3150315284729,0.4238676428794861,0.5820312499999997,0.2473568171262741,0.6725914477073669
374,0.9216862320899963,-2.0475417841225863e-05,0.0008521229028701782,7.588675498962402,0.33989089727401733,0.7109374999999996,0.2535509765148163,0.6723338485316843
375,1.0243288278579712,0.00041420396883040667,0.0007497966289520264,7.480626583099365,0.2981000244617462,0.6523437499999996,0.24891506135463715,0.6710458526532714
376,1.058044672012329,0.0004437746247276664,0.0007569342851638794,7.412511825561523,0.25146952271461487,0.72265625,0.2532058358192444,0.6707882534775889
377,0.9341398477554321,4.226923920214176e-06,0.0007742792367935181,7.529017448425293,0.1055045872926712,0.7070312499999998,0.25378867983818054,0.6715610510046366
378,0.9953175783157349,-0.00019906740635633469,0.0009010732173919678,7.2596116065979,0.5604397654533386,0.6367187499999999,0.24853868782520294,0.6723338485316843
379,0.9933651685714722,-1.650978811085224e-05,0.0008049458265304565,7.557063579559326,0.3139553368091583,0.7539062499999999,0.2512533962726593,0.6710458526532714
380,1.0552014112472534,4.1057239286601543e-05,0.0008254349231719971,7.298801898956299,0.32324501872062683,0.6601562499999997,0.2541438937187195,0.6720762493560017
381,0.9300919771194458,-0.00010683934669941664,0.0009046345949172974,7.176480770111084,0.2444934844970703,0.6914062499999996,0.25783663988113403,0.6718186501803192
382,0.9630001783370972,-5.466659786179662e-05,0.0008276849985122681,7.219483852386475,0.22582994401454926,0.6484374999999998,0.2546299695968628,0.671303451828954
383,0.9638513922691345,0.00021472794469445944,0.0008226782083511353,7.379889011383057,0.5779911279678345,0.6601562499999997,0.2608005106449127,0.6725914477073669
384,0.9447004199028015,-0.00016481027705594897,0.0008164793252944946,7.336123466491699,0.2842489778995514,0.6874999999999998,0.2546406090259552,0.6718186501803192
385,0.9603344202041626,-0.0002360945218242705,0.000922664999961853,7.354954242706299,0.28598636388778687,0.5937499999999996,0.2589263319969177,0.6723338485316843
386,0.9411341547966003,0.000723031465895474,0.0007640868425369263,7.490959644317627,0.2001125067472458,0.6562499999999999,0.26672208309173584,0.6720762493560017
387,1.0709885358810425,0.0006485995836555958,0.000966191291809082,7.5523600578308105,0.49977678060531616,0.7382812499999997,0.26511916518211365,0.6718186501803192
388,0.9111235737800598,0.00022966484539210796,0.0007598251104354858,7.358361721038818,0.38089829683303833,0.6718749999999996,0.275569885969162,0.6723338485316843
389,0.8552473783493042,0.00064699980430305,0.0007509738206863403,7.293525218963623,0.22953547537326813,0.625,0.2788842022418976,0.6720762493560017
390,1.0894746780395508,-0.00020972045604139566,0.0008748620748519897,7.43689489364624,0.18380820751190186,0.6796874999999997,0.2804158627986908,0.6723338485316843
391,1.0508381128311157,0.0003421548753976822,0.0009025335311889648,7.260363578796387,0.33605387806892395,0.6679687499999998,0.29847443103790283,0.6718186501803192
392,0.9965412616729736,-0.00017665617633610964,0.0008375644683837891,7.244311332702637,0.4098716378211975,0.6328124999999996,0.3037799298763275,0.6720762493560017
393,0.9372313022613525,0.0003776473458856344,0.0008845329284667969,7.509557247161865,0.38592803478240967,0.6601562499999997,0.320406436920166,0.67284904688305
394,0.9128967523574829,9.693502215668559e-05,0.0008027851581573486,7.416650772094727,0.1351507604122162,0.7460937499999998,0.3452542722225189,0.6725914477073669
395,1.082375407218933,-4.902819637209177e-05,0.0010075569152832031,7.08957052230835,0.2586013972759247,0.60546875,0.3535100519657135,0.6715610510046366
396,1.001673698425293,8.814188186079264e-05,0.0008517652750015259,7.401986122131348,0.36388441920280457,0.7304687499999996,0.3395301401615143,0.6720762493560017
397,1.0775318145751953,1.0873191058635712e-07,0.0009139925241470337,7.395857334136963,0.604028582572937,0.6367187499999999,0.30202627182006836,0.6725914477073669
398,0.9710623025894165,0.000338844140060246,0.0007869303226470947,7.477128028869629,0.30836719274520874,0.6328124999999996,0.28744739294052124,0.6718186501803192
399,0.9633326530456543,0.0003081460017710924,0.0008603036403656006,7.669770240783691,0.23918242752552032,0.6093749999999998,0.26541900634765625,0.67284904688305
