,loss_g,loss_d,loss_test,w_distance,acc
0,2.6939845085144043,3.938141107559204,0.2482634037733078,0.000421375036239624,0.3031436736814757
1,2.6158995628356934,1.6510744094848633,0.2424231320619583,0.0007883906364440918,0.3426864120550792
2,2.5408170223236084,0.1693151891231537,0.2351042926311493,0.0010955631732940674,0.3691348402182385
3,2.4592652320861816,0.7343530058860779,0.22551287710666656,0.0016670823097229004,0.4086256170433879
4,2.3538174629211426,1.1585047245025635,0.21308137476444244,0.001901388168334961,0.42525331254871396
5,2.222090482711792,0.6336219310760498,0.19738003611564636,0.0016787946224212646,0.44692127825409195
6,2.0521349906921387,0.13591672480106354,0.17852726578712463,0.001495361328125,0.49103663289166016
7,1.813970923423767,0.11231781542301178,0.15698686242103577,0.001272350549697876,0.49337490257209665
8,1.589998722076416,0.2909284830093384,0.13405030965805054,0.001072913408279419,0.4942582488958171
9,1.3749825954437256,0.446997731924057,0.11142870783805847,0.0011959671974182129,0.4946219797349961
10,1.158982276916504,0.44871726632118225,0.09106703847646713,0.001073986291885376,0.4958170953494414
11,1.0393165349960327,0.3083524703979492,0.07442225515842438,0.0011514723300933838,0.5119251753702261
12,0.8821895122528076,0.12496663630008698,0.06228770315647125,0.0009602904319763184,0.5212262925435178
13,0.8165779113769531,0.0587383471429348,0.05440729111433029,0.0008804202079772949,0.5272538321641985
14,0.7797906994819641,0.16311483085155487,0.04984226077795029,0.0003726482391357422,0.5278773707456482
15,0.7572406530380249,0.2780112028121948,0.04742258042097092,0.0003655552864074707,0.5279812938425565
16,0.7157180309295654,0.2428884655237198,0.046301260590553284,0.00028014183044433594,0.5459599896076903
17,0.739919900894165,0.1414092630147934,0.04582409933209419,0.00021597743034362793,0.5470511821252273
18,0.7274154424667358,0.055564478039741516,0.045727282762527466,-5.602836608886719e-06,0.5471031436736815
19,0.7624539732933044,0.053788769990205765,0.04557520151138306,-9.018182754516602e-05,0.5481943361912185
20,0.7407776713371277,0.0993882343173027,0.04500947520136833,-8.741021156311035e-05,0.551260067550013
21,0.7575441002845764,0.1425081193447113,0.044288117438554764,-5.644559860229492e-05,0.5512081060015589
22,0.7304515838623047,0.1428043395280838,0.04350323602557182,-0.00010770559310913086,0.551260067550013
23,0.7427530884742737,0.10711051523685455,0.0427798368036747,-0.00021329522132873535,0.5514679137438295
24,0.7358736991882324,0.06698167324066162,0.0422547273337841,2.0831823348999023e-05,0.5514159521953754
25,0.7108263969421387,0.02910347655415535,0.04209614917635918,-0.00019699335098266602,0.55235126006755
26,0.7279582023620605,0.045683205127716064,0.04228033497929573,4.0143728256225586e-05,0.5525591062613666
27,0.7248146533966064,0.09799765795469284,0.04317421838641167,-2.378225326538086e-05,0.5434658352818914
28,0.7057693004608154,0.10432656854391098,0.04459570348262787,0.00014337897300720215,0.5391010652117433
29,0.7265127897262573,0.07510075718164444,0.045614566653966904,2.7567148208618164e-05,0.5331774486879709
30,0.7320249676704407,0.05359289050102234,0.046083804219961166,6.181001663208008e-05,0.5359833723044947
31,0.7277428507804871,0.026731878519058228,0.04611112177371979,-6.988644599914551e-05,0.5489217978695765
32,0.7187699675559998,0.0376971960067749,0.04583967104554176,0.000270843505859375,0.55811899194596
33,0.7266235947608948,0.057571668177843094,0.04547916725277901,0.00022390484809875488,0.5593660691088594
34,0.7328463196754456,0.055383339524269104,0.045272279530763626,0.00010034441947937012,0.55811899194596
35,0.7096802592277527,0.058365948498249054,0.04544215276837349,0.0002307891845703125,0.5601454923356716
36,0.7110029458999634,0.0369308702647686,0.04526761174201965,9.47713851928711e-05,0.5590023382696805
37,0.7480133771896362,0.027861682698130608,0.044897109270095825,0.00026234984397888184,0.5561444531047025
38,0.722934365272522,0.028929777443408966,0.04418155178427696,0.00011831521987915039,0.5563003377500649
39,0.713461697101593,0.0424460768699646,0.04337230324745178,0.00026851892471313477,0.5575993764614185
40,0.7402238845825195,0.04592745006084442,0.04281863942742348,8.085370063781738e-05,0.5578072226552351
41,0.691116452217102,0.045155249536037445,0.042645055800676346,-3.4421682357788086e-05,0.5578072226552351
42,0.694475531578064,0.03163696080446243,0.043025463819503784,-5.507469177246094e-05,0.5524032216160042
43,0.7298411130905151,0.02355736307799816,0.043625857681035995,-6.0886144638061523e-05,0.5485061054819433
44,0.7493709325790405,0.02709386497735977,0.044092852622270584,-0.00011214613914489746,0.5488698363211224
45,0.7204723358154297,0.03436637297272682,0.04447517544031143,0.00014859437942504883,0.5509482982592881
46,0.7626525163650513,0.034683775156736374,0.04479672387242317,0.0001309812068939209,0.5623278773707456
47,0.7074859738349915,0.03355572000145912,0.045402891933918,0.00019297003746032715,0.5582229150428683
48,0.73912513256073,0.026275120675563812,0.04616689682006836,0.0005230903625488281,0.558482722785139
49,0.7038848400115967,0.023072730749845505,0.046850841492414474,0.000708162784576416,0.55811899194596
50,0.7469996809959412,0.023102113977074623,0.046738795936107635,0.000835716724395752,0.5578072226552351
51,0.709314227104187,0.0327470637857914,0.046246711164712906,0.0007290840148925781,0.5579111457521434
52,0.6871515512466431,0.026952998712658882,0.04588320478796959,0.0004954636096954346,0.5605611847233047
53,0.6972326040267944,0.027775658294558525,0.045703742653131485,0.0004006028175354004,0.5537022603273578
54,0.7418743371963501,0.017144642770290375,0.04549284651875496,0.00042504072189331055,0.5520914523252793
55,0.7029848098754883,0.020355453714728355,0.045569367706775665,0.00013703107833862305,0.5492855287087555
56,0.7203815579414368,0.0217145849019289,0.04559224843978882,0.0001983642578125,0.5488698363211224
57,0.7340754270553589,0.02460356056690216,0.04520765691995621,0.00039970874786376953,0.5568719147830605
58,0.7421435713768005,0.015111396089196205,0.04489823430776596,0.0003542304039001465,0.5576513380098727
59,0.7094046473503113,0.020622074604034424,0.044624727219343185,0.00045105814933776855,0.5578072226552351
60,0.6995368003845215,0.013258680701255798,0.04481401666998863,0.0003667473793029785,0.5577032995583269
61,0.7368463277816772,0.0213626679033041,0.045164432376623154,0.0006075203418731689,0.557391530267602
62,0.7365472912788391,0.024170413613319397,0.045522820204496384,0.0006257891654968262,0.5580150688490517
63,0.6746724843978882,0.022321345284581184,0.04604508727788925,0.0005644261837005615,0.5633151467913744
64,0.7128639817237854,0.014612463302910328,0.046358708292245865,0.0005025863647460938,0.5659132242140816
65,0.6918493509292603,0.012658702209591866,0.04629630967974663,0.000640183687210083,0.5607170693686672
66,0.7114887833595276,0.016792498528957367,0.046474020928144455,0.0005160272121429443,0.5513639906469213
67,0.7169944047927856,0.02025439590215683,0.046641211956739426,0.0005408227443695068,0.5509482982592881
68,0.6958202123641968,0.01573019288480282,0.04696396738290787,0.0006147623062133789,0.550532605871655
69,0.7359245419502258,0.019351713359355927,0.04669102281332016,0.0007017552852630615,0.5518316445830086
70,0.6901286840438843,0.014795903116464615,0.046494800597429276,0.0005693733692169189,0.5554689529747987
71,0.6770563125610352,0.015599038451910019,0.046375323086977005,0.0005175173282623291,0.5567160301376981
72,0.6932991743087769,0.015294553712010384,0.046296704560518265,0.000467151403427124,0.5567160301376981
73,0.7340050935745239,0.01104232482612133,0.04598287492990494,0.0006982386112213135,0.5565081839438816
74,0.678256630897522,0.008151221089065075,0.04600587487220764,0.00046253204345703125,0.5580150688490517
75,0.7013037800788879,0.01136901043355465,0.04600897058844566,0.0007615983486175537,0.5582229150428683
76,0.7076456546783447,0.009426530450582504,0.04597211256623268,0.00081595778465271,0.5577032995583269
77,0.7090675234794617,0.014646809548139572,0.045882854610681534,0.0006596148014068604,0.5586386074305014
78,0.7470452189445496,0.01130008976906538,0.04588622227311134,0.0009515285491943359,0.5573395687191478
79,0.6747406125068665,0.010516058653593063,0.046327147632837296,0.000775754451751709,0.5569238763315146
80,0.6941074132919312,0.010801778174936771,0.04683909937739372,0.0008632838726043701,0.5569238763315146
81,0.6844099760055542,0.009971320629119873,0.04717911407351494,0.000973135232925415,0.5563003377500649
82,0.7416022419929504,0.006900927051901817,0.04706348106265068,0.0006237626075744629,0.5531306832943622
83,0.7283604145050049,0.01080086175352335,0.04656686633825302,0.000669628381729126,0.5528189140036374
84,0.7077868580818176,0.00837906263768673,0.045886166393756866,0.000550389289855957,0.5527669524551831
85,0.680892825126648,0.008294878527522087,0.04532253369688988,0.0006040036678314209,0.5541179527149909
86,0.7025649547576904,0.007950596511363983,0.04468338564038277,0.0006729662418365479,0.5596778383995843
87,0.6782597303390503,0.0070234742015600204,0.04441756382584572,0.0008673965930938721,0.5583787996882307
88,0.7052984237670898,0.006579573731869459,0.044473275542259216,0.0008400380611419678,0.5600415692387634
89,0.6987469792366028,0.007339099422097206,0.0449196919798851,0.000943601131439209,0.5585866458820473
90,0.6898938417434692,0.009364128112792969,0.04559745639562607,0.0009945034980773926,0.5578072226552351
91,0.7373201251029968,0.0097316550090909,0.045987311750650406,0.0011538863182067871,0.5576513380098727
92,0.6964980363845825,0.00633546058088541,0.04628349095582962,0.001087576150894165,0.557391530267602
93,0.7177152037620544,0.00674576498568058,0.04661170765757561,0.0012300610542297363,0.5578072226552351
94,0.706872820854187,0.008758665062487125,0.04680547118186951,0.000860750675201416,0.5615484541439335
95,0.6689441204071045,0.00587697746232152,0.04723403602838516,0.0009492933750152588,0.5731358794492076
96,0.706633985042572,0.005616624839603901,0.0473518930375576,0.0010246038436889648,0.5792673421667965
97,0.6855069398880005,0.009207943454384804,0.0472208634018898,0.0011771619319915771,0.569706417251234
98,0.7037456035614014,0.008462140336632729,0.04683275893330574,0.0007795989513397217,0.5643024162120032
99,0.6791585683822632,0.007181553170084953,0.04626067727804184,0.0010082125663757324,0.5687191478306054
100,0.6852313280105591,0.006289537996053696,0.04571734741330147,0.0009289681911468506,0.55811899194596
101,0.6967248916625977,0.005734370090067387,0.045533619821071625,0.000985652208328247,0.5535983372304495
102,0.7092618942260742,0.006674063391983509,0.04537256434559822,0.0011594295501708984,0.5529747986489998
103,0.6917474269866943,0.005445573478937149,0.04545598104596138,0.0010657310485839844,0.5550532605871655
104,0.6896380186080933,0.00525528471916914,0.04572143405675888,0.0011377036571502686,0.56965445570278
105,0.6846169233322144,0.0049473317340016365,0.04604153335094452,0.001385718584060669,0.5808261886204209
106,0.7189944982528687,0.004103538580238819,0.04627859592437744,0.0012942254543304443,0.5874772668225513
107,0.6871552467346191,0.006514108739793301,0.04654078185558319,0.00119781494140625,0.5861262665627436
108,0.6930220127105713,0.00398872559890151,0.04627088084816933,0.0011863410472869873,0.5798908807482464
109,0.6836102604866028,0.005012616515159607,0.04542215168476105,0.0012553930282592773,0.5680956092491556
110,0.7134315371513367,0.004479427821934223,0.04431268200278282,0.0013507604598999023,0.5582748765913225
111,0.6502465009689331,0.0053076958283782005,0.04416699334979057,0.0012085139751434326,0.5594699922057678
112,0.6622104644775391,0.003180067054927349,0.044523194432258606,0.0014037787914276123,0.5662249935048065
113,0.6783307790756226,0.0036414964124560356,0.044795792549848557,0.0014123618602752686,0.5690309171213302
114,0.6669563055038452,0.004024791996926069,0.044930990785360336,0.001376420259475708,0.5694985710574175
115,0.696068525314331,0.0038909045979380608,0.044891200959682465,0.0013759434223175049,0.5799428422967005
116,0.6765694618225098,0.0024656523019075394,0.04497760906815529,0.001397162675857544,0.5906988828267082
117,0.64132159948349,0.00444387411698699,0.04539131745696068,0.0010845661163330078,0.5954793452844894
118,0.6529176235198975,0.0033321743831038475,0.04581537842750549,0.0010184943675994873,0.5897116134060795
119,0.6903207302093506,0.0023389707785099745,0.04588007926940918,0.0011651813983917236,0.5833203429462198
120,0.6583880186080933,0.0029095872305333614,0.04591799154877663,0.0012170374393463135,0.5784359573915303
121,0.6648571491241455,0.0028706532903015614,0.04603643715381622,0.0013596415519714355,0.5776565341647181
122,0.6683430075645447,0.0036132661625742912,0.04605287313461304,0.0012597739696502686,0.5818654195895038
123,0.6663200855255127,0.0025067743845283985,0.04578614979982376,0.0014106333255767822,0.5850350740452065
124,0.7007728219032288,0.002992709632962942,0.04540856555104256,0.0015616416931152344,0.5925694985710575
125,0.6423394680023193,0.0017511597834527493,0.04544803872704506,0.0014980137348175049,0.5917381137957911
126,0.6590033769607544,0.002120163757354021,0.04552046209573746,0.0013528168201446533,0.5888802286308132
127,0.6645627617835999,0.001875146757811308,0.045762114226818085,0.0018150806427001953,0.5879449207586386
128,0.6712888479232788,0.0017321782652288675,0.04569083824753761,0.0017071366310119629,0.5903871135359834
129,0.6507390141487122,0.0014971676282584667,0.04573063924908638,0.001547008752822876,0.5836840737853988
130,0.6546987891197205,0.0011810255236923695,0.045740801841020584,0.0016304254531860352,0.576201610808002
131,0.6438460946083069,0.0021365077700465918,0.045994386076927185,0.001730412244796753,0.5778124188100805
132,0.6795175075531006,0.0009977896697819233,0.0461140014231205,0.0017403662204742432,0.5903351519875293
133,0.6535940766334534,0.0015423197764903307,0.046306245028972626,0.0017369389533996582,0.5972460379319303
134,0.6456153392791748,0.0018660109490156174,0.04642786458134651,0.0017137229442596436,0.5985970381917382
135,0.6539132595062256,0.0012197787873446941,0.04645894467830658,0.001720726490020752,0.5968823070927514
136,0.652162492275238,0.0019040168263018131,0.046420544385910034,0.0019289255142211914,0.595323460639127
137,0.6392636895179749,0.001044486416503787,0.046322498470544815,0.0017600655555725098,0.593141075604053
138,0.6398511528968811,0.0020982068963348866,0.046280138194561005,0.001728057861328125,0.5871135359833723
139,0.6504555344581604,0.0007653494831174612,0.046226613223552704,0.0017705559730529785,0.5882047285009093
140,0.6481563448905945,0.0011444131378084421,0.04619786888360977,0.0017759501934051514,0.5910106521174331
141,0.6354228854179382,0.00035744672641158104,0.04628228396177292,0.0017639100551605225,0.5940763834762276
142,0.631030797958374,0.0008083097636699677,0.04634465277194977,0.0019231438636779785,0.5994803845154586
143,0.6225476264953613,0.0026650759391486645,0.046530067920684814,0.0016588270664215088,0.6030657313587945
144,0.6395392417907715,0.0007532460149377584,0.04667406901717186,0.0018728077411651611,0.6093011171732917
145,0.6315451860427856,0.0009556862059980631,0.04670626297593117,0.0019288063049316406,0.6126786178228111
146,0.6117406487464905,0.0013620960526168346,0.04667477682232857,0.001863241195678711,0.6116393868537282
147,0.6142048239707947,0.000537101412191987,0.04673592001199722,0.001697450876235962,0.6099246557547415
148,0.6484977006912231,0.0007879026234149933,0.04668744280934334,0.0020072460174560547,0.606131462717589
149,0.6217681765556335,0.0005394050385802984,0.04648439213633537,0.0018026232719421387,0.6051961548454144
150,0.6178601384162903,2.9602553695440292e-05,0.04621650651097298,0.0018879175186157227,0.6071706936866719
151,0.645456850528717,0.0004293462261557579,0.04575425013899803,0.0021532177925109863,0.6104442712392829
152,0.6224164962768555,-0.0003454227698966861,0.04500313103199005,0.0018478929996490479,0.6094570018186541
153,0.6230167150497437,0.0014097881503403187,0.044596701860427856,0.0017151832580566406,0.6081060015588464
154,0.5995265245437622,0.0008463580161333084,0.04445469379425049,0.0018061697483062744,0.6056118472330475
155,0.6213034391403198,0.0015677465125918388,0.04460194334387779,0.001720041036605835,0.603273577552611
156,0.6082886457443237,0.0007081234361976385,0.04489587992429733,0.00180092453956604,0.6008313847752663
157,0.6438579559326172,0.0006978579331189394,0.045069899410009384,0.0018393397331237793,0.6012990387113536
158,0.645216166973114,2.6664230972528458e-05,0.0452926941215992,0.002121478319168091,0.6055079241361393
159,0.5967409610748291,9.101373143494129e-05,0.04604704678058624,0.0019416511058807373,0.6101325019485581
160,0.6108050346374512,-0.0006197083275765181,0.04691280797123909,0.002198725938796997,0.6156404260846974
161,0.6021088361740112,-0.00020219711586833,0.047627002000808716,0.002085357904434204,0.6153806183424266
162,0.6127183437347412,-0.00019195827189832926,0.04814945161342621,0.002072572708129883,0.6156404260846974
163,0.6040056347846985,-0.00035601668059825897,0.04851207137107849,0.0020294189453125,0.6139776565341647
164,0.6108892560005188,-0.00010711443610489368,0.04858331382274628,0.0020983219146728516,0.6138217718888023
165,0.5992425680160522,-0.0003744137939065695,0.04846308007836342,0.002070605754852295,0.6152766952455183
166,0.5830649733543396,-0.0002869564341381192,0.04826860502362251,0.002195119857788086,0.6159521953754222
167,0.6004142165184021,-0.00020859995856881142,0.04808119684457779,0.0019912123680114746,0.6164198493115095
168,0.6437698602676392,-0.0007441001944243908,0.04773079231381416,0.002212613821029663,0.6171473109898675
169,0.5841811895370483,0.0002864410635083914,0.047693073749542236,0.0019212663173675537,0.6168875032475968
170,0.5878159403800964,-0.0003131767734885216,0.047798022627830505,0.002075016498565674,0.61730319563523
171,0.5983065962791443,-0.00021036644466221333,0.04773145541548729,0.0020160973072052,0.6176669264744089
172,0.5806094408035278,0.00020514591597020626,0.047478996217250824,0.0020717084407806396,0.6190698882826708
173,0.5998550653457642,-3.643147647380829e-05,0.047321196645498276,0.001883089542388916,0.6190698882826708
174,0.6010057926177979,-0.0009162985952571034,0.04723849520087242,0.002088099718093872,0.6189659651857625
175,0.5668905973434448,-0.0002786695258691907,0.04731912538409233,0.0018879473209381104,0.6201610808002078
176,0.6137201189994812,-7.296144030988216e-05,0.04705518111586571,0.0022455155849456787,0.6191738113795792
177,0.6490673422813416,-2.1812738850712776e-05,0.04632280021905899,0.0022572875022888184,0.6177188880228631
178,0.6183963418006897,-0.000615689205005765,0.04558030143380165,0.002133190631866455,0.6171473109898675
179,0.6010288596153259,0.0002476323861628771,0.04504823312163353,0.0019954144954681396,0.6182385035074045
180,0.5632644891738892,0.0009855383541435003,0.04501966014504433,0.0017634034156799316,0.6192777344764874
181,0.5640521049499512,-0.00044852239079773426,0.04576580971479416,0.00187644362449646,0.6218238503507405
182,0.5938683748245239,-0.0005365726538002491,0.04668886959552765,0.002180546522140503,0.6221356196414654
183,0.567243218421936,-0.0007290359353646636,0.047764383256435394,0.001945406198501587,0.6208885424785658
184,0.5880448818206787,-0.0008919781539589167,0.04841967299580574,0.002092331647872925,0.6207846193816575
185,0.5935744643211365,0.00022297538816928864,0.04891399294137955,0.00232088565826416,0.622031696544557
186,0.6005068421363831,-0.0012555255088955164,0.049280304461717606,0.002279520034790039,0.6230189659651858
187,0.5670113563537598,-0.0006614187732338905,0.049725811928510666,0.002179771661758423,0.6237983891919979
188,0.5565162897109985,-0.0005180748412385583,0.04998856037855148,0.002231597900390625,0.6242660431280852
189,0.5921985507011414,-0.0010510555002838373,0.050007641315460205,0.002365618944168091,0.6254611587425305
190,0.5719026327133179,-0.0005363035015761852,0.04951466992497444,0.0023038387298583984,0.6244219277734476
191,0.5860511660575867,0.0007847137749195099,0.04886893555521965,0.00211256742477417,0.624525850870356
192,0.5898630023002625,-0.0004413183778524399,0.04819856584072113,0.0021964609622955322,0.6242140815796311
193,0.5853935480117798,-0.0009390668710693717,0.04766621068120003,0.002086728811264038,0.6234346583528189
194,0.5875937938690186,-0.0009751875186339021,0.04725203290581703,0.0020966827869415283,0.6229150428682775
195,0.5873051285743713,-0.0013597519136965275,0.04693807661533356,0.0022612810134887695,0.6247336970641725
196,0.5698061585426331,-0.0010767363710328937,0.04690175876021385,0.0019390583038330078,0.6265523512600676
197,0.5913083553314209,-0.0010705088498070836,0.04675548896193504,0.002093791961669922,0.6273837360353338
198,0.5930222272872925,-0.000983279780484736,0.04678299278020859,0.0020263493061065674,0.627799428422967
199,0.5687329173088074,-0.0006631456781178713,0.04689081013202667,0.001817554235458374,0.6302416212003118
200,0.5897429585456848,-0.0011470465688034892,0.04722483456134796,0.0019323527812957764,0.6296700441673162
201,0.5529584884643555,-0.001267523504793644,0.04757188633084297,0.0020676255226135254,0.6308651597817615
202,0.5789545178413391,-0.0015570168616250157,0.04781652241945267,0.002338200807571411,0.6306053520394908
203,0.5738544464111328,-0.0013266762252897024,0.04804055765271187,0.002379000186920166,0.6320083138477527
204,0.5765666365623474,-0.001053227111697197,0.048342201858758926,0.002282857894897461,0.6326838139776565
205,0.5779095888137817,-0.0012916864361613989,0.048465240746736526,0.002246856689453125,0.63247596778384
206,0.5433642864227295,-0.001207514782436192,0.04862182214856148,0.0022847354412078857,0.6317485061054819
207,0.5445506572723389,-0.0011770424898713827,0.04880848154425621,0.00203821063041687,0.6322161600415692
208,0.570274829864502,-0.0013564096298068762,0.048862945288419724,0.002267688512802124,0.631073005975578
209,0.5434165000915527,-0.001353367930278182,0.04894785210490227,0.0021085143089294434,0.6312808521693947
210,0.5528660416603088,-0.0012625777162611485,0.04870930314064026,0.0022744834423065186,0.6321641984931151
211,0.5645864009857178,-0.0011910151224583387,0.04839151352643967,0.0020918846130371094,0.6321122369446609
212,0.572385311126709,-0.0013562168460339308,0.048082295805215836,0.0022332072257995605,0.633203429462198
213,0.5431840419769287,-0.0010736944386735559,0.04786238819360733,0.0021249353885650635,0.6348142374642765
214,0.5622514486312866,-0.0010671894997358322,0.04785668104887009,0.002175360918045044,0.6354897375941803
215,0.5418471693992615,-0.0013503305381163955,0.047966957092285156,0.0022356808185577393,0.6373083917900754
216,0.548693060874939,-0.001652457402087748,0.048178669065237045,0.002284795045852661,0.6371005455962587
217,0.5774224996566772,-0.0015754688065499067,0.04848003387451172,0.002265244722366333,0.6374123148869836
218,0.509937047958374,-0.0007660707924515009,0.0489371232688427,0.0022911429405212402,0.6381917381137958
219,0.5930691957473755,0.00024482281878590584,0.04907522350549698,0.0021294057369232178,0.6382436996622499
220,0.5410963296890259,-0.0006436081603169441,0.04889634624123573,0.002320230007171631,0.6386593920498831
221,0.5418224930763245,-0.0016670894110575318,0.04850250855088234,0.0023386478424072266,0.6403221616004157
222,0.5487558245658875,-0.001024460420012474,0.04817076772451401,0.002153337001800537,0.6404780462457781
223,0.5665130615234375,-7.49160535633564e-05,0.04795866832137108,0.002335190773010254,0.638607430501429
224,0.5562511682510376,-0.00020598690025508404,0.0479012057185173,0.002286463975906372,0.6391790075344245
225,0.5698034763336182,-0.0015211915597319603,0.04790051653981209,0.0024832487106323242,0.639698623018966
226,0.5652923583984375,-0.0011098175309598446,0.048052750527858734,0.0024498403072357178,0.6409457001818655
227,0.5520641803741455,-0.0011985787423327565,0.04831911250948906,0.0025536715984344482,0.641517277214861
228,0.5182561278343201,-0.0008936692029237747,0.048573944717645645,0.002219676971435547,0.6429202390231229
229,0.5222751498222351,-0.001633880427107215,0.04887070879340172,0.0024542808532714844,0.6442192777344765
230,0.5490695238113403,-0.0017690305830910802,0.04904617369174957,0.0024946630001068115,0.6442192777344765
231,0.5538246631622314,-0.0012221423676237464,0.04919862747192383,0.0025444626808166504,0.6439075084437517
232,0.5374006032943726,-0.0015446244506165385,0.0492628775537014,0.0025358498096466064,0.6432839698623019
233,0.5414223670959473,-0.00179290643427521,0.048984918743371964,0.00259321928024292,0.642972200571577
234,0.5302435755729675,-0.001232574344612658,0.04883073642849922,0.0026802420616149902,0.6432839698623019
235,0.5528051853179932,-0.0007196703227236867,0.04841882735490799,0.002507150173187256,0.6437516237983892
236,0.5302484035491943,-0.0010804599151015282,0.048030752688646317,0.002401977777481079,0.6435437776045726
237,0.5306485295295715,-0.0015904929023236036,0.047751519829034805,0.002256244421005249,0.6442712392829306
238,0.5559053421020508,-0.0011257368605583906,0.04753253608942032,0.002532482147216797,0.6444790854767473
239,0.5229936242103577,-0.0005750780692324042,0.04755439981818199,0.002230226993560791,0.6456742010911926
240,0.5417107343673706,-0.001064997399225831,0.0475848950445652,0.002364814281463623,0.6453624318004677
241,0.5230830907821655,-0.0012272641761228442,0.0477411225438118,0.002283066511154175,0.6457261626396467
242,0.5466066002845764,-0.0017060560639947653,0.04773378744721413,0.0025248825550079346,0.6460898934788256
243,0.5512266159057617,-0.0012116357684135437,0.047586265951395035,0.002374202013015747,0.6462457781241882
244,0.5105690360069275,-0.0015963985351845622,0.04766634479165077,0.002399057149887085,0.6466614705118212
245,0.5298985838890076,-0.0016930585261434317,0.0477428138256073,0.002478271722793579,0.6471291244479086
246,0.5391131043434143,-0.0020933744963258505,0.047958191484212875,0.0026580393314361572,0.646557547414913
247,0.504618763923645,-0.0016989479772746563,0.048362839967012405,0.0023529231548309326,0.6466614705118212
248,0.5212841033935547,-0.0017703264020383358,0.04886641353368759,0.0025595128536224365,0.6467134320602754
249,0.501642107963562,-0.0014670883538201451,0.049209412187337875,0.002649545669555664,0.6467653936087295
250,0.5462136268615723,-0.0016269506886601448,0.04917284846305847,0.0027093887329101562,0.6467653936087295
251,0.5136589407920837,-0.001921958290040493,0.049096714705228806,0.0025079846382141113,0.6471810859963627
252,0.5465406179428101,-0.0014429774601012468,0.04901714250445366,0.002382516860961914,0.64764873993245
253,0.4993576109409332,-0.0017588664777576923,0.04883909597992897,0.0025498569011688232,0.6494154325798909
254,0.5143258571624756,-0.0018946469062939286,0.04895547777414322,0.0023465752601623535,0.6481683554169915
255,0.5137361288070679,-0.0017571444623172283,0.049294378608465195,0.0023491084575653076,0.6481163938685373
256,0.49534839391708374,-0.0019326356705278158,0.04933393746614456,0.002442091703414917,0.6475448168355417
257,0.5165647268295288,-0.0018830773187801242,0.049402639269828796,0.002587735652923584,0.6479085476747207
258,0.5211058259010315,-0.0018859973642975092,0.04950263723731041,0.0026385486125946045,0.6485840478046245
259,0.5131007432937622,-0.0017553027719259262,0.04977363720536232,0.0025978386402130127,0.648739932449987
260,0.5152119398117065,-0.0020512028131633997,0.04990310221910477,0.0026668012142181396,0.6478046245778124
261,0.5217095017433167,-0.0016256634844467044,0.04987558722496033,0.0030303895473480225,0.649103663289166
262,0.5145336985588074,-0.0011239858577027917,0.04970178008079529,0.002712756395339966,0.6489997401922577
263,0.5190984606742859,-0.0020668967626988888,0.04949391633272171,0.0025873780250549316,0.6492075863860743
264,0.5073217749595642,-0.0018506580963730812,0.0493050143122673,0.0028042197227478027,0.6497791634190699
265,0.514078676700592,0.0002070374321192503,0.04908043146133423,0.0026278793811798096,0.6488438555468953
266,0.5005316138267517,0.0007428983226418495,0.0489812009036541,0.0025396347045898438,0.6488958170953495
267,0.5184979438781738,-0.001780624152161181,0.0488404706120491,0.0027279257774353027,0.6487918939984412
268,0.5125772953033447,-0.0014311333652585745,0.04884019494056702,0.002489924430847168,0.6484801247077163
269,0.5611459612846375,-0.00011784117668867111,0.048584599047899246,0.002940356731414795,0.6490517017407119
270,0.5221843719482422,-0.0013013198040425777,0.04844454303383827,0.002611905336380005,0.6493634710314368
271,0.49476468563079834,-0.0016172172036021948,0.04833584651350975,0.0024585723876953125,0.6507664328396986
272,0.4915151596069336,0.0007320400327444077,0.048267997801303864,0.0023768842220306396,0.6501428942582489
273,0.516432523727417,4.666857421398163e-05,0.04837985709309578,0.0025588274002075195,0.6512860483242401
274,0.4968803822994232,-0.0018355996580794454,0.04867184907197952,0.0024355947971343994,0.6504027020005196
275,0.4822482466697693,-0.001069377874955535,0.04881442338228226,0.002555936574935913,0.6507664328396986
276,0.4961085319519043,-0.00042520766146481037,0.04879316687583923,0.002513676881790161,0.6519615484541439
277,0.5110487937927246,-0.0018680031644180417,0.04881668835878372,0.002603381872177124,0.6525850870355937
278,0.5320488810539246,-0.0019738944247365,0.048570480197668076,0.00273701548576355,0.6529488178747727
279,0.5142917037010193,-0.0011552388314157724,0.04840201884508133,0.0026167333126068115,0.6521693946479605
280,0.5033443570137024,-0.0020784891676157713,0.04841009899973869,0.00266951322555542,0.652325279293323
281,0.5122608542442322,-0.001981028588488698,0.04841088503599167,0.0025555789470672607,0.653052740971681
282,0.47797971963882446,-0.001536342897452414,0.04872069135308266,0.0023922622203826904,0.6526370485840478
283,0.4972822666168213,-0.0017941491678357124,0.049251217395067215,0.00238114595413208,0.6530007794232268
284,0.4982556104660034,-0.0019635334610939026,0.04973146691918373,0.002603471279144287,0.6531047025201351
285,0.5008388757705688,-0.002103266539052129,0.050165146589279175,0.0025865137577056885,0.6521693946479605
286,0.5219889283180237,-0.002137142466381192,0.05031416937708855,0.0028591156005859375,0.6519615484541439
287,0.506342887878418,-0.001691592507995665,0.05017378181219101,0.0026554465293884277,0.6513899714211483
288,0.4883396625518799,-0.0018334940541535616,0.04989086464047432,0.002596050500869751,0.6531566640685893
289,0.496938019990921,-0.002086404711008072,0.04950074478983879,0.002777010202407837,0.6542998181345804
290,0.47244375944137573,-0.0012613647850230336,0.0494217686355114,0.002608776092529297,0.6540919719407638
291,0.47733089327812195,-0.001804092200472951,0.049523282796144485,0.002523571252822876,0.6528968563263186
292,0.5250138640403748,-0.002376353368163109,0.0496189258992672,0.002923309803009033,0.6522733177448689
293,0.49563613533973694,-0.0016138397622853518,0.049844447523355484,0.0025829970836639404,0.6520654715510522
294,0.5064709186553955,-0.0016538675408810377,0.050167761743068695,0.002717137336730957,0.6533645102624058
295,0.4845154583454132,-0.002413353882730007,0.05050712823867798,0.0027790069580078125,0.6533645102624058
296,0.49698835611343384,-0.0024099231231957674,0.05071239545941353,0.002979576587677002,0.6534684333593141
297,0.516640305519104,-0.0018544293707236648,0.050493333488702774,0.002907484769821167,0.6532605871654975
298,0.47819259762763977,-0.0018114281119778752,0.05006232485175133,0.002539724111557007,0.6538321641984931
299,0.49762943387031555,-0.0020049884915351868,0.04955276846885681,0.0025695860385894775,0.6527409716809561
300,0.5076723098754883,-0.001896281959488988,0.04896308109164238,0.0027830302715301514,0.6525850870355937
301,0.4884519577026367,-0.0014617806300520897,0.04883542284369469,0.0026947855949401855,0.6528968563263186
302,0.462919145822525,-0.0018318407237529755,0.048909157514572144,0.002455592155456543,0.6505066250974278
303,0.48164552450180054,-0.0018673017621040344,0.04916422814130783,0.002446889877319336,0.651649779163419
304,0.4589237868785858,-0.0013491695281118155,0.04961206763982773,0.0022910237312316895,0.6534164718108599
305,0.5245960354804993,-0.0021186163648962975,0.04978853464126587,0.002856433391571045,0.6536762795531307
306,0.44772958755493164,-0.0020079410169273615,0.04983121156692505,0.002758532762527466,0.6542478565861263
307,0.5028032064437866,-0.0022751791402697563,0.04986114427447319,0.0030658841133117676,0.6546635489737594
308,0.48893100023269653,-0.001927659846842289,0.04997265711426735,0.0026928186416625977,0.6544557027799428
309,0.4991772472858429,-0.0024773834738880396,0.05012308433651924,0.0028529465198516846,0.6558067030397506
310,0.4707000255584717,-0.0019475629087537527,0.05030013248324394,0.002549111843109131,0.6552870875552091
311,0.4581347703933716,-0.0015150579856708646,0.05046774074435234,0.002414703369140625,0.6540919719407638
312,0.4684336185455322,-0.0016852077096700668,0.050793711096048355,0.002521991729736328,0.6532605871654975
313,0.4685453474521637,-0.002354954369366169,0.05115389823913574,0.0028517544269561768,0.6513380098726942
314,0.49406737089157104,-0.001612075255252421,0.051357537508010864,0.0029211342334747314,0.6522733177448689
315,0.4512242078781128,-0.0015220646746456623,0.05136597901582718,0.0028159022331237793,0.6535723564562224
316,0.46995311975479126,-0.002353745512664318,0.0513303168118,0.003022134304046631,0.655598856845934
317,0.4692419171333313,-0.0024227441754192114,0.05133628472685814,0.0028851330280303955,0.6558067030397506
318,0.4810950756072998,-0.001775593962520361,0.051338404417037964,0.0029355883598327637,0.6557027799428423
319,0.4636416435241699,-0.001815302763134241,0.051191870123147964,0.0030319392681121826,0.6561704338789296
320,0.45810818672180176,-0.002310904674232006,0.051022350788116455,0.002946138381958008,0.6568978955572876
321,0.48534896969795227,-0.0024928993079811335,0.05076628923416138,0.0031355321407318115,0.6579890880748246
322,0.4461923837661743,-0.001885770820081234,0.050513967871665955,0.002640664577484131,0.6590802805923617
323,0.4644230604171753,-0.002568810014054179,0.04994361847639084,0.0030069053173065186,0.6571057417511041
324,0.5024365186691284,-0.002563049318268895,0.04950819909572601,0.0031889379024505615,0.6576253572356456
325,0.47584447264671326,-0.0017955914372578263,0.049364179372787476,0.002699434757232666,0.6581969342686412
326,0.454220175743103,-0.002337953308597207,0.049506545066833496,0.0027286410331726074,0.6568459340088335
327,0.4445362091064453,-0.0019765987526625395,0.04994064196944237,0.0025768280029296875,0.65705378020265
328,0.4628245532512665,-0.0018044902244582772,0.05037153512239456,0.0026628077030181885,0.656326318524292
329,0.46411097049713135,-0.002078661695122719,0.05068286135792732,0.002821505069732666,0.6552870875552091
330,0.47621938586235046,-0.002523751463741064,0.050607722252607346,0.002997785806655884,0.6550792413613926
331,0.4765092134475708,-0.002313313540071249,0.05052567645907402,0.0031696856021881104,0.6543517796830346
332,0.47231820225715637,-0.0017554564401507378,0.05037190765142441,0.0028914809226989746,0.6550792413613926
333,0.4743512272834778,-0.0021020215936005116,0.05019240826368332,0.0029290616512298584,0.6562223954273837
334,0.47242143750190735,-0.002757737645879388,0.05004705861210823,0.0030537843704223633,0.6563782800727461
335,0.4462631344795227,-0.0022396661806851625,0.04996469244360924,0.0026742517948150635,0.6569498571057417
336,0.4716576337814331,-0.002263786969706416,0.05008514225482941,0.002777010202407837,0.6578851649779164
337,0.4682556092739105,-0.002297326223924756,0.05025496706366539,0.0028484463691711426,0.65705378020265
338,0.4470967650413513,-0.0018928935751318932,0.05053334683179855,0.002710878849029541,0.6571577032995584
339,0.4576473534107208,-0.002338608494028449,0.05060771107673645,0.002843916416168213,0.6576253572356456
340,0.44592875242233276,-0.0024968867655843496,0.050810981541872025,0.002790004014968872,0.6583008573655494
341,0.4420636296272278,-0.0027114897966384888,0.050932981073856354,0.0030580759048461914,0.6592361652377241
342,0.47655004262924194,-0.0026508148293942213,0.05080213397741318,0.003039062023162842,0.6593400883346324
343,0.457650363445282,-0.002362121595069766,0.050501104444265366,0.003025650978088379,0.6593920498830865
344,0.4366309642791748,-0.0020340592600405216,0.05060417950153351,0.0027199387550354004,0.6585087035593661
345,0.4562061131000519,-0.0026878141798079014,0.05067805200815201,0.0030615031719207764,0.6580410496232788
346,0.46755099296569824,-0.0025500322226434946,0.05089550465345383,0.0030544400215148926,0.6564302416212003
347,0.4290783107280731,-0.002164689125493169,0.05122310295701027,0.002666771411895752,0.6550792413613926
348,0.4756801724433899,-0.0025185185950249434,0.051376279443502426,0.003026992082595825,0.6535723564562224
349,0.4502440094947815,-0.0025001862086355686,0.051279373466968536,0.002946913242340088,0.6548194336191219
350,0.4742186665534973,-0.0024819474201649427,0.050793372094631195,0.0031348764896392822,0.6565861262665628
351,0.45018526911735535,-0.0022513438016176224,0.050375670194625854,0.0027294158935546875,0.657729280332554
352,0.46181821823120117,-0.002542063593864441,0.049975328147411346,0.002904236316680908,0.6579890880748246
353,0.4467589855194092,-0.0024189106188714504,0.04992800951004028,0.002725839614868164,0.658456742010912
354,0.43373817205429077,-0.00249838805757463,0.050196848809719086,0.0027346014976501465,0.6566380878150169
355,0.4340042471885681,-0.002458716742694378,0.050443150103092194,0.0028948187828063965,0.6574694725902832
356,0.43827247619628906,-0.0024001430720090866,0.05055694282054901,0.0028351545333862305,0.6568459340088335
357,0.4588356018066406,-0.0029494594782590866,0.050428494811058044,0.0032959580421447754,0.6569498571057417
358,0.4670395255088806,-0.0027015618979930878,0.049924083054065704,0.003143489360809326,0.6568459340088335
359,0.44769302010536194,-0.0023723850026726723,0.04943007230758667,0.002936631441116333,0.6571057417511041
360,0.4109722673892975,-0.0024187511298805475,0.04912330582737923,0.0027737319469451904,0.657729280332554
361,0.45802193880081177,-0.002255968516692519,0.04904957860708237,0.00271645188331604,0.6590283190439075
362,0.4566950798034668,-0.0022685336880385876,0.04923800379037857,0.002888798713684082,0.658872434398545
363,0.45046374201774597,-0.002402189653366804,0.04973720386624336,0.0029133260250091553,0.660275396206807
364,0.4901684522628784,-0.0027835615910589695,0.04993095621466637,0.0033380091190338135,0.6580930111717329
365,0.4401401877403259,-0.0022675395011901855,0.05011267960071564,0.0028617382049560547,0.6579371265263705
366,0.4636124074459076,-0.002656257478520274,0.05047691613435745,0.0032164156436920166,0.6576773187840997
367,0.44786739349365234,-0.002363387728109956,0.0504835844039917,0.0030398666858673096,0.6566380878150169
368,0.44365838170051575,-0.0027441608253866434,0.050104159861803055,0.003126978874206543,0.6570018186541959
369,0.4439311921596527,-0.0026596440002322197,0.049562521278858185,0.003051936626434326,0.6587685113016368
370,0.46644097566604614,-0.002602101070806384,0.04916967451572418,0.0030009448528289795,0.6589763574954534
371,0.41959384083747864,-0.0024308497086167336,0.0492553636431694,0.002799302339553833,0.6579371265263705
372,0.42286479473114014,-0.0021263465750962496,0.049910273402929306,0.0026079416275024414,0.6573655494933749
373,0.4394529461860657,-0.002220013178884983,0.05083752050995827,0.0030407309532165527,0.6572616263964666
374,0.4229198694229126,-0.002063545398414135,0.05166386812925339,0.00295102596282959,0.6578332034294622
375,0.43836450576782227,-0.0023533604107797146,0.052181221544742584,0.003236919641494751,0.6587165497531826
376,0.4169251024723053,-0.0021692318841814995,0.05234477296471596,0.002952277660369873,0.6601195115614445
377,0.45506948232650757,-0.002804851857945323,0.05197104439139366,0.0036367177963256836,0.6600675500129903
378,0.44224414229393005,-0.0024891679640859365,0.05117060989141464,0.003354281187057495,0.6602234346583529
379,0.4240565896034241,-0.002424995182082057,0.05029426887631416,0.0031387805938720703,0.6603793193037153
380,0.43734946846961975,-0.002499194350093603,0.0496617816388607,0.0030197501182556152,0.6588204728500909
381,0.44464385509490967,-0.0027341132517904043,0.0494559146463871,0.00307387113571167,0.6568459340088335
382,0.4402639865875244,-0.002183981239795685,0.04970306530594826,0.0026652514934539795,0.6568459340088335
383,0.4177236557006836,-0.0019750138744711876,0.05041084066033363,0.002693474292755127,0.6578332034294622
384,0.44201868772506714,-0.002161927055567503,0.05109269544482231,0.003042846918106079,0.6570018186541959
385,0.42168277502059937,-0.0027120623271912336,0.051594242453575134,0.003261655569076538,0.6573655494933749
386,0.44582271575927734,-0.0030574463307857513,0.05178271234035492,0.003479301929473877,0.6580410496232788
387,0.44232600927352905,-0.002749842591583729,0.05155209079384804,0.0031494200229644775,0.6597557807222655
388,0.4518612027168274,-0.0025111788418143988,0.05097975954413414,0.003381580114364624,0.661002857885165
389,0.3931978940963745,-0.0014334805309772491,0.05069906264543533,0.0027446746826171875,0.6599636269160821
390,0.4367658495903015,-0.001648469245992601,0.05058670416474342,0.0031895041465759277,0.6588204728500909
391,0.43406590819358826,-0.0018234587041661143,0.05056016147136688,0.0029904544353485107,0.6570018186541959
392,0.46085166931152344,-0.0028077547904103994,0.05017334222793579,0.003369569778442383,0.6573655494933749
393,0.41216039657592773,-0.0025665254797786474,0.049835022538900375,0.0028630197048187256,0.6563782800727461
394,0.4267980456352234,-0.0020409259013831615,0.049705494195222855,0.002821296453475952,0.6548194336191219
395,0.41819214820861816,-0.0019449489191174507,0.049694523215293884,0.0027763545513153076,0.656326318524292
396,0.41422563791275024,-0.002291048178449273,0.04952104762196541,0.0029549002647399902,0.6599636269160821
397,0.40430760383605957,-0.0022920938208699226,0.04957050457596779,0.0029200613498687744,0.6607950116913484
398,0.427284300327301,-0.0026968594174832106,0.04980691894888878,0.0030675530433654785,0.6611587425305274
399,0.388901948928833,-0.0022436128929257393,0.05010466277599335,0.0027211010456085205,0.6604832424006235
400,0.43284404277801514,-0.0024076674599200487,0.05048283189535141,0.00305977463722229,0.6589763574954534
401,0.4057477116584778,-0.002516804961487651,0.05107952281832695,0.00309029221534729,0.6608469732398026
402,0.4040749669075012,-0.0029488042928278446,0.05151447653770447,0.003191918134689331,0.6606391270459859
403,0.4118342697620392,-0.002833467675372958,0.05178552493453026,0.003258943557739258,0.6605352039490777
404,0.405831903219223,-0.002603262895718217,0.05197194218635559,0.003240734338760376,0.660275396206807
405,0.3978341817855835,-0.0026264756452292204,0.05187765508890152,0.003150641918182373,0.6603793193037153
406,0.4233328104019165,-0.0031355086248368025,0.051494061946868896,0.0034438669681549072,0.6601195115614445
407,0.38943660259246826,-0.0026763631030917168,0.05102076381444931,0.003049224615097046,0.6586645882047285
408,0.41005051136016846,-0.0027779648080468178,0.05055338144302368,0.003146618604660034,0.6573655494933749
409,0.42377376556396484,-0.002626765752211213,0.05017019808292389,0.0033599138259887695,0.6578332034294622
410,0.45164912939071655,-0.00199199584312737,0.049985360354185104,0.0033185184001922607,0.6562223954273837
411,0.4033997356891632,-0.001083176233805716,0.049919504672288895,0.0030220448970794678,0.6567939724603793
412,0.4319111108779907,-0.0018191949930042028,0.04976512864232063,0.003230959177017212,0.6590802805923617
413,0.3965398669242859,-0.0021895263344049454,0.050027403980493546,0.0028046369552612305,0.6601714731098987
414,0.41483137011528015,-0.0027286142576485872,0.05056105926632881,0.0029621124267578125,0.6598597038191738
415,0.40634727478027344,-0.002798748202621937,0.051185671240091324,0.0031795501708984375,0.6604832424006235
416,0.3836759328842163,-0.002444423735141754,0.051844190806150436,0.003073662519454956,0.6608469732398026
417,0.40835317969322205,-0.0027753496542572975,0.05208109691739082,0.003211677074432373,0.660275396206807
418,0.44345623254776,-0.003173025092110038,0.051683612167835236,0.003642350435256958,0.6615744349181606
419,0.4156670570373535,-0.0030410820618271828,0.050827864557504654,0.0034737586975097656,0.6597038191738114
420,0.399146169424057,-0.0028790528886020184,0.05009027197957039,0.0031327009201049805,0.6596518576253573
421,0.40837642550468445,-0.002704470884054899,0.04966665804386139,0.0029781758785247803,0.658872434398545
422,0.4314071834087372,-0.0028017812874168158,0.0497189424932003,0.0031928420066833496,0.6608469732398026
423,0.4246700406074524,-0.002624010667204857,0.04979955032467842,0.003119140863418579,0.6605871654975318
424,0.4265825152397156,-0.002215627348050475,0.05000703036785126,0.0032586753368377686,0.6602234346583529
425,0.42670539021492004,-0.002031823620200157,0.05026460066437721,0.0035938024520874023,0.6605871654975318
426,0.41524022817611694,-0.002186156576499343,0.05026291683316231,0.0033976733684539795,0.6603273577552611
427,0.4214271903038025,-0.0027129086665809155,0.050090089440345764,0.003331691026687622,0.6589243959469993
428,0.40920549631118774,-0.0029164699371904135,0.050079505890607834,0.003260582685470581,0.6576253572356456
429,0.4182056188583374,-0.002629500348120928,0.050181347876787186,0.0030850470066070557,0.6559106261366588
430,0.3846730589866638,-0.002581213600933552,0.05024580657482147,0.003317922353744507,0.657729280332554
431,0.3758910000324249,-0.0020142155699431896,0.05050874128937721,0.002772212028503418,0.6583008573655494
432,0.39741799235343933,-0.00280563673004508,0.05058518797159195,0.0033134818077087402,0.6599636269160821
433,0.39513951539993286,-0.002914195414632559,0.05057501792907715,0.0032763779163360596,0.6613146271758898
434,0.428538978099823,-0.003223995678126812,0.050536684691905975,0.003530174493789673,0.6631852429202391
435,0.4200131893157959,-0.002965330146253109,0.05040702596306801,0.0034433305263519287,0.6616783580150688
436,0.3959523141384125,-0.002033945871517062,0.050323862582445145,0.00309145450592041,0.6604832424006235
437,0.40944504737854004,-0.0021748016588389874,0.05021104961633682,0.003034234046936035,0.6599636269160821
438,0.40976208448410034,-0.0028497737366706133,0.05004694685339928,0.0032356977462768555,0.660275396206807
439,0.40806329250335693,-0.0028956690803170204,0.05015703663229942,0.003238976001739502,0.6604832424006235
440,0.38413962721824646,-0.0025266576558351517,0.05035589635372162,0.0030496716499328613,0.6623018965965186
441,0.40252238512039185,-0.0026991628110408783,0.050569113343954086,0.003315538167953491,0.6638087815016888
442,0.38070356845855713,-0.0026010400615632534,0.05075215548276901,0.0031837522983551025,0.6631332813717848
443,0.3886931538581848,-0.002719123149290681,0.05100574716925621,0.003251194953918457,0.6605871654975318
444,0.395660936832428,-0.0029859726782888174,0.05111440643668175,0.003307044506072998,0.6592881267861782
445,0.39423131942749023,-0.0025773667730391026,0.050899703055620193,0.003168433904647827,0.6597038191738114
446,0.40985846519470215,-0.0027952641248703003,0.05072757229208946,0.0033301711082458496,0.6614185502727982
447,0.38882046937942505,-0.0027722185477614403,0.05080493912100792,0.003240734338760376,0.6622499350480644
448,0.40728846192359924,-0.0030880174599587917,0.05088168382644653,0.003463447093963623,0.6618342426604312
449,0.4079098403453827,-0.002574326004832983,0.05082031339406967,0.0032169222831726074,0.6623018965965186
450,0.3870531916618347,-0.0025841528549790382,0.05067216232419014,0.0033579766750335693,0.6622499350480644
451,0.38432157039642334,-0.002513144863769412,0.05031345412135124,0.003397911787033081,0.6627695505326059
452,0.4013826847076416,-0.002602620981633663,0.0496889129281044,0.0034315884113311768,0.6615224733697064
453,0.3936735689640045,-0.002335834316909313,0.048925768584012985,0.0030683279037475586,0.6605352039490777
454,0.38040798902511597,-0.0023257648572325706,0.04859999939799309,0.00307619571685791,0.6599116653676279
455,0.3925389051437378,-0.002771400148048997,0.04863140732049942,0.0033197104930877686,0.657729280332554
456,0.38308507204055786,-0.0026069486048072577,0.04890957474708557,0.0030535459518432617,0.6577812418810081
457,0.37892574071884155,-0.0025948411785066128,0.04927617684006691,0.003038942813873291,0.6596518576253573
458,0.3940404951572418,-0.002634614473208785,0.0492255873978138,0.003230184316635132,0.6601714731098987
459,0.3978279232978821,-0.0026062889955937862,0.04928965121507645,0.0032161176204681396,0.6608989347882567
460,0.3763870894908905,-0.0025455181021243334,0.04979091137647629,0.002945810556411743,0.6621979734996103
461,0.390255331993103,-0.0030489428900182247,0.05038056522607803,0.0033735334873199463,0.6628734736295142
462,0.39872318506240845,-0.00329469982534647,0.05080157890915871,0.0037075579166412354,0.6630813198233307
463,0.38676023483276367,-0.0022982987575232983,0.05114351958036423,0.0029689669609069824,0.6630293582748766
464,0.3915683627128601,-0.0022188667207956314,0.05130745470523834,0.003303319215774536,0.6647440893738633
465,0.3753717541694641,-0.0018190593691542745,0.05135669186711311,0.0032115280628204346,0.6633930891140556
466,0.3656267523765564,-0.0017211781814694405,0.05137312412261963,0.003168940544128418,0.6623538581449727
467,0.3736245632171631,-0.002048751339316368,0.051289152354002,0.003056466579437256,0.662094050402702
468,0.4050649106502533,-0.003078264882788062,0.051022980362176895,0.003567218780517578,0.6620420888542479
469,0.3741247057914734,-0.002952453214675188,0.05069683864712715,0.0032342374324798584,0.6618862042088854
470,0.380143940448761,-0.002571155782788992,0.05022093281149864,0.003078073263168335,0.6616783580150688
471,0.38717755675315857,-0.0024315561167895794,0.04980888217687607,0.003387451171875,0.6626656274356976
472,0.3587651252746582,-0.0015428364276885986,0.04963166266679764,0.0028747618198394775,0.6618342426604312
473,0.37884730100631714,-0.0019511636346578598,0.04955150932073593,0.0031401515007019043,0.6600155884645362
474,0.3828739523887634,-0.0021970986854285,0.04965424910187721,0.0029707252979278564,0.6585087035593661
475,0.3769954442977905,-0.0027074466925114393,0.050164952874183655,0.0031436681747436523,0.6578851649779164
476,0.3832727372646332,-0.003256162628531456,0.050587061792612076,0.0035696327686309814,0.657729280332554
477,0.4010423421859741,-0.002717300783842802,0.050623755902051926,0.003361135721206665,0.657729280332554
478,0.39261388778686523,-0.002009066753089428,0.050235070288181305,0.003305107355117798,0.6576773187840997
479,0.3790750205516815,-0.0019225508440285921,0.049657851457595825,0.0031890869140625,0.6588204728500909
480,0.3993839621543884,-0.0026579126715660095,0.04921970143914223,0.0032935142517089844,0.6613146271758898
481,0.36480146646499634,-0.0028142365626990795,0.049213018268346786,0.0031295418739318848,0.661730319563523
482,0.3978580832481384,-0.002277723513543606,0.049395859241485596,0.003428637981414795,0.661366588724344
483,0.37259581685066223,-0.0010719031561166048,0.049776989966630936,0.0032561123371124268,0.66282151208106
484,0.3922618627548218,-0.0006485213525593281,0.05026121065020561,0.003381103277206421,0.6606910885944401
485,0.37067216634750366,-0.001701529836282134,0.05049152672290802,0.003160238265991211,0.6612107040789815
486,0.38446372747421265,-0.002793750260025263,0.05062312260270119,0.0034754276275634766,0.6610548194336191
487,0.39231956005096436,-0.0031573669984936714,0.05055472254753113,0.003565669059753418,0.6620420888542479
488,0.36791473627090454,-0.0022940970957279205,0.05040875822305679,0.0033803582191467285,0.6631332813717848
489,0.387618750333786,-0.002059070859104395,0.05020637437701225,0.0034064054489135742,0.6611067809820733
490,0.36678892374038696,-0.0026878302451223135,0.05010950565338135,0.0032949447631835938,0.6571057417511041
491,0.3817893862724304,-0.0029368929099291563,0.050166092813014984,0.003270059823989868,0.6546115874253052
492,0.344688355922699,-0.0027033493388444185,0.05041171982884407,0.002947390079498291,0.6559625876851131
493,0.3632042407989502,-0.002680867910385132,0.050717275589704514,0.003218412399291992,0.6590283190439075
494,0.37664663791656494,-0.003112458623945713,0.05088066682219505,0.0034733712673187256,0.6629773967264224
495,0.35541680455207825,-0.0029245319310575724,0.05093931406736374,0.0032286643981933594,0.6646401662769551
496,0.37595129013061523,-0.0030574812553822994,0.05077064409852028,0.0033599138259887695,0.6651078202130424
497,0.37533873319625854,-0.0026481710374355316,0.05053751543164253,0.002923250198364258,0.66495193556768
498,0.38257914781570435,-0.0031059379689395428,0.05052381753921509,0.003406137228012085,0.6646921278254092
499,0.3631259799003601,-0.002862499328330159,0.05053985118865967,0.003108680248260498,0.6631332813717848
