,loss_g,loss_d,loss_test,w_distance,acc
0,2.6677606105804443,0.6920492053031921,0.24326996505260468,-9.036064147949219e-05,0.22027353177795655
1,2.5850508213043213,0.6808381080627441,0.23500923812389374,-0.0015544295310974121,0.25974792169482436
2,2.497291088104248,0.6684668064117432,0.22403690218925476,-0.0036159753799438477,0.35634218289085545
3,2.3590574264526367,0.6486690044403076,0.20982122421264648,-0.0065909624099731445,0.40075087154733174
4,2.195173978805542,0.6266372203826904,0.1920361965894699,-0.010122537612915039,0.4299812282113167
5,2.0352959632873535,0.615562915802002,0.1707897037267685,-0.014417529106140137,0.4327165459908823
6,1.787721037864685,0.5814418196678162,0.14704912900924683,-0.018000304698944092,0.48624296057924377
7,1.5469690561294556,0.5622929930686951,0.12251309305429459,-0.0189286470413208,0.4814695628854921
8,1.304283857345581,0.5344418883323669,0.0994005799293518,-0.020577728748321533,0.47803700724054704
9,1.065592885017395,0.5261598229408264,0.08003639429807663,-0.018077373504638672,0.4814159292035398
10,0.8991217613220215,0.48119109869003296,0.06570125371217728,-0.008613049983978271,0.49793510324483775
11,0.7849621176719666,0.5083415508270264,0.0563768669962883,-0.0018391609191894531,0.5316706891928131
12,0.7018487453460693,0.47894611954689026,0.05092804878950119,0.003750920295715332,0.5518905872888173
13,0.6833919882774353,0.5203949213027954,0.047923628240823746,0.010006725788116455,0.5521587556985788
14,0.6417545080184937,0.4767259657382965,0.04620800539851189,0.015637576580047607,0.5718423169750604
15,0.6498081684112549,0.48230284452438354,0.045247163623571396,0.02352595329284668,0.5732367927058193
16,0.6558328866958618,0.4995948076248169,0.045091282576322556,0.02220994234085083,0.579029230356664
17,0.6567018628120422,0.4955340623855591,0.04525278881192207,0.02498728036880493,0.5797801019039958
18,0.6629273295402527,0.5091245174407959,0.045644089579582214,0.025007784366607666,0.5793510324483776
19,0.6573190689086914,0.45819249749183655,0.04577042907476425,0.025116145610809326,0.579029230356664
20,0.6519021987915039,0.45658278465270996,0.04562829062342644,0.027757883071899414,0.5788683293108072
21,0.6575517058372498,0.44123122096061707,0.04525810480117798,0.02824348211288452,0.5801019039957093
22,0.6404975652694702,0.44709914922714233,0.044959355145692825,0.03424936532974243,0.5795655671761867
23,0.6648917198181152,0.46634939312934875,0.04472162574529648,0.027744531631469727,0.5688924644676857
24,0.6541229486465454,0.4614347815513611,0.04476772993803024,0.025463581085205078,0.5688388307857335
25,0.6554074287414551,0.47197234630584717,0.04505108296871185,0.028316617012023926,0.5686242960579244
26,0.6663036346435547,0.45549964904785156,0.04507463797926903,0.025887370109558105,0.5693751676052561
27,0.6331066489219666,0.43788909912109375,0.044858794659376144,0.026934802532196045,0.567927058192545
28,0.6285613179206848,0.4641914367675781,0.044965822249650955,0.02648228406906128,0.5718423169750604
29,0.6545946002006531,0.4494321942329407,0.0453307181596756,0.022529006004333496,0.572593188522392
30,0.6522104740142822,0.4269551932811737,0.04537104442715645,0.032621145248413086,0.5654062751407885
31,0.6456514596939087,0.4440518021583557,0.045187413692474365,0.02750086784362793,0.5654062751407885
32,0.647939145565033,0.4224903881549835,0.04481187462806702,0.027030348777770996,0.5654062751407885
33,0.6519916653633118,0.410604327917099,0.04439884424209595,0.028355538845062256,0.5671761866452132
34,0.6591041684150696,0.43039029836654663,0.043914906680583954,0.031744539737701416,0.5783856261732367
35,0.6728097200393677,0.435813307762146,0.043484050780534744,0.030796945095062256,0.5784928935371413
36,0.6770214438438416,0.41270172595977783,0.043435439467430115,0.023228943347930908,0.5784928935371413
37,0.6509114503860474,0.4175823926925659,0.04365956038236618,0.029366493225097656,0.5784928935371413
38,0.660043478012085,0.4017070531845093,0.04403656721115112,0.02426666021347046,0.5787074282649504
39,0.6976871490478516,0.42584317922592163,0.044572893530130386,0.03754395246505737,0.5802091713596138
40,0.6769863367080688,0.39739933609962463,0.04504018649458885,0.02380549907684326,0.5823545186377045
41,0.6784240007400513,0.38164451718330383,0.04560644179582596,0.032073974609375,0.5736122284794851
42,0.6758809089660645,0.39185506105422974,0.04584421217441559,0.02684962749481201,0.5822472512738
43,0.6627687811851501,0.39407452940940857,0.045743707567453384,0.026904940605163574,0.5786001609010458
44,0.7584570050239563,0.3858637511730194,0.045253902673721313,0.018886029720306396,0.5784928935371413
45,0.69768887758255,0.39709410071372986,0.04509257152676582,0.03885030746459961,0.5784928935371413
46,0.6801201701164246,0.4041532278060913,0.045264966785907745,0.03657209873199463,0.5784928935371413
47,0.6649340391159058,0.4018179476261139,0.045598022639751434,0.040750205516815186,0.5784928935371413
48,0.6750156283378601,0.3998132646083832,0.04620540514588356,0.03268200159072876,0.5779565567176187
49,0.7058145403862,0.3926370143890381,0.0462123304605484,0.028359413146972656,0.5694824349691606
50,0.7132314443588257,0.39067837595939636,0.04554733261466026,0.029684007167816162,0.5697506033789219
51,0.6654878854751587,0.3814549744129181,0.044786930084228516,0.03627508878707886,0.5775811209439528
52,0.6791292428970337,0.39123785495758057,0.04449765756726265,0.030188143253326416,0.5784928935371413
53,0.6775609254837036,0.36513596773147583,0.044349197298288345,0.021982133388519287,0.5717350496111558
54,0.7049819231033325,0.3755592107772827,0.04404379054903984,0.030977368354797363,0.5715205148833468
55,0.7001417875289917,0.39507269859313965,0.04373627156019211,0.03100806474685669,0.573987664253151
56,0.7356321811676025,0.3508199453353882,0.04347846657037735,0.02608722448348999,0.5730222579780102
57,0.7497907876968384,0.38968342542648315,0.04367345944046974,0.037401556968688965,0.5730758916599624
58,0.6990523338317871,0.37684544920921326,0.04396652430295944,0.04040956497192383,0.5730758916599624
59,0.6823067665100098,0.3974763751029968,0.04402558505535126,0.037165820598602295,0.5730758916599624
60,0.7163715958595276,0.3859733045101166,0.04374690726399422,0.030003011226654053,0.5762939125770984
61,0.7011911869049072,0.3951057195663452,0.043701399117708206,0.0405350923538208,0.5783856261732367
62,0.6427413821220398,0.36770954728126526,0.043744318187236786,0.03466689586639404,0.5784928935371413
63,0.6992436051368713,0.38273489475250244,0.043647296726703644,0.029995083808898926,0.5784928935371413
64,0.6291801929473877,0.376613974571228,0.04377860203385353,0.03964126110076904,0.5786001609010458
65,0.6719523072242737,0.36898091435432434,0.04398475959897041,0.03266417980194092,0.5796192008581389
66,0.6588530540466309,0.3889336884021759,0.04449320584535599,0.035496652126312256,0.581442746044516
67,0.6591756343841553,0.3736216127872467,0.045199207961559296,0.03048253059387207,0.5856261732367927
68,0.6776981949806213,0.38708066940307617,0.04582557454705238,0.04218846559524536,0.5804773397693752
69,0.6844347715377808,0.36088961362838745,0.04611928388476372,0.03035515546798706,0.5812818449986592
70,0.6817424297332764,0.3676375150680542,0.046271052211523056,0.03687846660614014,0.5757039420756235
71,0.6467140316963196,0.34066450595855713,0.04624762758612633,0.03911370038986206,0.5753285063019576
72,0.7072110176086426,0.36270833015441895,0.04580707848072052,0.04154706001281738,0.5753285063019576
73,0.6971060037612915,0.37859562039375305,0.044860128313302994,0.04845881462097168,0.5752748726200053
74,0.6857628226280212,0.3771566152572632,0.043926261365413666,0.041763901710510254,0.5741485652990078
75,0.6473679542541504,0.32940152287483215,0.04296082258224487,0.036308109760284424,0.5770447841244302
76,0.6466313600540161,0.3744274973869324,0.042297251522541046,0.04106229543685913,0.577420219898096
77,0.6826850175857544,0.3633340001106262,0.04198634251952171,0.0311279296875,0.5781174577634755
78,0.6737924218177795,0.35307827591896057,0.042293649166822433,0.03155207633972168,0.5871279163314561
79,0.6647244691848755,0.3544032871723175,0.04321220517158508,0.04215359687805176,0.5724322874765353
80,0.6630775928497314,0.35296401381492615,0.04422290250658989,0.045091331005096436,0.5751139715741486
81,0.6867251396179199,0.35195493698120117,0.04518548399209976,0.033304572105407715,0.5839098954143201
82,0.7160026431083679,0.3532567620277405,0.04585888236761093,0.0334550142288208,0.5914722445695897
83,0.6822342276573181,0.3444875478744507,0.04635803773999214,0.03415340185165405,0.5871279163314561
84,0.7227280139923096,0.343210369348526,0.04648315906524658,0.03876388072967529,0.5807455081791365
85,0.706125020980835,0.3537864685058594,0.046242713928222656,0.04205489158630371,0.5790828640386162
86,0.7366660237312317,0.3252456784248352,0.04568949714303017,0.034925997257232666,0.5784928935371413
87,0.6959051489830017,0.3319563865661621,0.04520699381828308,0.037307143211364746,0.5784928935371413
88,0.7188184857368469,0.3211831748485565,0.044534727931022644,0.03490179777145386,0.5784928935371413
89,0.6928072571754456,0.3333819806575775,0.04385211318731308,0.047114551067352295,0.57822472512738
90,0.7247606515884399,0.35132279992103577,0.043406084179878235,0.04440110921859741,0.5778492893537142
91,0.7193197011947632,0.3321252465248108,0.04328864440321922,0.04033088684082031,0.5759721104853848
92,0.6638523936271667,0.3302059471607208,0.04361819848418236,0.04206925630569458,0.5753821399839099
93,0.6786118149757385,0.327444851398468,0.04395705461502075,0.041781723499298096,0.5828372217752749
94,0.6289904117584229,0.32621094584465027,0.044475849717855453,0.04065150022506714,0.5872351836953607
95,0.618058979511261,0.30685386061668396,0.04513419046998024,0.03721243143081665,0.5937784928935371
96,0.7132462859153748,0.33162644505500793,0.04546060040593147,0.03594118356704712,0.5929739876642531
97,0.6659739017486572,0.3045269250869751,0.04549802094697952,0.03605473041534424,0.590721373022258
98,0.6884850263595581,0.29982268810272217,0.045392438769340515,0.029030144214630127,0.5835880933226066
99,0.7076705098152161,0.32376834750175476,0.045261066406965256,0.03668177127838135,0.5786537945829981
100,0.7012207508087158,0.32635021209716797,0.04481235519051552,0.04110592603683472,0.5774738535800483
101,0.7049309015274048,0.2962890565395355,0.044209074229002,0.03916740417480469,0.5774738535800483
102,0.7126356959342957,0.3145502805709839,0.0436064638197422,0.034966111183166504,0.5781710914454278
103,0.7165303230285645,0.33262899518013,0.0433446429669857,0.04971516132354736,0.5809064092249933
104,0.6641901731491089,0.2937496304512024,0.043418239802122116,0.03816884756088257,0.5924912845266828
105,0.6849567890167236,0.2766859233379364,0.044053561985492706,0.03194516897201538,0.6013944757307589
106,0.7305347919464111,0.29347723722457886,0.044896531850099564,0.03888249397277832,0.5996781979082864
107,0.6908729076385498,0.30470648407936096,0.045984022319316864,0.04176342487335205,0.5979082864038616
108,0.6819418668746948,0.28762122988700867,0.046997733414173126,0.03354829549789429,0.5938321265754894
109,0.6866327524185181,0.2895159125328064,0.04762205854058266,0.039759039878845215,0.588522392062215
110,0.6842639446258545,0.29424476623535156,0.047337837517261505,0.04654288291931152,0.5893805309734513
111,0.6852688789367676,0.29989901185035706,0.046305377036333084,0.044877707958221436,0.5894877983373559
112,0.6798296570777893,0.28621968626976013,0.04510296881198883,0.033904850482940674,0.5895414320193081
113,0.6338938474655151,0.2962378263473511,0.04444807022809982,0.0416598916053772,0.5906677393403057
114,0.6413611769676208,0.2766713798046112,0.044164955615997314,0.034976303577423096,0.5942611960311075
115,0.6927873492240906,0.2913011908531189,0.044265422970056534,0.03694725036621094,0.5982837221775275
116,0.6579744815826416,0.2962092459201813,0.044355086982250214,0.0410802960395813,0.599195494770716
117,0.6759406328201294,0.28606322407722473,0.044488705694675446,0.03779691457748413,0.600804505229284
118,0.6613865494728088,0.2816318869590759,0.04480966553092003,0.042741358280181885,0.6010726736390454
119,0.6622770428657532,0.28540921211242676,0.04531638324260712,0.04189467430114746,0.597586484312148
120,0.6709142327308655,0.2899949550628662,0.04567813128232956,0.04095810651779175,0.6012872083668543
121,0.6691398620605469,0.30425530672073364,0.04569453001022339,0.05242621898651123,0.6121748458031644
122,0.6558002829551697,0.30134856700897217,0.045869454741477966,0.05201464891433716,0.6178063824081523
123,0.6276518702507019,0.2951211631298065,0.04604077339172363,0.05449247360229492,0.6185036202735318
124,0.6687015891075134,0.298147052526474,0.046188924461603165,0.048070549964904785,0.6154465004022526
125,0.6506478786468506,0.27801796793937683,0.0461784191429615,0.04018843173980713,0.6132475194422097
126,0.6955231428146362,0.28160467743873596,0.045926231890916824,0.03807032108306885,0.6093858943416466
127,0.6642553806304932,0.274772584438324,0.04557862505316734,0.03909611701965332,0.605041566103513
128,0.6960719227790833,0.27645525336265564,0.0453529916703701,0.04291033744812012,0.6040225261464199
129,0.7052977681159973,0.28152257204055786,0.04528649523854256,0.04438203573226929,0.6050951997854652
130,0.6792601346969604,0.2797446846961975,0.04516436904668808,0.04662215709686279,0.6072405470635559
131,0.704487681388855,0.2757912576198578,0.0453103631734848,0.04776477813720703,0.607455081791365
132,0.7028119564056396,0.29437530040740967,0.04555973410606384,0.05063903331756592,0.6048270313757039
133,0.6803068518638611,0.2810315191745758,0.0458599254488945,0.0540241003036499,0.6033252882810405
134,0.6513724327087402,0.26409634947776794,0.04615899920463562,0.04050725698471069,0.6037543577366586
135,0.693264365196228,0.2625141441822052,0.046020038425922394,0.038689613342285156,0.6063824081523197
136,0.6395974159240723,0.2747517228126526,0.045786719769239426,0.04993408918380737,0.6174309466344865
137,0.6669526100158691,0.2750600278377533,0.04583059251308441,0.043285071849823,0.6229015821936176
138,0.632011890411377,0.2721879780292511,0.04619620367884636,0.04471111297607422,0.6271386430678466
139,0.6593829989433289,0.2667946219444275,0.046462349593639374,0.042632341384887695,0.6279431482971306
140,0.6337035298347473,0.2659566402435303,0.04669787362217903,0.04941964149475098,0.6289085545722713
141,0.6967170238494873,0.26709359884262085,0.04699146747589111,0.03857588768005371,0.6271386430678466
142,0.6521458625793457,0.27394169569015503,0.04723970219492912,0.05060124397277832,0.626012335746849
143,0.7240182757377625,0.23770561814308167,0.04710513353347778,0.03258746862411499,0.6229552158755699
144,0.6839377880096436,0.26711493730545044,0.0469265878200531,0.04460322856903076,0.6209171359613838
145,0.6995015740394592,0.2525131106376648,0.04646788164973259,0.03939247131347656,0.6218289085545723
146,0.6847002506256104,0.25604841113090515,0.04624465852975845,0.04415410757064819,0.6228479485116654
147,0.6871020793914795,0.24603159725666046,0.04614924266934395,0.041983842849731445,0.6242960579243765
148,0.6854451894760132,0.2619619369506836,0.04622243344783783,0.049533963203430176,0.6239742558326629
149,0.6681736707687378,0.23466360569000244,0.046567533165216446,0.03676939010620117,0.6244569589702333
150,0.6803573966026306,0.27904537320137024,0.047007154673337936,0.05004560947418213,0.6313757039420757
151,0.6989614963531494,0.2687278687953949,0.047289036214351654,0.046562910079956055,0.6363636363636364
152,0.6370346546173096,0.24159979820251465,0.04784432798624039,0.043409764766693115,0.6400107267363905
153,0.6768179535865784,0.2542223334312439,0.048205163329839706,0.0461849570274353,0.6376508447304907
154,0.6652390956878662,0.2451215237379074,0.048193857073783875,0.04360389709472656,0.631053901850362
155,0.665961742401123,0.24719978868961334,0.04764556139707565,0.03981053829193115,0.6301957629391258
156,0.7204961776733398,0.25450214743614197,0.0465003103017807,0.043432772159576416,0.6331992491284527
157,0.626755952835083,0.2425471395254135,0.04543691873550415,0.04728907346725464,0.6400643604183427
158,0.6851208806037903,0.26271605491638184,0.044805195182561874,0.050825655460357666,0.6424242424242425
159,0.6779313087463379,0.24544745683670044,0.044862300157547,0.043261945247650146,0.6410834003754358
160,0.6714540719985962,0.24118277430534363,0.0451233871281147,0.049164652824401855,0.6406543309198176
161,0.6540542244911194,0.24950885772705078,0.04560042545199394,0.05030643939971924,0.6407079646017699
162,0.6220304369926453,0.24908415973186493,0.046387799084186554,0.04995757341384888,0.6382408152319656
163,0.6086249947547913,0.24750803411006927,0.047166697680950165,0.047890663146972656,0.6348082595870207
164,0.6342538595199585,0.2382054477930069,0.047760702669620514,0.036071956157684326,0.6367390721373022
165,0.6215375661849976,0.2525132894515991,0.04813893139362335,0.04795217514038086,0.6386162510056316
166,0.6744239926338196,0.26112908124923706,0.04796117916703224,0.04944723844528198,0.6394743899168678
167,0.6654006242752075,0.2426752895116806,0.04758649691939354,0.04510146379470825,0.6424242424242425
168,0.6438460350036621,0.23933491110801697,0.047059521079063416,0.049083173274993896,0.6440868865647627
169,0.7192196846008301,0.25257569551467896,0.04654472693800926,0.0478285551071167,0.6470367390721373
170,0.6606313586235046,0.2512133717536926,0.046252984553575516,0.046941161155700684,0.646178600160901
171,0.6784136295318604,0.2626726031303406,0.04628264158964157,0.05616569519042969,0.6446768570662376
172,0.6822596788406372,0.2475246787071228,0.04637918248772621,0.04583477973937988,0.6422633413783856
173,0.6723977327346802,0.2627502381801605,0.04647889733314514,0.05540192127227783,0.6388844194153929
174,0.685798168182373,0.24649938941001892,0.04663104936480522,0.03968465328216553,0.6393671225529632
175,0.6229993104934692,0.23829369246959686,0.04683937877416611,0.04526764154434204,0.6407615982837221
176,0.645173192024231,0.22333301603794098,0.04719559848308563,0.040374577045440674,0.6449986591579512
177,0.6708654165267944,0.22715412080287933,0.047652218490839005,0.040101826190948486,0.6475730758916599
178,0.6999523043632507,0.2352163940668106,0.04799420014023781,0.042833685874938965,0.6476803432555645
179,0.6603504419326782,0.239955335855484,0.04825841262936592,0.04942119121551514,0.644140520246715
180,0.624178409576416,0.2551841735839844,0.04838818311691284,0.05717301368713379,0.6394743899168678
181,0.6711220145225525,0.2404872179031372,0.048104170709848404,0.04641503095626831,0.636899973183159
182,0.6346181631088257,0.2616005539894104,0.04740068316459656,0.059051513671875,0.6381335478680611
183,0.6615142822265625,0.23884335160255432,0.046623919159173965,0.04129195213317871,0.6418879056047198
184,0.6616091728210449,0.23836712539196014,0.04572434723377228,0.044823288917541504,0.644355054974524
185,0.6490049362182617,0.2287953794002533,0.04492834210395813,0.04393965005874634,0.6488602842585144
186,0.644436240196228,0.2476940155029297,0.04466777294874191,0.053617775440216064,0.6474658085277555
187,0.6422147750854492,0.23094764351844788,0.04466522857546806,0.0465770959854126,0.6470367390721373
188,0.6542186737060547,0.2320632040500641,0.045144665986299515,0.04279845952987671,0.6467685706623759
189,0.6409305930137634,0.2275187224149704,0.045728713274002075,0.039987385272979736,0.6446768570662376
190,0.6692216992378235,0.20604808628559113,0.04625561088323593,0.032730698585510254,0.6449986591579512
191,0.6691647171974182,0.23699213564395905,0.04686012864112854,0.04360121488571167,0.6466076696165192
192,0.6651197075843811,0.22103461623191833,0.04747734218835831,0.04397094249725342,0.6474121748458032
193,0.6466796398162842,0.24594458937644958,0.047729410231113434,0.04995542764663696,0.6496647894877984
194,0.687464714050293,0.25368833541870117,0.047577615827322006,0.053449153900146484,0.6527755430410298
195,0.6730561852455139,0.2430087924003601,0.04710359126329422,0.04952812194824219,0.6541700187717887
196,0.6748738288879395,0.23748569190502167,0.046711117029190063,0.047051429748535156,0.6516492357200322
197,0.6608258485794067,0.2285727709531784,0.04623192548751831,0.04469573497772217,0.6511665325824618
198,0.6534324884414673,0.25519025325775146,0.0457843653857708,0.055515289306640625,0.6516492357200322
199,0.6210391521453857,0.2359669804573059,0.04564264044165611,0.046504199504852295,0.6521855725395549
200,0.6148672699928284,0.22795069217681885,0.045641250908374786,0.04553800821304321,0.6492357200321802
201,0.5907295346260071,0.22552280128002167,0.04564722254872322,0.04704117774963379,0.6490211853043711
202,0.6267606616020203,0.21755653619766235,0.045529138296842575,0.04098784923553467,0.6513810673102709
203,0.5955564975738525,0.2262026071548462,0.04589742794632912,0.04348951578140259,0.6517028694019844
204,0.6393741369247437,0.20936736464500427,0.04654579237103462,0.038424015045166016,0.6517028694019844
205,0.6691201329231262,0.23911769688129425,0.047162994742393494,0.05033665895462036,0.6524537409493162
206,0.6545276045799255,0.21850375831127167,0.047744251787662506,0.046368539333343506,0.6523464735854116
207,0.6445420980453491,0.24689655005931854,0.04807227849960327,0.0593908429145813,0.6517565030839367
208,0.5962725877761841,0.2255023568868637,0.048084404319524765,0.051372647285461426,0.6521319388576026
209,0.6031012535095215,0.23146770894527435,0.04784002900123596,0.04868507385253906,0.6524001072673639
210,0.5945836305618286,0.22667934000492096,0.04746195673942566,0.048254966735839844,0.6530973451327433
211,0.5984278917312622,0.23110659420490265,0.047252390533685684,0.04342383146286011,0.6539554840439796
212,0.6702015399932861,0.2557004690170288,0.04704766348004341,0.0502932071685791,0.6551354250469295
213,0.6417168378829956,0.22683216631412506,0.04676230251789093,0.04596453905105591,0.6566371681415929
214,0.6276221871376038,0.23912593722343445,0.046637099236249924,0.04915499687194824,0.6557253955484044
215,0.5847166180610657,0.22378093004226685,0.046646736562252045,0.04968583583831787,0.6555108608205953
216,0.6534258723258972,0.2271185666322708,0.04668543115258217,0.04942023754119873,0.6545990882274069
217,0.6559613943099976,0.20148779451847076,0.04679572209715843,0.03842449188232422,0.65443818718155
218,0.6617938280105591,0.22575388848781586,0.046881500631570816,0.04839432239532471,0.6585143470099223
219,0.6372572183609009,0.22831198573112488,0.04691270366311073,0.05251491069793701,0.6593724859211585
220,0.6450832486152649,0.23371919989585876,0.046802666038274765,0.05177450180053711,0.6598551890587289
221,0.6605257987976074,0.22144117951393127,0.04650789499282837,0.04356503486633301,0.6609814963797265
222,0.6449066996574402,0.23494207859039307,0.04640870913863182,0.04782247543334961,0.6610351300616787
223,0.6217199563980103,0.23254527151584625,0.046354878693819046,0.05426269769668579,0.6603378921962992
224,0.5855314135551453,0.2005254626274109,0.0461990125477314,0.03681665658950806,0.6625905068382945
225,0.5980719327926636,0.21975821256637573,0.04605382680892944,0.04504287242889404,0.6637168141592921
226,0.6009813547134399,0.22754420340061188,0.04610494151711464,0.04625093936920166,0.6639313488871011
227,0.624518632888794,0.22814956307411194,0.04625246673822403,0.050748348236083984,0.6614641995172968
228,0.6263090968132019,0.22600604593753815,0.04641963541507721,0.05295610427856445,0.6611423974255832
229,0.641255259513855,0.23131400346755981,0.04668733477592468,0.048992276191711426,0.6587288817377313
230,0.6507200002670288,0.22820580005645752,0.04674270376563072,0.05240297317504883,0.6582998122821132
231,0.6476107239723206,0.21294181048870087,0.0466851070523262,0.04370081424713135,0.6614105658353446
232,0.6641153693199158,0.21024954319000244,0.046798281371593475,0.039016902446746826,0.6635559131134352
233,0.6362054347991943,0.21869800984859467,0.04705062881112099,0.05284881591796875,0.662697774202199
234,0.597911536693573,0.2180323749780655,0.04754346236586571,0.048061490058898926,0.6623223384285332
235,0.6670426726341248,0.21757365763187408,0.04741527512669563,0.04100769758224487,0.6640386162510057
236,0.6417753100395203,0.21855510771274567,0.047200653702020645,0.04481989145278931,0.6648431214802896
237,0.6133005619049072,0.21839317679405212,0.047071073204278946,0.04447150230407715,0.6647358541163851
238,0.6377635598182678,0.22993391752243042,0.046714164316654205,0.051495254039764404,0.6637168141592921
239,0.6607847213745117,0.23218169808387756,0.046495869755744934,0.04666125774383545,0.6641995172968624
240,0.6313767433166504,0.2344888597726822,0.046217672526836395,0.057877540588378906,0.6658621614373826
241,0.614305853843689,0.2128630429506302,0.045950889587402344,0.04599809646606445,0.6685974792169482
242,0.6049909591674805,0.242796391248703,0.04581297188997269,0.060420095920562744,0.6681684097613301
243,0.6219272613525391,0.21945154666900635,0.04590565338730812,0.04068887233734131,0.6672566371681415
244,0.6055275797843933,0.20992454886436462,0.046349380165338516,0.04480099678039551,0.6646822204344328
245,0.6348069906234741,0.21604976058006287,0.04681563377380371,0.040624141693115234,0.6643604183427192
246,0.6388829946517944,0.21513591706752777,0.04721583425998688,0.04664444923400879,0.6653794582998123
247,0.671000599861145,0.229781374335289,0.047406867146492004,0.045256614685058594,0.6652721909359077
248,0.6598190069198608,0.22372832894325256,0.04754377156496048,0.046762168407440186,0.6670421024403326
249,0.6430532932281494,0.21100494265556335,0.0476360060274601,0.04823499917984009,0.670152855993564
250,0.6715764999389648,0.20575904846191406,0.047528933733701706,0.04171675443649292,0.670367390721373
251,0.6377842426300049,0.2176741361618042,0.04734513536095619,0.04795104265213013,0.6687047465808528
252,0.6519536972045898,0.2056160420179367,0.04695349186658859,0.039863526821136475,0.667524805577903
253,0.6219249367713928,0.227120041847229,0.046653106808662415,0.050720036029815674,0.6670957361222848
254,0.634638249874115,0.20196814835071564,0.046575553715229034,0.04094350337982178,0.6663984982569053
255,0.6035405397415161,0.2242901623249054,0.04655051231384277,0.05444997549057007,0.6667739340305712
256,0.6505856513977051,0.22535587847232819,0.04675474390387535,0.04593080282211304,0.6675784392598552
257,0.6056959629058838,0.22005489468574524,0.04714033380150795,0.047273218631744385,0.67219093590775
258,0.6178460717201233,0.21816299855709076,0.047454725950956345,0.042639851570129395,0.6725127379994637
259,0.6179560422897339,0.19998329877853394,0.047517985105514526,0.039685070514678955,0.6721373022257978
260,0.6574394106864929,0.21182548999786377,0.04724186286330223,0.042219460010528564,0.6724591043175114
261,0.612213134765625,0.20960205793380737,0.0470803864300251,0.045635879039764404,0.6714936980423706
262,0.636519193649292,0.20504111051559448,0.04687543585896492,0.04929083585739136,0.6671493698042371
263,0.6034168601036072,0.23063822090625763,0.04670557379722595,0.054112374782562256,0.6650040225261464
264,0.6447994709014893,0.22561657428741455,0.04643171653151512,0.05076557397842407,0.666934835076428
265,0.579713761806488,0.20560729503631592,0.046526748687028885,0.04547452926635742,0.6669884687583802
266,0.617883026599884,0.2213834822177887,0.04679059237241745,0.046943068504333496,0.6673102708500939
267,0.5712571144104004,0.21771861612796783,0.04713612049818039,0.05057936906814575,0.6681147760793779
268,0.6188516616821289,0.22257766127586365,0.047073494642972946,0.04538029432296753,0.6691874497184231
269,0.6138366460800171,0.20886169373989105,0.04680311307311058,0.041074275970458984,0.6710646285867525
270,0.5853932499885559,0.21026630699634552,0.04679207131266594,0.04270923137664795,0.6706891928130866
271,0.6674225330352783,0.22016669809818268,0.0468241311609745,0.04330712556838989,0.6726736390453205
272,0.66710364818573,0.20801201462745667,0.046896886080503464,0.040427207946777344,0.6739608474121749
273,0.6345216631889343,0.20489419996738434,0.04697400704026222,0.04483765363693237,0.6744971842316975
274,0.6226544380187988,0.212416872382164,0.047115158289670944,0.04453951120376587,0.6743362831858407
275,0.6246525049209595,0.2004164159297943,0.04709839075803757,0.04375910758972168,0.6738535800482703
276,0.6100549697875977,0.20774157345294952,0.04729859158396721,0.0478358268737793,0.6731563421828909
277,0.7246124148368835,0.22463317215442657,0.04751350358128548,0.049534738063812256,0.6720300348618933
278,0.5928403735160828,0.23812274634838104,0.04770578816533089,0.05652517080307007,0.6716545990882274
279,0.5918804407119751,0.22386173903942108,0.04760490357875824,0.05108863115310669,0.6714936980423706
280,0.634471595287323,0.20895881950855255,0.047224920243024826,0.037017107009887695,0.6714936980423706
281,0.5817549824714661,0.21571174263954163,0.046895671635866165,0.04491215944290161,0.6709037275408957
282,0.6311683654785156,0.22079849243164062,0.04670213907957077,0.038164377212524414,0.6728881737731295
283,0.6489447951316833,0.20940615236759186,0.04656413942575455,0.04222667217254639,0.6751407884151247
284,0.6375839114189148,0.2144041806459427,0.04633786156773567,0.049215853214263916,0.6756234915526951
285,0.6728332042694092,0.2130299061536789,0.04601424187421799,0.04575687646865845,0.6740144810941271
286,0.647426187992096,0.20659007132053375,0.045392610132694244,0.04568278789520264,0.6734245105926522
287,0.5999072790145874,0.22378511726856232,0.04518716037273407,0.05685955286026001,0.6739072137302226
288,0.6497527956962585,0.22045698761940002,0.045253556221723557,0.05039358139038086,0.6740144810941271
289,0.5872231125831604,0.21457867324352264,0.04558778181672096,0.051994264125823975,0.6748726200053634
290,0.5530800223350525,0.20948931574821472,0.04608702287077904,0.04725223779678345,0.6743362831858407
291,0.591801106929779,0.2074349820613861,0.046608198434114456,0.04229182004928589,0.6736390453204613
292,0.5680837035179138,0.20747630298137665,0.04717423394322395,0.04074662923812866,0.6735854116385089
293,0.5858951807022095,0.2185755968093872,0.04765225574374199,0.0429840087890625,0.6743899168677929
294,0.6272000670433044,0.20625828206539154,0.04798512905836105,0.039267659187316895,0.6733172432287476
295,0.6419053077697754,0.1899701952934265,0.04820575192570686,0.03493911027908325,0.6735317779565567
296,0.6415840983390808,0.22763755917549133,0.048307545483112335,0.05747920274734497,0.6744435505497453
297,0.6644355058670044,0.21847715973854065,0.04842771217226982,0.05024302005767822,0.6753016894609815
298,0.6272668838500977,0.23801784217357635,0.04815622791647911,0.06001091003417969,0.6769106999195494
299,0.6076067686080933,0.24878978729248047,0.04726245254278183,0.06937408447265625,0.6765352641458836
300,0.5534437298774719,0.1763247400522232,0.0464123971760273,0.03484565019607544,0.6773397693751676
301,0.5723941326141357,0.209995836019516,0.045972760766744614,0.04742032289505005,0.6754625905068383
302,0.5935114026069641,0.21175318956375122,0.04583852365612984,0.039752840995788574,0.6768570662375972
303,0.5728006362915039,0.20530551671981812,0.045870259404182434,0.039247334003448486,0.6763207294180745
304,0.5876423120498657,0.1997687816619873,0.04596694931387901,0.03979599475860596,0.6766961651917404
305,0.562751054763794,0.20771560072898865,0.04601222276687622,0.04873824119567871,0.6780906409224994
306,0.6181961297988892,0.22647970914840698,0.04615609347820282,0.05384063720703125,0.678037007240547
307,0.6276782751083374,0.21242010593414307,0.04633516073226929,0.04852861166000366,0.6772861356932154
308,0.5956293344497681,0.19428087770938873,0.04638688266277313,0.04420548677444458,0.6765888978278359
309,0.61869215965271,0.19649681448936462,0.0465255081653595,0.04290241003036499,0.6743362831858407
310,0.5841432809829712,0.20341598987579346,0.04697401821613312,0.04655325412750244,0.6737463126843658
311,0.6298714280128479,0.20542912185192108,0.04742223024368286,0.04634809494018555,0.6743362831858407
312,0.6002071499824524,0.18369999527931213,0.04787406697869301,0.040687620639801025,0.6759452936444087
313,0.6086868047714233,0.19132272899150848,0.04808112978935242,0.037750840187072754,0.6772861356932154
314,0.5657899379730225,0.19407233595848083,0.04812363535165787,0.045418500900268555,0.6772861356932154
315,0.6398013830184937,0.20629306137561798,0.048047322779893875,0.04715627431869507,0.6796996513810674
316,0.590735673904419,0.2142137885093689,0.04759416729211807,0.05200415849685669,0.6798069187449718
317,0.5995614528656006,0.18330202996730804,0.0471830740571022,0.03736764192581177,0.6792169482434969
318,0.5713988542556763,0.19551052153110504,0.0469176284968853,0.04603201150894165,0.6799141861088763
319,0.6162978410720825,0.21195198595523834,0.04693617671728134,0.04990309476852417,0.6799678197908287
320,0.595958948135376,0.1984272301197052,0.046992428600788116,0.04290914535522461,0.6809868597479217
321,0.5504851937294006,0.19573886692523956,0.04703911393880844,0.04533332586288452,0.6808259587020649
322,0.6273099780082703,0.21578827500343323,0.04654354974627495,0.046062588691711426,0.6807723250201126
323,0.585046112537384,0.1936788558959961,0.0461030937731266,0.04123204946517944,0.6813622955215876
324,0.5562376379966736,0.21479067206382751,0.045765165239572525,0.053242027759552,0.6798605524269241
325,0.5684398412704468,0.19806142151355743,0.04557942971587181,0.047076523303985596,0.6809332260659694
326,0.5722334980964661,0.1912003755569458,0.04557346552610397,0.04095035791397095,0.6810941271118263
327,0.5948848128318787,0.21239735186100006,0.04592541977763176,0.046332359313964844,0.6823277017967283
328,0.576538622379303,0.20432525873184204,0.04630739614367485,0.04486888647079468,0.6815768302493966
329,0.5457119941711426,0.21392200887203217,0.04666011035442352,0.053278446197509766,0.6801287208366854
330,0.6116787195205688,0.1978868544101715,0.046973951160907745,0.04015302658081055,0.6791633145615447
331,0.5543434619903564,0.2207535058259964,0.04732023924589157,0.05584907531738281,0.6791633145615447
332,0.6036391258239746,0.19725307822227478,0.04778006672859192,0.03861737251281738,0.6793778492893537
333,0.6304692029953003,0.1995479315519333,0.047915976494550705,0.040409982204437256,0.6798069187449718
334,0.6033467054367065,0.19689235091209412,0.04788836091756821,0.04354614019393921,0.6801287208366854
335,0.6108797788619995,0.2012244164943695,0.047704506665468216,0.048135340213775635,0.6806650576562081
336,0.6156654357910156,0.1941540241241455,0.047422364354133606,0.04187977313995361,0.6836149101635828
337,0.6144434213638306,0.18696129322052002,0.04699832946062088,0.04381293058395386,0.6838294448913917
338,0.6138256788253784,0.21199992299079895,0.046707917004823685,0.051148831844329834,0.6837221775274872
339,0.5760347247123718,0.23270298540592194,0.046448901295661926,0.06109374761581421,0.6831858407079646
340,0.5644034147262573,0.19051067531108856,0.04649626836180687,0.04464632272720337,0.6851166532582462
341,0.5781286358833313,0.213359072804451,0.0466989204287529,0.04459834098815918,0.6846339501206757
342,0.5495529174804688,0.2024293839931488,0.04711342975497246,0.04350090026855469,0.6846875838026281
343,0.5500521063804626,0.2189389318227768,0.047485895454883575,0.05516242980957031,0.6841512469831054
344,0.5495505332946777,0.21163710951805115,0.047880250960588455,0.049968600273132324,0.6830249396621078
345,0.5519583821296692,0.2010364979505539,0.048075996339321136,0.042377769947052,0.6830785733440601
346,0.5635755062103271,0.19680392742156982,0.048092715442180634,0.041353046894073486,0.6814695628854921
347,0.5685440301895142,0.2345627099275589,0.048198193311691284,0.061132967472076416,0.6805041566103514
348,0.5941048860549927,0.20315849781036377,0.048186659812927246,0.04500490427017212,0.6810941271118263
349,0.5561209917068481,0.2073630392551422,0.04807598143815994,0.04986107349395752,0.6808259587020649
350,0.5191816091537476,0.19565066695213318,0.04803909361362457,0.04843628406524658,0.6822204344328238
351,0.5409582853317261,0.20588696002960205,0.04795972257852554,0.046873629093170166,0.6816840976133012
352,0.5670304298400879,0.2052755206823349,0.04762914031744003,0.049775540828704834,0.6810404934298739
353,0.6363871097564697,0.22643783688545227,0.04721561446785927,0.04215365648269653,0.6800750871547332
354,0.6423145532608032,0.2010393589735031,0.04651792347431183,0.03917306661605835,0.6814159292035398
355,0.5434309840202332,0.18631552159786224,0.04606279358267784,0.04451197385787964,0.6849557522123894
356,0.5894029140472412,0.21065878868103027,0.045965008437633514,0.051975905895233154,0.6853848216680075
357,0.5774394869804382,0.18948927521705627,0.04616152495145798,0.04463416337966919,0.6840439796192008
358,0.5650118589401245,0.21826446056365967,0.0468762032687664,0.057112812995910645,0.6843121480289622
359,0.58311527967453,0.20175613462924957,0.04755629971623421,0.048541903495788574,0.6838830785733441
360,0.5359308123588562,0.18968814611434937,0.04810165986418724,0.042498886585235596,0.6845266827567712
361,0.5140631794929504,0.20193465054035187,0.048559609800577164,0.054229736328125,0.6853311879860552
362,0.49130332469940186,0.18573002517223358,0.04882863536477089,0.04424959421157837,0.6839367122552963
363,0.547092854976654,0.210529625415802,0.0487496592104435,0.042816340923309326,0.6835076427996782
364,0.5970575213432312,0.1912582814693451,0.048509981483221054,0.03717416524887085,0.682059533386967
365,0.6198580265045166,0.21270182728767395,0.04785974323749542,0.05099987983703613,0.6813086618396353
366,0.5625421404838562,0.19890344142913818,0.04716603085398674,0.05075490474700928,0.6809868597479217
367,0.620512843132019,0.20288242399692535,0.046593353152275085,0.04457062482833862,0.6806650576562081
368,0.6409941911697388,0.1985749453306198,0.04621511325240135,0.039231836795806885,0.6809868597479217
369,0.576164722442627,0.1929006427526474,0.046126335859298706,0.044338762760162354,0.6824349691606328
370,0.6115214824676514,0.20928344130516052,0.04660972207784653,0.04955810308456421,0.6834540091177259
371,0.566158652305603,0.2105468213558197,0.047332994639873505,0.048462510108947754,0.6838294448913917
372,0.5802342891693115,0.21719324588775635,0.047906506806612015,0.05596417188644409,0.6844194153928668
373,0.5815815925598145,0.22773317992687225,0.048408906906843185,0.05824291706085205,0.682059533386967
374,0.504044771194458,0.2241363823413849,0.04860136657953262,0.0634303092956543,0.6816840976133012
375,0.5124310255050659,0.2167547196149826,0.048474762588739395,0.05381375551223755,0.6822740681147761
376,0.5234801173210144,0.2178460955619812,0.0481841079890728,0.04601937532424927,0.6827567712523465
377,0.5275949239730835,0.20995764434337616,0.048021093010902405,0.04035669565200806,0.6822740681147761
378,0.5340873003005981,0.21334169805049896,0.04780898243188858,0.048621535301208496,0.6824349691606328
379,0.5430324077606201,0.191684290766716,0.047635555267333984,0.04118943214416504,0.6829713059801555
380,0.5452316999435425,0.20838449895381927,0.047576893121004105,0.05360358953475952,0.6840439796192008
381,0.5940902233123779,0.18622538447380066,0.04756886512041092,0.0419389009475708,0.6846339501206757
382,0.5827813148498535,0.20568060874938965,0.047598470002412796,0.05024951696395874,0.6858675248055779
383,0.5753523111343384,0.1973988562822342,0.04755248874425888,0.04770362377166748,0.6859211584875302
384,0.5586836338043213,0.213692307472229,0.04747467115521431,0.05498987436294556,0.6867256637168142
385,0.5341072082519531,0.20699290931224823,0.04753033071756363,0.05253368616104126,0.6876374363100027
386,0.5234698057174683,0.21056541800498962,0.04766549542546272,0.055220603942871094,0.6869401984446232
387,0.5575942397117615,0.1818729192018509,0.04779926687479019,0.037689208984375,0.6846339501206757
388,0.5246333479881287,0.19488851726055145,0.04766223952174187,0.04748636484146118,0.6855457227138643
389,0.524364709854126,0.1919156312942505,0.04769335314631462,0.045916736125946045,0.6861893268972915
390,0.535373330116272,0.1881028115749359,0.047858256846666336,0.0387343168258667,0.685492089031912
391,0.5788808465003967,0.18079182505607605,0.04766878858208656,0.034429073333740234,0.6843657817109144
392,0.551640510559082,0.17979387938976288,0.04755442962050438,0.03877437114715576,0.6838294448913917
393,0.664272129535675,0.2032197266817093,0.047389496117830276,0.043632686138153076,0.6833467417538214
394,0.6291478872299194,0.20768317580223083,0.04725026339292526,0.05290955305099487,0.6828104049342988
395,0.5980307459831238,0.19769734144210815,0.04710504040122032,0.04815018177032471,0.684473049074819
396,0.5852062702178955,0.19400300085544586,0.047035325318574905,0.04970306158065796,0.6846339501206757
397,0.5841721296310425,0.22242477536201477,0.04696592688560486,0.053503215312957764,0.6835076427996782
398,0.5549242496490479,0.19748686254024506,0.047073692083358765,0.04714322090148926,0.6822740681147761
399,0.5891950726509094,0.19760075211524963,0.047149479389190674,0.04624432325363159,0.6835076427996782
400,0.5334732532501221,0.18691539764404297,0.047291938215494156,0.04476398229598999,0.6837221775274872
401,0.5283589363098145,0.20773707330226898,0.04737813398241997,0.04512488842010498,0.684473049074819
402,0.522525429725647,0.23105087876319885,0.04697775840759277,0.062256038188934326,0.6853848216680075
403,0.5488762259483337,0.21262580156326294,0.04671977460384369,0.045723795890808105,0.685492089031912
404,0.5034457445144653,0.19361357390880585,0.046655867248773575,0.04356735944747925,0.6868329310807187
405,0.5278946161270142,0.1897151619195938,0.04682932421565056,0.042374610900878906,0.6862429605792437
406,0.5106903910636902,0.19166351854801178,0.04709033668041229,0.048986613750457764,0.6872620005363368
407,0.5878970623016357,0.2022344470024109,0.047466427087783813,0.047488391399383545,0.68710109949048
408,0.5236494541168213,0.22432789206504822,0.04798738658428192,0.06127709150314331,0.6872083668543846
409,0.5082348585128784,0.20509003102779388,0.048376329243183136,0.055378735065460205,0.6868329310807187
410,0.5205038785934448,0.20136824250221252,0.048542674630880356,0.05258536338806152,0.6847412174845803
411,0.5182349681854248,0.21151401102542877,0.04855110123753548,0.05207127332687378,0.6839903459372486
412,0.5025975704193115,0.2034192532300949,0.04859370365738869,0.0492628812789917,0.6844194153928668
413,0.5327699184417725,0.20050591230392456,0.04868867248296738,0.038871586322784424,0.6846875838026281
414,0.5266830921173096,0.2096760869026184,0.04877094179391861,0.046644508838653564,0.6842585143470099
415,0.49512341618537903,0.19045373797416687,0.04888908565044403,0.04425311088562012,0.6832931080718692
416,0.48660987615585327,0.20716868340969086,0.049006376415491104,0.05696272850036621,0.6813622955215876
417,0.546147346496582,0.1885000467300415,0.049128539860248566,0.0442928671836853,0.6797532850630196
418,0.562387228012085,0.18794581294059753,0.04895078018307686,0.036291301250457764,0.6806650576562081
419,0.5224062204360962,0.18489505350589752,0.04850821942090988,0.04635745286941528,0.6821668007508715
420,0.5880113244056702,0.2105366587638855,0.048147957772016525,0.05528974533081055,0.6838294448913917
421,0.54770827293396,0.22461749613285065,0.047952182590961456,0.06118977069854736,0.6839903459372486
422,0.5606048107147217,0.2082786113023758,0.0477738231420517,0.05253857374191284,0.6847412174845803
423,0.5669593811035156,0.2098836451768875,0.047491494566202164,0.0495639443397522,0.6846875838026281
424,0.5072780847549438,0.2002495527267456,0.04719957709312439,0.05347144603729248,0.6843657817109144
425,0.5348449945449829,0.2235541194677353,0.046720802783966064,0.054152488708496094,0.6844194153928668
426,0.5027456879615784,0.2055327296257019,0.0465288981795311,0.050576090812683105,0.6849021185304371
427,0.5395004749298096,0.19947358965873718,0.04638640582561493,0.04196399450302124,0.6853848216680075
428,0.4831921458244324,0.19710516929626465,0.04679371789097786,0.04604184627532959,0.6855993563958166
429,0.5393766164779663,0.1920936554670334,0.04750433191657066,0.041120290756225586,0.686886564762671
430,0.547438383102417,0.1913188099861145,0.04838195815682411,0.045080482959747314,0.686886564762671
431,0.5762612819671631,0.1966765969991684,0.04911833629012108,0.04793393611907959,0.6865647626709573
432,0.562491238117218,0.20625178515911102,0.04970058053731918,0.054786086082458496,0.6853311879860552
433,0.5858936905860901,0.21253730356693268,0.04973158240318298,0.05558669567108154,0.6842585143470099
434,0.5438450574874878,0.20196041464805603,0.048949792981147766,0.0529058575630188,0.685277554304103
435,0.5216444730758667,0.2029416859149933,0.04790040850639343,0.052467286586761475,0.6845266827567712
436,0.5322272777557373,0.2004266083240509,0.04692380130290985,0.05026727914810181,0.6847412174845803
437,0.4940454959869385,0.20946365594863892,0.0462602823972702,0.050439655780792236,0.6819522660230625
438,0.4885108470916748,0.2031397521495819,0.04596147686243057,0.04828798770904541,0.6822204344328238
439,0.479894757270813,0.18056556582450867,0.04613026604056358,0.039245009422302246,0.6829713059801555
440,0.5173847079277039,0.20929239690303802,0.04666890949010849,0.04937946796417236,0.6839367122552963
441,0.5441140532493591,0.18829815089702606,0.04744383320212364,0.03738135099411011,0.6854384553499597
442,0.5345635414123535,0.19476103782653809,0.048229824751615524,0.04727780818939209,0.6857602574416733
443,0.5794435739517212,0.20712566375732422,0.04860726371407509,0.04737657308578491,0.6857066237597211
444,0.5555835962295532,0.1797698736190796,0.04862833395600319,0.04249376058578491,0.686296594261196
445,0.5451197624206543,0.1875581294298172,0.048142094165086746,0.04601329565048218,0.6842585143470099
446,0.5728556513786316,0.21039897203445435,0.04762827232480049,0.056612372398376465,0.6843121480289622
447,0.5118009448051453,0.1935783177614212,0.04723571613430977,0.054009854793548584,0.6841512469831054
448,0.5448723435401917,0.22359324991703033,0.04734256491065025,0.06006348133087158,0.6850630195762939
449,0.4725695252418518,0.2136985808610916,0.047568339854478836,0.05719602108001709,0.6846875838026281
450,0.4746830463409424,0.19658982753753662,0.047686900943517685,0.048010289669036865,0.6838294448913917
451,0.47581687569618225,0.2063031792640686,0.047643646597862244,0.04520153999328613,0.6859211584875302
452,0.5141785740852356,0.2031480073928833,0.04722481220960617,0.04128158092498779,0.6840976133011532
453,0.5862679481506348,0.20495815575122833,0.04675811529159546,0.04123002290725708,0.6829713059801555
454,0.5335087180137634,0.2011471837759018,0.04623343423008919,0.051344096660614014,0.6822204344328238
455,0.5973559617996216,0.19129395484924316,0.046098288148641586,0.03866654634475708,0.6836149101635828
456,0.5561106204986572,0.20359186828136444,0.04598139971494675,0.05514419078826904,0.6832394743899168
457,0.5315995812416077,0.22352786362171173,0.04646122455596924,0.06501996517181396,0.6840976133011532
458,0.5042895078659058,0.1874166876077652,0.047120045870542526,0.047999560832977295,0.6857602574416733
459,0.5212396383285522,0.2006177455186844,0.04774259403347969,0.053334057331085205,0.6846875838026281
460,0.47281426191329956,0.21643401682376862,0.04809124022722244,0.06016278266906738,0.6859211584875302
461,0.508304238319397,0.19056053459644318,0.048236437141895294,0.0411074161529541,0.6854384553499597
462,0.5310828685760498,0.1989460289478302,0.04822106659412384,0.03705471754074097,0.6840976133011532
463,0.5095871686935425,0.21537722647190094,0.04809229075908661,0.05424046516418457,0.6839903459372486
464,0.5605266094207764,0.20521953701972961,0.04770558327436447,0.040983498096466064,0.6834003754357737
465,0.5136695504188538,0.2104557305574417,0.047243617475032806,0.05746448040008545,0.6824349691606328
466,0.5293854475021362,0.20649509131908417,0.046992041170597076,0.05380147695541382,0.6828104049342988
467,0.5256698131561279,0.20591400563716888,0.04713814705610275,0.052780985832214355,0.6829176722982033
468,0.5468747019767761,0.18416544795036316,0.047361500561237335,0.04265779256820679,0.6842048806650577
469,0.5226072669029236,0.196534663438797,0.047441188246011734,0.050972819328308105,0.6846339501206757
470,0.5222209692001343,0.20363375544548035,0.047432269901037216,0.04968184232711792,0.6850093858943417
471,0.510094165802002,0.19307734072208405,0.047324039041996,0.044583261013031006,0.6832394743899168
472,0.5258944034576416,0.21438968181610107,0.04705992713570595,0.054397761821746826,0.6839903459372486
473,0.5060332417488098,0.1878308653831482,0.0466582328081131,0.04572051763534546,0.6837758112094395
474,0.5656359195709229,0.21014678478240967,0.04633357748389244,0.046578407287597656,0.6841512469831054
475,0.590514063835144,0.17321525514125824,0.04627596586942673,0.03262126445770264,0.6830249396621078
476,0.5806427001953125,0.18985843658447266,0.046326566487550735,0.03966665267944336,0.6809868597479217
477,0.5470948219299316,0.24184109270572662,0.04657460376620293,0.07125204801559448,0.6805577902923036
478,0.5380574464797974,0.19989649951457977,0.04684910178184509,0.04912769794464111,0.6808259587020649
479,0.49345195293426514,0.18427123129367828,0.04720040038228035,0.04492640495300293,0.6814159292035398
480,0.5243109464645386,0.1979021430015564,0.04757882282137871,0.04744201898574829,0.6828104049342988
481,0.48100537061691284,0.195121169090271,0.04792580381035805,0.050414323806762695,0.6824349691606328
482,0.4773083031177521,0.21083316206932068,0.048076268285512924,0.055400848388671875,0.6829176722982033
483,0.46953901648521423,0.21095171570777893,0.04808937385678291,0.05011308193206787,0.6829176722982033
484,0.47399523854255676,0.2048543393611908,0.047950323671102524,0.04530930519104004,0.6831322070260123
485,0.5063157081604004,0.20393423736095428,0.04788098484277725,0.043526530265808105,0.6840439796192008
486,0.508278489112854,0.185386061668396,0.04796763136982918,0.038804471492767334,0.6834540091177259
487,0.5566763877868652,0.1999422162771225,0.04778732359409332,0.046079814434051514,0.6814159292035398
488,0.5194302797317505,0.20027093589305878,0.047470878809690475,0.054049789905548096,0.6798069187449718
489,0.5327145457267761,0.20018063485622406,0.04716833308339119,0.053372204303741455,0.678841512469831
490,0.5379577875137329,0.1894257515668869,0.046642057597637177,0.047416090965270996,0.6778761061946903
491,0.5068921446800232,0.19157257676124573,0.04628099873661995,0.05021542310714722,0.6787878787878788
492,0.542321503162384,0.19544722139835358,0.04600170627236366,0.048383235931396484,0.6811477607937785
493,0.4876769185066223,0.2037055492401123,0.04587126895785332,0.05164682865142822,0.682864038616251
494,0.48707616329193115,0.19475942850112915,0.04592954367399216,0.048398375511169434,0.6829176722982033
495,0.4591331481933594,0.20802292227745056,0.046118736267089844,0.056743323802948,0.6826495038884419
496,0.4392557740211487,0.1928199827671051,0.046121519058942795,0.04738813638687134,0.6825422365245374
497,0.4462147355079651,0.20647327601909637,0.04613998904824257,0.05087411403656006,0.6818986323411103
498,0.45956331491470337,0.20599281787872314,0.046002503484487534,0.04492330551147461,0.6813622955215876
499,0.48364001512527466,0.19787131249904633,0.046021830290555954,0.037798166275024414,0.6800214534727809
