,loss_g,loss_d,loss_test,w_distance,acc
0,1.3675429821014404,5.4181623458862305,0.25083616375923157,0.0005033016204833984,0.2916851714779176
1,1.364091157913208,3.47710919380188,0.2498486340045929,0.0009472072124481201,0.3218850234394276
2,1.2525168657302856,1.3453994989395142,0.24855180084705353,0.0017832517623901367,0.4006908462867012
3,1.4530316591262817,0.1384667456150055,0.2467356026172638,0.002874821424484253,0.4159388107574636
4,1.3821563720703125,1.0767431259155273,0.24448390305042267,0.0038354992866516113,0.41919565753762644
5,1.4903736114501953,1.515708565711975,0.24174900352954865,0.004192948341369629,0.43587466074512704
6,1.3059874773025513,0.9689990282058716,0.23843629658222198,0.0036233067512512207,0.44979027880582284
7,1.382056713104248,0.34860244393348694,0.2346990704536438,0.003146260976791382,0.4333086602516654
8,1.2845990657806396,0.09995853900909424,0.22997711598873138,0.002494603395462036,0.4155440414507772
9,1.3321266174316406,0.2290891408920288,0.22471487522125244,0.0019210278987884521,0.4161361954108068
10,1.393707036972046,0.4641277492046356,0.2190464586019516,0.0016629397869110107,0.41746854182087345
11,1.3994431495666504,0.5832125544548035,0.21329888701438904,0.001199960708618164,0.41702442635085124
12,1.4992930889129639,0.5118098258972168,0.20785996317863464,0.0011782646179199219,0.417320503330866
13,1.2889432907104492,0.3527849614620209,0.20303134620189667,0.0007305443286895752,0.4174191956575376
14,1.3382487297058105,0.16097889840602875,0.19908581674098969,0.00045543909072875977,0.4173698494942018
15,1.2468385696411133,0.06154702976346016,0.1963234692811966,0.00021964311599731445,0.4174191956575376
16,1.2980625629425049,0.18794681131839752,0.19462807476520538,-0.0003699660301208496,0.4174191956575376
17,1.4506371021270752,0.2791789174079895,0.1935575306415558,-0.0005782842636108398,0.4174191956575376
18,1.3037562370300293,0.37005841732025146,0.193378284573555,-0.0012099742889404297,0.4174191956575376
19,1.1568048000335693,0.18623559176921844,0.19375662505626678,-0.0015059709548950195,0.4174191956575376
20,1.4344956874847412,0.07650788873434067,0.1943177878856659,-0.0015134811401367188,0.4174191956575376
21,1.0524102449417114,0.05640286207199097,0.19502830505371094,-0.0015502572059631348,0.4174191956575376
22,1.3691750764846802,0.10622675716876984,0.19541068375110626,-0.001508176326751709,0.41746854182087345
23,1.389404058456421,0.14820337295532227,0.19551433622837067,-0.0015972256660461426,0.4166296570441648
24,1.1491820812225342,0.16042369604110718,0.19544969499111176,-0.0011864304542541504,0.41648161855415744
25,1.279890775680542,0.1261214315891266,0.19522210955619812,-0.0014997124671936035,0.41697508018751545
26,1.3394525051116943,0.07849553227424622,0.1948685646057129,-0.0012980103492736816,0.41697508018751545
27,1.3683483600616455,0.05712534114718437,0.19437368214130402,-0.001190185546875,0.41697508018751545
28,1.2909045219421387,0.08621884882450104,0.1937730312347412,-0.0012221932411193848,0.41697508018751545
29,1.2103084325790405,0.13257741928100586,0.1928529143333435,-0.0010987520217895508,0.41697508018751545
30,1.192924976348877,0.11890099942684174,0.19218842685222626,-0.001231551170349121,0.41697508018751545
31,1.2766351699829102,0.09242874383926392,0.19191020727157593,-0.0010259747505187988,0.41697508018751545
32,1.2916898727416992,0.04461834579706192,0.1925297975540161,-0.0008522868156433105,0.416827041697508
33,1.3725067377090454,0.042406171560287476,0.19293080270290375,-0.0008280277252197266,0.35637799161115224
34,1.3606784343719482,0.045454561710357666,0.1934804469347,-0.0008134841918945312,0.35637799161115224
35,1.2819534540176392,0.07790873944759369,0.1943812370300293,-0.0009255409240722656,0.35637799161115224
36,1.2212796211242676,0.09076247364282608,0.1953323632478714,-0.0008218884468078613,0.35637799161115224
37,1.2401902675628662,0.06936371326446533,0.1959472894668579,-0.000868380069732666,0.35637799161115224
38,1.3035669326782227,0.04929771274328232,0.1965358555316925,-0.0006231069564819336,0.35637799161115224
39,1.1998398303985596,0.04161621630191803,0.19714096188545227,-0.000881195068359375,0.35637799161115224
40,1.3456871509552002,0.053956419229507446,0.1971847414970398,-0.00040400028228759766,0.35637799161115224
41,1.260787844657898,0.0578753724694252,0.19741126894950867,-0.0004405975341796875,0.35637799161115224
42,1.2910791635513306,0.07281816750764847,0.19811470806598663,-0.0003609657287597656,0.35632864544781645
43,1.3711864948272705,0.05169522762298584,0.1989889293909073,-0.000456392765045166,0.35637799161115224
44,1.3295693397521973,0.03647323325276375,0.19983120262622833,-6.604194641113281e-05,0.35637799161115224
45,1.2244939804077148,0.04996289312839508,0.20032398402690887,-5.424022674560547e-05,0.35637799161115224
46,1.1817443370819092,0.05024687200784683,0.20041118562221527,0.00019031763076782227,0.35637799161115224
47,1.230222225189209,0.046964727342128754,0.20024366676807404,0.00041240453720092773,0.35637799161115224
48,1.3312392234802246,0.03855235502123833,0.199754536151886,0.00075531005859375,0.35637799161115224
49,1.330794095993042,0.02421650104224682,0.19934408366680145,0.001022934913635254,0.35637799161115224
50,1.2032804489135742,0.03263477236032486,0.19859367609024048,0.0013665556907653809,0.35637799161115224
51,1.2412445545196533,0.04058351740241051,0.1974950134754181,0.0014519691467285156,0.35637799161115224
52,1.3384032249450684,0.04137434810400009,0.19633308053016663,0.0020003914833068848,0.35637799161115224
53,1.2871766090393066,0.02064291015267372,0.1956101953983307,0.0022615790367126465,0.35637799161115224
54,1.218219518661499,0.02886807546019554,0.19539277255535126,0.001928865909576416,0.35637799161115224
55,1.1592713594436646,0.03464763984084129,0.1954469531774521,0.002300739288330078,0.35637799161115224
56,1.1953068971633911,0.027713794261217117,0.19534094631671906,0.002556443214416504,0.35637799161115224
57,1.2279024124145508,0.025066498667001724,0.19552819430828094,0.0029348134994506836,0.35637799161115224
58,1.2683448791503906,0.028293155133724213,0.1959444135427475,0.003266632556915283,0.35642733777448804
59,1.2396557331085205,0.03408532962203026,0.196015864610672,0.003859281539916992,0.35632864544781645
60,1.1912462711334229,0.023031199350953102,0.19561541080474854,0.0037993192672729492,0.35647668393782384
61,1.2460036277770996,0.01385180838406086,0.1954827457666397,0.0036730170249938965,0.35627929928448065
62,1.2651445865631104,0.03334309905767441,0.19503173232078552,0.0039383769035339355,0.35652603010115963
63,1.4419324398040771,0.024644872173666954,0.1948225051164627,0.004448115825653076,0.35647668393782384
64,1.2837082147598267,0.013039644807577133,0.19489982724189758,0.004808962345123291,0.356180606957809
65,1.2752773761749268,0.02187761291861534,0.19521458446979523,0.005429089069366455,0.35652603010115963
66,1.219923973083496,0.023849135264754295,0.19558846950531006,0.005739569664001465,0.3565753762644954
67,1.3399009704589844,0.014731962233781815,0.1960921734571457,0.005751162767410278,0.35598322230446583
68,1.3639193773269653,0.012785518541932106,0.19652371108531952,0.005829751491546631,0.3562299531211448
69,1.2387003898620605,0.027224477380514145,0.19681969285011292,0.006039798259735107,0.35647668393782384
70,1.3908133506774902,0.009960643947124481,0.1971787065267563,0.006792515516281128,0.355687145324451
71,1.3533215522766113,0.02771211788058281,0.19750620424747467,0.007370173931121826,0.35583518381445844
72,1.4017407894134521,0.012173924595117569,0.19764605164527893,0.00771862268447876,0.3555391068344436
73,1.240206003189087,0.011905968189239502,0.19775107502937317,0.007714331150054932,0.35479891438440664
74,1.1438429355621338,0.015330838039517403,0.19806735217571259,0.007890164852142334,0.3542561065877128
75,1.2050435543060303,0.010593529790639877,0.19850032031536102,0.008071333169937134,0.3542561065877128
76,1.3500652313232422,0.008854515850543976,0.19922691583633423,0.008487552404403687,0.35435479891438443
77,1.2214999198913574,0.009859893471002579,0.1997595727443695,0.009204983711242676,0.354206760424377
78,1.2292417287826538,0.008887428790330887,0.20017805695533752,0.009444773197174072,0.3540587219343696
79,1.2820425033569336,0.016881387680768967,0.20056945085525513,0.009627729654312134,0.3538613372810264
80,1.271315574645996,0.008546663448214531,0.20065031945705414,0.01006975769996643,0.353960029607698
81,1.287516474723816,0.009049778804183006,0.20108620822429657,0.010248363018035889,0.3536146064643474
82,1.2924000024795532,0.0038918200880289078,0.20148755609989166,0.010875612497329712,0.3555391068344436
83,1.2973058223724365,0.009976770728826523,0.20176492631435394,0.01107943058013916,0.35943745373797187
84,1.2508041858673096,0.009585795924067497,0.20190170407295227,0.011205822229385376,0.3632864544781643
85,1.2752608060836792,-0.0027289940044283867,0.20203915238380432,0.01223599910736084,0.3692573402417962
86,1.2199149131774902,0.0029019732028245926,0.20211482048034668,0.01248866319656372,0.37907722674562055
87,1.162544846534729,-0.002448946237564087,0.2022562026977539,0.012590169906616211,0.38845299777942266
88,1.2237918376922607,0.002026619389653206,0.20255640149116516,0.012817084789276123,0.3935356526030101
89,1.3769748210906982,0.00045587029308080673,0.20302839577198029,0.013940602540969849,0.3950160375030841
90,1.2420258522033691,-0.00019541382789611816,0.20341157913208008,0.014115363359451294,0.3999013076733284
91,1.3499221801757812,-0.004976019263267517,0.204090878367424,0.014433056116104126,0.399506538366642
92,1.3412855863571167,-0.00432384479790926,0.20518545806407928,0.014925271272659302,0.39639773007648654
93,1.261627197265625,-0.004781592637300491,0.20605771243572235,0.015418201684951782,0.39476930668640514
94,1.2069779634475708,-0.004996312782168388,0.206668883562088,0.01601618528366089,0.3945225758697261
95,1.346250295639038,-0.010792621411383152,0.20692816376686096,0.016257286071777344,0.3981741919565754
96,1.3078866004943848,-0.007736467756330967,0.20705534517765045,0.016414940357208252,0.4011843079200592
97,1.344846487045288,-0.009840770624577999,0.20720183849334717,0.017675578594207764,0.402714038983469
98,1.419726848602295,-0.008641479536890984,0.20730355381965637,0.018002837896347046,0.40528003947693064
99,1.1264166831970215,-0.008963329717516899,0.2073342353105545,0.0180036723613739,0.4084381939304219
100,1.0857466459274292,-0.012541810050606728,0.2073415219783783,0.018844187259674072,0.41046138662718973
101,1.2613788843154907,-0.010819513350725174,0.20728623867034912,0.019492685794830322,0.41085615593387614
102,1.3149330615997314,-0.00910147838294506,0.20720693469047546,0.019261866807937622,0.41149765605724153
103,1.298644781112671,-0.007536453194916248,0.20704038441181183,0.020147323608398438,0.41144830989390574
104,1.308972954750061,-0.007760491222143173,0.20678052306175232,0.020880401134490967,0.41130027140389835
105,1.3685271739959717,-0.00979088805615902,0.2063898742198944,0.020469874143600464,0.41194177152726374
106,1.3435604572296143,-0.01644764095544815,0.20599234104156494,0.021031171083450317,0.41204046385393533
107,1.2290301322937012,-0.013266896829009056,0.20541328191757202,0.022201955318450928,0.4127313101406366
108,1.4350923299789429,-0.014857196249067783,0.20471608638763428,0.02175581455230713,0.4138169257340242
109,1.346043586730957,-0.016610004007816315,0.2039417177438736,0.022142112255096436,0.41396496422403156
110,1.34234619140625,-0.014313324354588985,0.20281311869621277,0.02331143617630005,0.414113002714039
111,1.370474100112915,-0.02017183229327202,0.20134450495243073,0.023015737533569336,0.4149518874907476
112,1.3547563552856445,-0.018369577825069427,0.2003418356180191,0.023182779550552368,0.414853195164076
113,1.3448822498321533,-0.01946219429373741,0.19966407120227814,0.023956269025802612,0.4157907722674562
114,1.281660556793213,-0.01717066392302513,0.19984060525894165,0.024157613515853882,0.4156920799407846
115,1.2453515529632568,-0.02045079879462719,0.19996054470539093,0.023853689432144165,0.416086849247471
116,1.2335052490234375,-0.020741131156682968,0.19975923001766205,0.0241260826587677,0.4161361954108068
117,1.274709939956665,-0.019478386268019676,0.19952425360679626,0.024873346090316772,0.4166296570441648
118,1.3091254234313965,-0.023198220878839493,0.19952748715877533,0.02472764253616333,0.41658031088082903
119,1.2085156440734863,-0.01935909502208233,0.19931760430335999,0.024810343980789185,0.4162842339008142
120,1.2058234214782715,-0.01764480583369732,0.19903096556663513,0.025971949100494385,0.41603750308413523
121,1.2106730937957764,-0.022312909364700317,0.1987876147031784,0.025234341621398926,0.4157414261041204
122,1.2390575408935547,-0.02103419043123722,0.19882743060588837,0.02543988823890686,0.4156920799407846
123,1.275162935256958,-0.02230089344084263,0.1989772617816925,0.02645835280418396,0.4156920799407846
124,1.310042142868042,-0.02317447029054165,0.19903500378131866,0.026163458824157715,0.4155440414507772
125,1.1384797096252441,-0.02243095636367798,0.19882988929748535,0.025905966758728027,0.415593387614113
126,1.4291422367095947,-0.02321348711848259,0.1987541764974594,0.026888370513916016,0.4156427337774488
127,1.216517448425293,-0.021566282957792282,0.1984582394361496,0.026643693447113037,0.415593387614113
128,1.3229033946990967,-0.022871699184179306,0.19768235087394714,0.026139885187149048,0.4156920799407846
129,1.2558954954147339,-0.025976981967687607,0.196488156914711,0.02679133415222168,0.415840118430792
130,1.273068904876709,-0.02293456345796585,0.19520984590053558,0.02705913782119751,0.4156920799407846
131,1.2948415279388428,-0.025230757892131805,0.19395855069160461,0.026651978492736816,0.415840118430792
132,1.307682991027832,-0.024810537695884705,0.1930721402168274,0.026630282402038574,0.415840118430792
133,1.3017535209655762,-0.02537377178668976,0.19200550019741058,0.026824980974197388,0.41658031088082903
134,1.2441002130508423,-0.02547519840300083,0.19048260152339935,0.026649147272109985,0.41697508018751545
135,1.3930027484893799,-0.02564970590174198,0.18868161737918854,0.026633024215698242,0.4172218110041944
136,1.3056706190109253,-0.02581949718296528,0.18692515790462494,0.026776224374771118,0.417813964964224
137,1.2652705907821655,-0.025966977700591087,0.18528608977794647,0.026634633541107178,0.41796200345423146
138,1.2695262432098389,-0.02427702210843563,0.18372564017772675,0.025798767805099487,0.41811004194423884
139,1.263108491897583,-0.024590786546468735,0.1821242868900299,0.02632153034210205,0.4183567727609178
140,1.3461925983428955,-0.025278722867369652,0.18022054433822632,0.02581825852394104,0.4182580804342462
141,1.2572840452194214,-0.02422890067100525,0.17835426330566406,0.02549821138381958,0.418307426597582
142,1.2384413480758667,-0.02379579469561577,0.177019864320755,0.02583429217338562,0.41845546508758946
143,1.253432035446167,-0.024821627885103226,0.17590853571891785,0.02540871500968933,0.41815938810757464
144,1.26948082447052,-0.024275342002511024,0.17531639337539673,0.025052905082702637,0.4171724648408586
145,1.265176773071289,-0.022843243554234505,0.17512337863445282,0.024950504302978516,0.41658031088082903
146,1.3366224765777588,-0.024121101945638657,0.17516055703163147,0.024957597255706787,0.4158894645941278
147,1.291618824005127,-0.024542411789298058,0.17520476877689362,0.024963319301605225,0.4157414261041204
148,1.2194428443908691,-0.02390863187611103,0.1755235195159912,0.025197476148605347,0.4154453491241056
149,1.2903926372528076,-0.023762192577123642,0.17617955803871155,0.02492550015449524,0.4153960029607698
150,1.3141429424285889,-0.024399250745773315,0.17675916850566864,0.025277704000473022,0.4156920799407846
151,1.235185146331787,-0.024846868589520454,0.17688055336475372,0.025532513856887817,0.4152973106340982
152,1.1741302013397217,-0.02454574964940548,0.17666295170783997,0.02544015645980835,0.4151986183074266
153,1.2383778095245361,-0.024558184668421745,0.17583239078521729,0.025955110788345337,0.415346656797434
154,1.1808578968048096,-0.024728137999773026,0.1746768206357956,0.0255814790725708,0.4147545028374044
155,1.1660611629486084,-0.024288257583975792,0.17330145835876465,0.025323837995529175,0.4156427337774488
156,1.0385775566101074,-0.023466231301426888,0.1715296357870102,0.02572724223136902,0.4156920799407846
157,1.451301097869873,-0.023450098931789398,0.1696612685918808,0.02525457739830017,0.415840118430792
158,1.3472537994384766,-0.023455563932657242,0.16833309829235077,0.025581002235412598,0.4171724648408586
159,1.2989164590835571,-0.023453516885638237,0.1673814058303833,0.02509462833404541,0.41756723414754504
160,1.2964353561401367,-0.022915789857506752,0.166925311088562,0.024804502725601196,0.4177646188008882
161,1.2014985084533691,-0.023289494216442108,0.16657638549804688,0.025430649518966675,0.4182580804342462
162,1.222397804260254,-0.02393707074224949,0.16643843054771423,0.024870842695236206,0.4178633111275598
163,1.263550043106079,-0.023732656612992287,0.16618922352790833,0.024700969457626343,0.4179126572908956
164,1.2183235883712769,-0.022860456258058548,0.1661459356546402,0.025516033172607422,0.41806069578090305
165,1.0213680267333984,-0.023178955540060997,0.16593272984027863,0.02463918924331665,0.41820873427091043
166,1.2101731300354004,-0.024530449882149696,0.16564054787158966,0.025075167417526245,0.418307426597582
167,1.3315234184265137,-0.023854857310652733,0.16542008519172668,0.024839162826538086,0.41820873427091043
168,1.2058814764022827,-0.024490591138601303,0.1651257574558258,0.0251142680644989,0.41815938810757464
169,1.2980146408081055,-0.02478804439306259,0.165113165974617,0.025141388177871704,0.41806069578090305
170,1.185720682144165,-0.02457847073674202,0.16514796018600464,0.02537861466407776,0.41806069578090305
171,1.217721700668335,-0.024612899869680405,0.1652391254901886,0.02513226866722107,0.41796200345423146
172,1.2579267024993896,-0.024949995800852776,0.16527271270751953,0.025599807500839233,0.417813964964224
173,1.3299602270126343,-0.025205451995134354,0.16529887914657593,0.025379538536071777,0.41633358006415
174,1.3514865636825562,-0.024901073426008224,0.16527651250362396,0.025413930416107178,0.4159388107574636
175,1.2153856754302979,-0.02481071464717388,0.16529355943202972,0.025837302207946777,0.416086849247471
176,1.2481107711791992,-0.024826597422361374,0.1655433028936386,0.025521904230117798,0.4159388107574636
177,1.3389980792999268,-0.025529276579618454,0.1660664826631546,0.026025205850601196,0.41450777202072536
178,1.3174151182174683,-0.02536085993051529,0.16674122214317322,0.025913387537002563,0.41283000246730817
179,1.2898759841918945,-0.02445489540696144,0.16723409295082092,0.025664418935775757,0.4125832716506292
180,1.2370622158050537,-0.02434428595006466,0.16792680323123932,0.026452869176864624,0.4125832716506292
181,1.440157413482666,-0.02522149123251438,0.16783733665943146,0.026094168424606323,0.4125832716506292
182,1.1911938190460205,-0.026160752400755882,0.1669880747795105,0.026519209146499634,0.4125832716506292
183,1.2278258800506592,-0.025857260450720787,0.16579054296016693,0.026342540979385376,0.4125832716506292
184,1.3516249656677246,-0.025140604004263878,0.16447649896144867,0.025642961263656616,0.4125832716506292
185,1.3124200105667114,-0.024656761437654495,0.16288365423679352,0.02515488862991333,0.4125832716506292
186,1.3018414974212646,-0.02482488751411438,0.1615329533815384,0.025397390127182007,0.4125832716506292
187,1.2381008863449097,-0.023877035826444626,0.16036969423294067,0.0246257483959198,0.4125832716506292
188,1.2546072006225586,-0.02357097528874874,0.15984906256198883,0.024794846773147583,0.4125832716506292
189,1.2122645378112793,-0.024367356672883034,0.15977580845355988,0.024735063314437866,0.4125832716506292
190,1.1614911556243896,-0.023820890113711357,0.15995068848133087,0.024108082056045532,0.4125832716506292
191,1.300734281539917,-0.02356300689280033,0.15997013449668884,0.02435353398323059,0.4125832716506292
192,1.314141035079956,-0.023607218638062477,0.16005153954029083,0.02395811676979065,0.4125832716506292
193,1.4553383588790894,-0.02369534969329834,0.1602410227060318,0.024511903524398804,0.4125832716506292
194,1.2832427024841309,-0.024268819019198418,0.159941628575325,0.024397701025009155,0.4125832716506292
195,1.2033803462982178,-0.024649284780025482,0.1594238579273224,0.02482020854949951,0.41278065630397237
196,1.1800976991653442,-0.024227200075984,0.15909305214881897,0.02492406964302063,0.413126079447323
197,1.3496532440185547,-0.023640146479010582,0.15895295143127441,0.02414730191230774,0.413619541080681
198,1.1574512720108032,-0.02393987402319908,0.15951059758663177,0.02461901307106018,0.4138169257340242
199,1.4982109069824219,-0.023576317355036736,0.16050218045711517,0.023740172386169434,0.4137182334073526
200,1.3301515579223633,-0.023537661880254745,0.16180892288684845,0.023713111877441406,0.4137182334073526
201,1.2029905319213867,-0.022940773516893387,0.1623810976743698,0.02344036102294922,0.4137182334073526
202,1.5770959854125977,-0.0231045950204134,0.16262662410736084,0.023388713598251343,0.4137182334073526
203,1.2915383577346802,-0.023704104125499725,0.1622784286737442,0.024066150188446045,0.4137182334073526
204,1.30402410030365,-0.02386254072189331,0.1614883542060852,0.024031728506088257,0.4137182334073526
205,1.3280589580535889,-0.023786399513483047,0.16023625433444977,0.023980557918548584,0.4137182334073526
206,1.413193941116333,-0.023436272516846657,0.15866859257221222,0.023793190717697144,0.4137182334073526
207,1.2006860971450806,-0.023196475580334663,0.1572190523147583,0.023323029279708862,0.4137182334073526
208,1.3019938468933105,-0.022834688425064087,0.1564262956380844,0.022937268018722534,0.4137182334073526
209,1.3025169372558594,-0.0231279656291008,0.15596123039722443,0.023531079292297363,0.4137182334073526
210,1.2839158773422241,-0.022407343611121178,0.15571969747543335,0.022713690996170044,0.4137182334073526
211,1.1964852809906006,-0.022209547460079193,0.1558011770248413,0.022966772317886353,0.4137182334073526
212,1.3584027290344238,-0.02281186729669571,0.15623751282691956,0.02303442358970642,0.4137182334073526
213,1.2879325151443481,-0.02268313802778721,0.15688741207122803,0.022954672574996948,0.4137182334073526
214,1.1450871229171753,-0.022770320996642113,0.15746459364891052,0.02288678288459778,0.4137182334073526
215,1.314548134803772,-0.02314247377216816,0.15809999406337738,0.023435205221176147,0.4137182334073526
216,1.3689957857131958,-0.022796662524342537,0.1585390269756317,0.02307194471359253,0.4137182334073526
217,1.2944377660751343,-0.023542892187833786,0.15882611274719238,0.024083644151687622,0.4137182334073526
218,1.2257702350616455,-0.02281004935503006,0.15896786749362946,0.02317824959754944,0.4137182334073526
219,1.1966850757598877,-0.02310912497341633,0.15907451510429382,0.02386072278022766,0.4137182334073526
220,1.3323078155517578,-0.02322830632328987,0.1592627465724945,0.023667365312576294,0.4137182334073526
221,1.3127269744873047,-0.023339679464697838,0.15936286747455597,0.02378690242767334,0.4137182334073526
222,1.4030011892318726,-0.023832397535443306,0.15926556289196014,0.02406245470046997,0.4137182334073526
223,1.2656855583190918,-0.02384670078754425,0.15882734954357147,0.02390936017036438,0.4137182334073526
224,1.280173659324646,-0.02380569465458393,0.15819697082042694,0.024100184440612793,0.4137182334073526
225,1.2379454374313354,-0.02368622086942196,0.15777908265590668,0.023936837911605835,0.4137182334073526
226,1.285634160041809,-0.023707835003733635,0.15687917172908783,0.024313241243362427,0.4137675795706884
227,1.2896733283996582,-0.02377552166581154,0.1557605117559433,0.024104207754135132,0.4138169257340242
228,1.2355988025665283,-0.023389723151922226,0.15443122386932373,0.023870915174484253,0.4140636565507032
229,1.1895700693130493,-0.023162731900811195,0.15331467986106873,0.023275524377822876,0.4147545028374044
230,1.3438329696655273,-0.02319798618555069,0.15264441072940826,0.023351699113845825,0.41633358006415
231,1.2683628797531128,-0.023008810356259346,0.15219199657440186,0.023156195878982544,0.4179126572908956
232,1.1989233493804932,-0.02280673012137413,0.15182501077651978,0.022897660732269287,0.41983715766099183
233,1.2321975231170654,-0.02289033681154251,0.15158498287200928,0.022987157106399536,0.4226498889711325
234,1.219191551208496,-0.02280130796134472,0.151388019323349,0.02305006980895996,0.42620281273131017
235,1.2588825225830078,-0.023133963346481323,0.15131738781929016,0.023196667432785034,0.43365408339501604
236,1.1846683025360107,-0.022900622338056564,0.15137065947055817,0.023058921098709106,0.4374537379718727
237,1.3011837005615234,-0.023135004565119743,0.15175171196460724,0.02321675419807434,0.4388847767086109
238,1.3136879205703735,-0.02297893539071083,0.15259648859500885,0.02305009961128235,0.4388847767086109
239,1.2801313400268555,-0.023059427738189697,0.1538001149892807,0.023186981678009033,0.43883543054527513
240,1.2266302108764648,-0.02326793409883976,0.15490832924842834,0.023353010416030884,0.43883543054527513
241,1.4056565761566162,-0.02291191928088665,0.15558333694934845,0.023419559001922607,0.43883543054527513
242,1.2982754707336426,-0.022002028301358223,0.1558830291032791,0.022990018129348755,0.43883543054527513
243,1.2089608907699585,-0.02183210290968418,0.1559843122959137,0.024136096239089966,0.43883543054527513
244,1.2240254878997803,-0.018863128498196602,0.15602506697177887,0.022631168365478516,0.43883543054527513
245,1.334599256515503,-0.01774490810930729,0.15620088577270508,0.0241679847240448,0.43883543054527513
246,1.2670577764511108,-0.01735801249742508,0.1564726084470749,0.02273842692375183,0.43883543054527513
247,1.3368525505065918,-0.021506020799279213,0.15629658102989197,0.024119973182678223,0.43883543054527513
248,1.3019652366638184,-0.023372484371066093,0.15542201697826385,0.023454487323760986,0.43883543054527513
249,1.3843214511871338,-0.020039213821291924,0.15371590852737427,0.022868216037750244,0.43883543054527513
250,1.2254211902618408,-0.017849404364824295,0.15180666744709015,0.023493438959121704,0.43883543054527513
251,1.2905299663543701,-0.01877863146364689,0.1500205099582672,0.02212977409362793,0.43883543054527513
252,1.204649567604065,-0.022124281153082848,0.1485781967639923,0.02247554063796997,0.43883543054527513
253,1.3946070671081543,-0.0207287035882473,0.14730733633041382,0.02235102653503418,0.43883543054527513
254,1.3480645418167114,-0.018083911389112473,0.14649568498134613,0.02114582061767578,0.43883543054527513
255,1.1917084455490112,-0.019673701375722885,0.14613579213619232,0.021346181631088257,0.43883543054527513
256,1.2642834186553955,-0.02098718285560608,0.14592134952545166,0.02119690179824829,0.4436713545521836
257,1.283503532409668,-0.01953030377626419,0.14572687447071075,0.020908087491989136,0.44411547002220575
258,1.177561640739441,-0.019260689616203308,0.14525416493415833,0.021121442317962646,0.44411547002220575
259,1.318199634552002,-0.02070004865527153,0.14439302682876587,0.020812273025512695,0.44411547002220575
260,1.247412919998169,-0.020490821450948715,0.1432056427001953,0.020969897508621216,0.4441648161855416
261,1.0801689624786377,-0.01997065357863903,0.14160747826099396,0.02153557538986206,0.44460893165556375
262,1.2147232294082642,-0.02026938833296299,0.13949136435985565,0.02054750919342041,0.4448556624722428
263,1.265916347503662,-0.02084035612642765,0.13718216121196747,0.02095392346382141,0.444806316308907
264,1.1786326169967651,-0.01966087706387043,0.13514283299446106,0.02077379822731018,0.444806316308907
265,1.2312726974487305,-0.01971105858683586,0.13368365168571472,0.020310938358306885,0.4447569701455712
266,1.197040319442749,-0.019819341599941254,0.13308492302894592,0.0200214684009552,0.444806316308907
267,1.3291889429092407,-0.019916055724024773,0.1331019103527069,0.020250320434570312,0.444806316308907
268,1.2675670385360718,-0.0188898928463459,0.13363707065582275,0.01948755979537964,0.4448556624722428
269,1.3296873569488525,-0.019455796107649803,0.1341381072998047,0.020202040672302246,0.4245250431778929
270,1.3753836154937744,-0.019553054124116898,0.1346285343170166,0.019719749689102173,0.4223538119911177
271,1.281630277633667,-0.019333364441990852,0.13482695817947388,0.01946181058883667,0.4249691586479151
272,1.328127384185791,-0.01922004111111164,0.13503167033195496,0.019833624362945557,0.4301505057981742
273,1.2423795461654663,-0.019132183864712715,0.1349935382604599,0.019666820764541626,0.43153219837157664
274,1.292540192604065,-0.019635718315839767,0.13520237803459167,0.02015477418899536,0.4411547002220577
275,1.30960214138031,-0.020255789160728455,0.13534992933273315,0.020349442958831787,0.48073032321736986
276,1.2286756038665771,-0.020611969754099846,0.1356513351202011,0.02084815502166748,0.48862570935109795
277,1.3316500186920166,-0.019836492836475372,0.13605421781539917,0.0207633376121521,0.48877374784110533
278,1.272788643836975,-0.020022157579660416,0.13677024841308594,0.020658433437347412,0.48872440167776954
279,1.2504061460494995,-0.02046903967857361,0.13757190108299255,0.020965903997421265,0.48872440167776954
280,1.3668475151062012,-0.020771630108356476,0.13865937292575836,0.020886927843093872,0.48872440167776954
281,1.2725715637207031,-0.02074577659368515,0.13978911936283112,0.020829051733016968,0.48877374784110533
282,1.2647018432617188,-0.02089369297027588,0.1409757435321808,0.021332859992980957,0.48872440167776954
283,1.2336723804473877,-0.02086535468697548,0.14214862883090973,0.02104625105857849,0.48872440167776954
284,1.1893584728240967,-0.020874150097370148,0.14341913163661957,0.021180182695388794,0.48877374784110533
285,1.3172690868377686,-0.021507158875465393,0.1440679132938385,0.02160966396331787,0.48872440167776954
286,1.196851372718811,-0.0211261585354805,0.14445354044437408,0.021241307258605957,0.48872440167776954
287,1.2757759094238281,-0.021029850468039513,0.14498230814933777,0.021504998207092285,0.48872440167776954
288,1.3926770687103271,-0.020333511754870415,0.14542274177074432,0.020705580711364746,0.48872440167776954
289,1.3735682964324951,-0.020646898075938225,0.14557211101055145,0.02134573459625244,0.48872440167776954
290,1.2458055019378662,-0.019973905757069588,0.14551278948783875,0.020107299089431763,0.48872440167776954
291,1.2107906341552734,-0.019858667626976967,0.1456177979707718,0.020022034645080566,0.48872440167776954
292,1.2023136615753174,-0.019482990726828575,0.14604626595973969,0.02000376582145691,0.48872440167776954
293,1.3218936920166016,-0.019414639100432396,0.14696654677391052,0.01964956521987915,0.48872440167776954
294,1.2412776947021484,-0.019735729321837425,0.1490187793970108,0.02000698447227478,0.48872440167776954
295,1.4361560344696045,-0.019528819248080254,0.15150970220565796,0.019678950309753418,0.48872440167776954
296,1.4221211671829224,-0.019796915352344513,0.15377889573574066,0.019910991191864014,0.48872440167776954
297,1.275256633758545,-0.019555257633328438,0.15570618212223053,0.019758671522140503,0.48872440167776954
298,1.209158182144165,-0.02056805230677128,0.15663766860961914,0.02066710591316223,0.48877374784110533
299,1.352567434310913,-0.020096534863114357,0.15742284059524536,0.020305722951889038,0.48872440167776954
300,1.2550842761993408,-0.020278342068195343,0.157426655292511,0.020411193370819092,0.48872440167776954
301,1.269178867340088,-0.019810674712061882,0.15724068880081177,0.020024895668029785,0.48872440167776954
302,1.3991717100143433,-0.019804883748292923,0.15701329708099365,0.020359426736831665,0.48872440167776954
303,1.2287836074829102,-0.019645174965262413,0.1569490134716034,0.020558983087539673,0.48872440167776954
304,1.1843044757843018,-0.01870558224618435,0.15717335045337677,0.020903795957565308,0.4888230940044411
305,1.2348768711090088,-0.017858780920505524,0.15744800865650177,0.020537614822387695,0.48872440167776954
306,1.3250492811203003,-0.018610188737511635,0.15756240487098694,0.021858960390090942,0.48872440167776954
307,1.2517061233520508,-0.019261756911873817,0.15772037208080292,0.021122723817825317,0.48872440167776954
308,1.1217491626739502,-0.02031853049993515,0.15760402381420135,0.021399378776550293,0.48872440167776954
309,1.3347206115722656,-0.021222002804279327,0.15742352604866028,0.021379023790359497,0.48862570935109795
310,1.2186806201934814,-0.02184305712580681,0.15712827444076538,0.022022604942321777,0.49005674808783617
311,1.241943120956421,-0.021360399201512337,0.15681402385234833,0.022175729274749756,0.4934122871946706
312,1.3800768852233887,-0.020979464054107666,0.1565791368484497,0.021525472402572632,0.4944485566247224
313,1.2384259700775146,-0.02118334174156189,0.15624362230300903,0.021844804286956787,0.4945965951147298
314,1.3961970806121826,-0.022043969482183456,0.1559346318244934,0.022119373083114624,0.494547248951394
315,1.3859548568725586,-0.021843621507287025,0.15565185248851776,0.02205011248588562,0.49420182580804345
316,1.2970175743103027,-0.021400149911642075,0.15563829243183136,0.022422432899475098,0.4946459412780656
317,1.29369056224823,-0.02098160609602928,0.15559901297092438,0.022450774908065796,0.49420182580804345
318,1.3579683303833008,-0.02163434773683548,0.1557646095752716,0.02250722050666809,0.4944485566247224
319,1.3923840522766113,-0.021982531994581223,0.15605323016643524,0.02223128080368042,0.48171724648408587
320,1.3241016864776611,-0.022352056577801704,0.15668551623821259,0.022427380084991455,0.474759437453738
321,1.3926637172698975,-0.022147895768284798,0.1571885198354721,0.022393077611923218,0.47303232173698495
322,1.4932646751403809,-0.022032395005226135,0.15780051052570343,0.022133737802505493,0.4727362447569701
323,1.2904202938079834,-0.022344602271914482,0.15773127973079681,0.022634834051132202,0.4790525536639526
324,1.258817195892334,-0.02281063236296177,0.15791122615337372,0.02299436926841736,0.49380705650135703
325,1.283341884613037,-0.0224441010504961,0.1582382321357727,0.022776305675506592,0.49439921046138663
326,1.367847204208374,-0.023039069026708603,0.15843848884105682,0.023267418146133423,0.49439921046138663
327,1.3710788488388062,-0.023270361125469208,0.1583610475063324,0.023508548736572266,0.49439921046138663
328,1.2181050777435303,-0.02253883332014084,0.1583339422941208,0.022798508405685425,0.49439921046138663
329,1.28193998336792,-0.02304038405418396,0.15823803842067719,0.023402750492095947,0.49439921046138663
330,1.236311674118042,-0.02319004014134407,0.1580531746149063,0.023409515619277954,0.49439921046138663
331,1.228111743927002,-0.023278290405869484,0.15765294432640076,0.023893117904663086,0.49439921046138663
332,1.4021456241607666,-0.022832300513982773,0.15695936977863312,0.023294419050216675,0.49439921046138663
333,1.1398545503616333,-0.022613385692238808,0.1560860574245453,0.023560434579849243,0.49439921046138663
334,1.2803887128829956,-0.022695083171129227,0.1551213264465332,0.023391753435134888,0.49439921046138663
335,1.2248111963272095,-0.022219590842723846,0.15459300577640533,0.023576468229293823,0.49439921046138663
336,1.307493805885315,-0.021422550082206726,0.15491895377635956,0.022571295499801636,0.49439921046138663
337,1.5091173648834229,-0.02101890556514263,0.1561068445444107,0.02285248041152954,0.49439921046138663
338,1.3876252174377441,-0.020777208730578423,0.15782536566257477,0.022180140018463135,0.49439921046138663
339,1.1736547946929932,-0.021503489464521408,0.1596853882074356,0.02306196093559265,0.49439921046138663
340,1.2450188398361206,-0.021724307909607887,0.1615440398454666,0.022068798542022705,0.49439921046138663
341,1.2640933990478516,-0.02212868444621563,0.1628837138414383,0.02222082018852234,0.49439921046138663
342,1.3080060482025146,-0.021635521203279495,0.16364483535289764,0.022075682878494263,0.49439921046138663
343,1.2283620834350586,-0.021826980635523796,0.16399677097797394,0.022384613752365112,0.49439921046138663
344,1.2809374332427979,-0.021503161638975143,0.16427427530288696,0.022774219512939453,0.49439921046138663
345,1.3020433187484741,-0.021556515246629715,0.1646127849817276,0.02255260944366455,0.49434986429805083
346,1.2290539741516113,-0.021045992150902748,0.16550502181053162,0.022486835718154907,0.49420182580804345
347,1.1515684127807617,-0.021222617477178574,0.16684114933013916,0.021910160779953003,0.49385640266469283
348,1.2321336269378662,-0.022317124530673027,0.16829876601696014,0.023108094930648804,0.494053787318036
349,1.2631824016571045,-0.02254536561667919,0.16920532286167145,0.02268967032432556,0.4933629410313348
350,1.2247247695922852,-0.022380627691745758,0.16963793337345123,0.02255377173423767,0.4917838638045892
351,1.2562642097473145,-0.022801022976636887,0.16945451498031616,0.023167788982391357,0.49074759437453735
352,1.3036799430847168,-0.022530026733875275,0.16879026591777802,0.022639930248260498,0.49005674808783617
353,1.2673546075820923,-0.022866390645503998,0.168244868516922,0.023045748472213745,0.49069824821120156
354,1.3923497200012207,-0.023203501477837563,0.16758427023887634,0.023427128791809082,0.49064890204786576
355,1.2412651777267456,-0.022915726527571678,0.16679735481739044,0.023029834032058716,0.48798420922773256
356,1.3085384368896484,-0.02254875749349594,0.16608105599880219,0.02335295081138611,0.4861090550209721
357,1.2101097106933594,-0.02140546217560768,0.16587062180042267,0.022730201482772827,0.4862570935109795
358,1.303222894668579,-0.01906016282737255,0.1657687872648239,0.02326786518096924,0.48605970885763633
359,1.2428593635559082,-0.015274804085493088,0.16597862541675568,0.022107183933258057,0.48763878608438194
360,1.2719471454620361,-0.014349953271448612,0.16595812141895294,0.024096935987472534,0.488378978534419
361,1.1013259887695312,-0.015720658004283905,0.16602380573749542,0.02265879511833191,0.4878361707377251
362,1.2156349420547485,-0.021466674283146858,0.16629420220851898,0.0232962965965271,0.48818159388107574
363,1.3306413888931274,-0.02288675680756569,0.1663927584886551,0.02393224835395813,0.48872440167776954
364,1.2776789665222168,-0.019428811967372894,0.16644738614559174,0.022948384284973145,0.490846286701209
365,1.2714612483978271,-0.020249933004379272,0.1665199100971222,0.023630470037460327,0.4939057488280286
366,1.2445805072784424,-0.02314295433461666,0.1667262762784958,0.023560702800750732,0.49370836417468544
367,1.299738883972168,-0.022579694166779518,0.16722869873046875,0.023268938064575195,0.49380705650135703
368,1.3475497961044312,-0.020535718649625778,0.16793695092201233,0.02328282594680786,0.49385640266469283
369,1.1781426668167114,-0.022413799539208412,0.16892756521701813,0.02337825298309326,0.4939057488280286
370,1.2496050596237183,-0.023819124326109886,0.17018389701843262,0.023973137140274048,0.494053787318036
371,1.1457304954528809,-0.02221791446208954,0.1714399755001068,0.023950517177581787,0.4941031334813718
372,1.197796106338501,-0.021716337651014328,0.17285162210464478,0.023454129695892334,0.4941031334813718
373,1.342874526977539,-0.023457232862710953,0.17323172092437744,0.024138808250427246,0.4940044411547002
374,1.3375359773635864,-0.02302318625152111,0.17340132594108582,0.024044901132583618,0.4939550949913644
375,1.3908345699310303,-0.021417930722236633,0.17316341400146484,0.023676961660385132,0.4940044411547002
376,1.2407193183898926,-0.022374462336301804,0.17220421135425568,0.024569004774093628,0.4939550949913644
377,1.1855653524398804,-0.023950479924678802,0.17060254514217377,0.0242459774017334,0.49370836417468544
378,1.348073959350586,-0.023386744782328606,0.1692771464586258,0.024055838584899902,0.49321490254132744
379,1.253319263458252,-0.022810477763414383,0.1678115427494049,0.024549007415771484,0.4929188255613126
380,1.300504446029663,-0.02338695339858532,0.1665213704109192,0.02409595251083374,0.4926720947446336
381,1.2315120697021484,-0.024047762155532837,0.16560466587543488,0.02412661910057068,0.4930175178879842
382,1.3068642616271973,-0.022991588339209557,0.16483785212039948,0.023729145526885986,0.492573402417962
383,1.3109993934631348,-0.022824913263320923,0.16443650424480438,0.023161381483078003,0.4933629410313348
384,1.3786051273345947,-0.022899949923157692,0.16430580615997314,0.02322065830230713,0.4934122871946706
385,1.4457420110702515,-0.022135386243462563,0.16413448750972748,0.022644609212875366,0.4933629410313348
386,1.418357253074646,-0.02209632471203804,0.1635773926973343,0.02311718463897705,0.49331359486799903
387,1.2331576347351074,-0.021972784772515297,0.162789985537529,0.022909015417099,0.49326424870466323
388,1.2315621376037598,-0.022509442642331123,0.1613173633813858,0.022896558046340942,0.4930175178879842
389,1.2558420896530151,-0.022235233336687088,0.15969090163707733,0.022590458393096924,0.49272144090796943
390,1.26365327835083,-0.022129107266664505,0.15819399058818817,0.022433727979660034,0.4927707870713052
391,1.2300660610198975,-0.021366611123085022,0.15618926286697388,0.021704107522964478,0.4921786331112756
392,1.2000682353973389,-0.021213237196207047,0.15432308614253998,0.021746933460235596,0.4920305946212682
393,1.156662106513977,-0.021269595250487328,0.15263517200946808,0.021369248628616333,0.4925240562546262
394,1.1814460754394531,-0.021012671291828156,0.15169210731983185,0.021099567413330078,0.4992351344682951
395,1.2782707214355469,-0.020494868978857994,0.15084517002105713,0.021060258150100708,0.4994325191216383
396,1.3122185468673706,-0.020361144095659256,0.15056461095809937,0.020728647708892822,0.4996792499383173
397,1.375746488571167,-0.020322639495134354,0.1500810980796814,0.02068173885345459,0.4994325191216383
398,1.2779688835144043,-0.020092327147722244,0.1495700627565384,0.0201471745967865,0.4997285961016531
399,1.288043737411499,-0.020317763090133667,0.14878977835178375,0.020381808280944824,0.4993831729583025
400,1.2003653049468994,-0.020085539668798447,0.1473841518163681,0.020284503698349,0.5008142116950407
401,1.2236346006393433,-0.019833296537399292,0.14536713063716888,0.019908815622329712,0.500222057735011
402,1.3488417863845825,-0.02032223530113697,0.14326272904872894,0.020406126976013184,0.4991364421416235
403,1.3595837354660034,-0.01974852755665779,0.14147260785102844,0.019818782806396484,0.4996792499383173
404,1.2747809886932373,-0.019149016588926315,0.1402255743741989,0.01922968029975891,0.49800148038490005
405,1.2378969192504883,-0.01929372362792492,0.13926595449447632,0.019377082586288452,0.4993831729583025
406,1.4169825315475464,-0.01869642734527588,0.13905882835388184,0.01881060004234314,0.4982482112015791
407,1.3744796514511108,-0.01850675418972969,0.13909974694252014,0.018660515546798706,0.49785344189489267
408,1.2793601751327515,-0.018158454447984695,0.1394243687391281,0.018945127725601196,0.4977054034048853
409,1.2232261896133423,-0.017437737435102463,0.1397411972284317,0.018232911825180054,0.4978040957315569
410,1.265731930732727,-0.01709170639514923,0.13948574662208557,0.0181732177734375,0.49755736491487784
411,1.2383992671966553,-0.01788916625082493,0.1385495960712433,0.01821836829185486,0.49805082654823585
412,1.3184643983840942,-0.017928598448634148,0.13794739544391632,0.018034040927886963,0.49750801875154205
413,1.2289161682128906,-0.017699604853987694,0.13764505088329315,0.018024563789367676,0.4981001727115717
414,1.2926862239837646,-0.017110954970121384,0.1373569369316101,0.017701059579849243,0.4999259807549963
415,1.34267258644104,-0.016821853816509247,0.13735809922218323,0.018022775650024414,0.5005674808783617
416,1.2721033096313477,-0.016964491456747055,0.1376398205757141,0.01756688952445984,0.500764865531705
417,1.158352255821228,-0.017570875585079193,0.13800999522209167,0.01789727807044983,0.5008635578583766
418,1.3023674488067627,-0.018257686868309975,0.1385449916124344,0.018369555473327637,0.4992844806316309
419,1.2741725444793701,-0.01783585175871849,0.13969038426876068,0.018280982971191406,0.4972119417715273
420,1.340322494506836,-0.017306610941886902,0.14077307283878326,0.018442213535308838,0.4909943251912164
421,1.130514144897461,-0.017436299473047256,0.1413080394268036,0.018123984336853027,0.49533678756476685
422,1.2075486183166504,-0.01834879256784916,0.1408926546573639,0.018812745809555054,0.5001233654083395
423,1.282395362854004,-0.018937675282359123,0.14055687189102173,0.018993020057678223,0.5015544041450777
424,1.288914680480957,-0.018911244347691536,0.14050117135047913,0.019035011529922485,0.5020972119417715
425,1.1995868682861328,-0.01882336474955082,0.14032451808452606,0.019418865442276,0.5021959042684432
426,1.2696359157562256,-0.019083039835095406,0.1403367519378662,0.019689500331878662,0.5025413274117937
427,1.3879215717315674,-0.01869235560297966,0.1404540240764618,0.019389569759368896,0.5016530964717493
428,1.2345761060714722,-0.018677955493330956,0.14060649275779724,0.01905059814453125,0.5011596348383913
429,1.2292519807815552,-0.019372915849089622,0.1400667428970337,0.019859641790390015,0.4985442881815939
430,1.327573537826538,-0.01936504617333412,0.13936252892017365,0.01951238512992859,0.49750801875154205
431,1.266419768333435,-0.019800538197159767,0.13840104639530182,0.019892781972885132,0.4983469035282507
432,1.2687911987304688,-0.019918903708457947,0.13758303225040436,0.020012199878692627,0.49701455711818404
433,1.3231217861175537,-0.01972147449851036,0.1370348185300827,0.01978743076324463,0.49726128793486307
434,1.1940300464630127,-0.019811874255537987,0.13677993416786194,0.020105630159378052,0.49948186528497407
435,1.4469330310821533,-0.020098062232136726,0.13613282144069672,0.020210593938827515,0.49750801875154205
436,1.3246431350708008,-0.020041802898049355,0.13554073870182037,0.020225852727890015,0.49740932642487046
437,1.2080025672912598,-0.02010657824575901,0.13469432294368744,0.020173996686935425,0.49474463360473725
438,1.2444415092468262,-0.019996406510472298,0.13368219137191772,0.020065665245056152,0.4933629410313348
439,1.2670044898986816,-0.0200694277882576,0.13300105929374695,0.02023330330848694,0.49370836417468544
440,1.2658238410949707,-0.020111270248889923,0.1330786496400833,0.020204484462738037,0.49222797927461137
441,1.3405332565307617,-0.01930779591202736,0.13301284611225128,0.019455701112747192,0.491339748334567
442,1.2630844116210938,-0.01943325437605381,0.1323617398738861,0.01949000358581543,0.49015544041450776
443,1.2233860492706299,-0.019417155534029007,0.13139960169792175,0.01946088671684265,0.49064890204786576
444,1.2409613132476807,-0.019315527752041817,0.1299661248922348,0.019446134567260742,0.48872440167776954
445,1.3197249174118042,-0.018948838114738464,0.12872174382209778,0.019109755754470825,0.4888230940044411
446,1.1941945552825928,-0.01839357614517212,0.1272539347410202,0.019014745950698853,0.4894152479644708
447,1.2552831172943115,-0.017466817051172256,0.12607647478580475,0.0185641348361969,0.4903034789045152
448,1.3111815452575684,-0.015572995878756046,0.12522485852241516,0.018676280975341797,0.49010609425117196
449,1.4577958583831787,-0.012307855300605297,0.1244882270693779,0.017823249101638794,0.4899087095978288
450,1.2811994552612305,-0.010844666510820389,0.12409472465515137,0.018562614917755127,0.4842339008142117
451,1.3296270370483398,-0.012185119092464447,0.12396097928285599,0.01825055480003357,0.4827041697508019
452,1.1779940128326416,-0.016793085262179375,0.12384471297264099,0.018839150667190552,0.48176659264742167
453,1.361948013305664,-0.01785622350871563,0.1239253431558609,0.0181255042552948,0.4760917838638046
454,1.2769834995269775,-0.015414007939398289,0.12444797903299332,0.01806741952896118,0.46459412780656306
455,1.1844968795776367,-0.014158814214169979,0.12492820620536804,0.01863706111907959,0.4666173205033309
456,1.3656539916992188,-0.01671777293086052,0.12490519881248474,0.018119096755981445,0.47095978287688134
457,1.3009889125823975,-0.018376044929027557,0.12494994699954987,0.018521130084991455,0.47772020725388603
458,1.3320095539093018,-0.016320742666721344,0.12482107430696487,0.019427359104156494,0.48877374784110533
459,1.129774808883667,-0.015188554301857948,0.12520819902420044,0.018608003854751587,0.491339748334567
460,1.247150182723999,-0.018381711095571518,0.1255037635564804,0.01908394694328308,0.4919319022945966
461,1.397930383682251,-0.017847606912255287,0.12595227360725403,0.01886308193206787,0.49597828768813224
462,1.210796594619751,-0.016150612384080887,0.12608052790164948,0.018686354160308838,0.5000740192450037
463,1.2709128856658936,-0.017841389402747154,0.12582258880138397,0.019132256507873535,0.5016530964717493
464,1.2590124607086182,-0.019167086109519005,0.12589776515960693,0.019421011209487915,0.5028867505551443
465,1.388669729232788,-0.017812764272093773,0.12609915435314178,0.018896639347076416,0.5009622501850481
466,1.252122163772583,-0.017895570024847984,0.12674874067306519,0.018911123275756836,0.500764865531705
467,1.268899917602539,-0.01925433985888958,0.1272619515657425,0.019303500652313232,0.4998766345916605
468,1.2777600288391113,-0.018794169649481773,0.1274949312210083,0.019250988960266113,0.4985442881815939
469,1.198144793510437,-0.018188009038567543,0.12762080132961273,0.01912510395050049,0.5019985196150999
470,1.2187347412109375,-0.019101757556200027,0.12771457433700562,0.019217967987060547,0.5017024426350851
471,1.3327107429504395,-0.01923220232129097,0.12806068360805511,0.019360274076461792,0.5047619047619047
472,1.3432152271270752,-0.018407566472887993,0.1280485838651657,0.01910516619682312,0.5031334813718233
473,1.2235300540924072,-0.0186389721930027,0.12826834619045258,0.018852710723876953,0.5044164816185541
474,1.3685356378555298,-0.0189741812646389,0.1280340999364853,0.01902395486831665,0.5031334813718233
475,1.316872477531433,-0.018036672845482826,0.12775640189647675,0.018493294715881348,0.5023932889217864
476,1.1601178646087646,-0.01876845955848694,0.12707246840000153,0.019045144319534302,0.4997285961016531
477,1.274876356124878,-0.01865317113697529,0.1260291039943695,0.018829554319381714,0.491586479151246
478,1.1799376010894775,-0.01841787062585354,0.12514103949069977,0.018570363521575928,0.4853688625709351
479,1.1510107517242432,-0.01844359189271927,0.1237652525305748,0.01869785785675049,0.47984209227732544
480,1.292665958404541,-0.01821095496416092,0.12328016757965088,0.018627971410751343,0.47880582284727363
481,1.3976044654846191,-0.018938228487968445,0.12198593467473984,0.018995553255081177,0.48655317049099434
482,1.273777961730957,-0.0180676132440567,0.12136862426996231,0.018150418996810913,0.48196397730076485
483,1.3304686546325684,-0.017964748665690422,0.12120457738637924,0.018530219793319702,0.488378978534419
484,1.2092630863189697,-0.018250485882163048,0.12094493210315704,0.01847180724143982,0.49533678756476685
485,1.3377292156219482,-0.01831524446606636,0.1209588572382927,0.01850256323814392,0.4986923266716013
486,1.1166114807128906,-0.018554620444774628,0.12115568667650223,0.01877957582473755,0.5070318282753515
487,1.322840929031372,-0.018466155976057053,0.12149585783481598,0.01871529221534729,0.5093017517887984
488,1.3775856494903564,-0.01826458051800728,0.12181980162858963,0.01867005228996277,0.511127559832223
489,1.150519847869873,-0.018604647368192673,0.12172578275203705,0.018744677305221558,0.511374290648902
490,1.1734397411346436,-0.018574893474578857,0.12106040865182877,0.01871323585510254,0.5105354058721935
491,1.2477538585662842,-0.018777716904878616,0.11971522867679596,0.018950998783111572,0.5057488280286208
492,1.411919355392456,-0.018789703026413918,0.11837166547775269,0.018954336643218994,0.49538613372810264
493,1.2734999656677246,-0.018219273537397385,0.11767466366291046,0.018630027770996094,0.48709597828768814
494,1.1885416507720947,-0.018489044159650803,0.11669185757637024,0.018566370010375977,0.4831976313841599
495,1.2623481750488281,-0.017839957028627396,0.11550578474998474,0.017975717782974243,0.4821613619541081
496,1.1701314449310303,-0.01794617436826229,0.1138712614774704,0.01835799217224121,0.48117443868739207
497,1.147997498512268,-0.018485691398382187,0.11165396869182587,0.018560856580734253,0.4838391315075253
498,1.2446608543395996,-0.017723441123962402,0.10967529565095901,0.01782175898551941,0.49124105600789536
499,1.3293654918670654,-0.01769028790295124,0.1080697774887085,0.017781555652618408,0.4988897113249445
