,loss_g,loss_d,loss_test,w_distance,acc
0,1.6608935594558716,6.77428674697876,0.08064893633127213,-7.963180541992188e-05,0.18556753980482793
1,1.8064179420471191,5.778803825378418,0.08068399131298065,-9.785592555999756e-05,0.19291217257318952
2,1.7414952516555786,4.588587284088135,0.08069287240505219,-0.00016839802265167236,0.1894196199280945
3,1.7489473819732666,3.1224241256713867,0.0809401348233223,-0.00017653405666351318,0.1955315870570108
4,1.864525318145752,1.845487117767334,0.08139840513467789,-0.00024127960205078125,0.19275808936825886
5,1.727479100227356,0.5999324321746826,0.0820247009396553,-0.00037936121225357056,0.19989727786337955
6,1.9966535568237305,0.06506410241127014,0.08249904215335846,-0.0006028339266777039,0.2016949152542373
7,1.8514094352722168,0.3679468333721161,0.0835072323679924,-0.0007542073726654053,0.20431432973805855
8,1.806343674659729,1.061800241470337,0.08465129137039185,-0.0009602755308151245,0.20832049306625577
9,1.821372151374817,1.1079647541046143,0.085446797311306,-0.0008977577090263367,0.21787365177195686
10,1.9461356401443481,0.49237197637557983,0.08704444020986557,-0.0007583871483802795,0.21715459681561378
11,1.5266793966293335,0.06904293596744537,0.08896826207637787,-0.00039958953857421875,0.2170518746789933
12,1.7742681503295898,0.15774476528167725,0.09134762734174728,-8.974224328994751e-05,0.23246019517205957
13,1.784883737564087,0.36292335391044617,0.09370092302560806,-0.0002514943480491638,0.23430919363122754
14,1.805860161781311,0.5398573875427246,0.09639069437980652,-0.00017442554235458374,0.24180790960451978
15,1.8261836767196655,0.500261664390564,0.09925214946269989,-0.00042516738176345825,0.2517719568567026
16,1.9356945753097534,0.42126521468162537,0.10196775943040848,-0.0004702731966972351,0.25916795069337445
17,1.770918607711792,0.3136553466320038,0.1053619235754013,-0.00101432204246521,0.2712378017462763
18,1.7415205240249634,0.19413872063159943,0.10837458074092865,-0.0011363178491592407,0.28207498715973295
19,1.7764242887496948,0.11437381058931351,0.11186571419239044,-0.0013678893446922302,0.2869029275808937
20,1.7738687992095947,0.0744578018784523,0.11506012082099915,-0.0017477422952651978,0.29938366718027737
21,1.7203608751296997,0.06064460054039955,0.11762674897909164,-0.001932986080646515,0.30970724191063176
22,1.6781864166259766,0.055392030626535416,0.11978531628847122,-0.002310924232006073,0.31874678993323063
23,1.7919890880584717,0.05434013158082962,0.12118226289749146,-0.0026856660842895508,0.3232152028762198
24,1.6732155084609985,0.053012628108263016,0.12251345813274384,-0.0025162622332572937,0.3300462249614792
25,1.6958335638046265,0.08142820745706558,0.1235988438129425,-0.002788729965686798,0.3354391371340524
26,1.7484382390975952,0.09157409518957138,0.12401428073644638,-0.0028774067759513855,0.34031843862352334
27,1.770987629890442,0.1298692226409912,0.12453857064247131,-0.0030119940638542175,0.3426296866974833
28,1.7816327810287476,0.12867632508277893,0.12480352818965912,-0.0034000426530838013,0.34740626605033387
29,1.76474928855896,0.20445865392684937,0.12523223459720612,-0.003416001796722412,0.3544427324088341
30,1.7996047735214233,0.22462943196296692,0.12576870620250702,-0.003337480127811432,0.3568567026194145
31,1.9604519605636597,0.1868898719549179,0.1262628585100174,-0.0034441351890563965,0.3637390857729841
32,1.6589794158935547,0.21090522408485413,0.12679079174995422,-0.0035361871123313904,0.36954288649203904
33,1.6816831827163696,0.182320237159729,0.12697561085224152,-0.0033587589859962463,0.3738572162300976
34,1.6840929985046387,0.1938621699810028,0.12748248875141144,-0.0036514773964881897,0.379763739085773
35,1.603073239326477,0.16123610734939575,0.12790434062480927,-0.0037631019949913025,0.3878787878787879
36,1.6941585540771484,0.15960703790187836,0.12827032804489136,-0.003725007176399231,0.3878787878787879
37,1.6645333766937256,0.12431208044290543,0.12847395241260529,-0.0037315189838409424,0.3951720595788392
38,1.595072627067566,0.10981793701648712,0.12896867096424103,-0.004061676561832428,0.40061633281972264
39,1.786704182624817,0.07292822748422623,0.12929841876029968,-0.003990650177001953,0.4071391884951207
40,1.7724862098693848,0.06797557324171066,0.12994681298732758,-0.003745250403881073,0.41068310220852594
41,1.7008652687072754,0.05209903046488762,0.13027673959732056,-0.004108123481273651,0.41658962506420133
42,1.7011563777923584,0.045939601957798004,0.13067616522312164,-0.0037985891103744507,0.4216743708269132
43,1.7496763467788696,0.038963012397289276,0.13094939291477203,-0.0036991462111473083,0.4249101181304571
44,1.8343961238861084,0.03350774943828583,0.13128477334976196,-0.0038909167051315308,0.4269131997945557
45,1.6673240661621094,0.031166922301054,0.13138793408870697,-0.004074349999427795,0.42732408834103747
46,1.770037293434143,0.03703925013542175,0.13157697021961212,-0.004066981375217438,0.43071391884951205
47,1.6873931884765625,0.031100943684577942,0.13164684176445007,-0.0040593221783638,0.4300975860297894
48,1.6254082918167114,0.04391850158572197,0.13174834847450256,-0.004021242260932922,0.4290190035952748
49,1.607255220413208,0.03799717128276825,0.13181744515895844,-0.004157915711402893,0.42984078068823833
50,1.728635549545288,0.033324651420116425,0.13181327283382416,-0.0038220956921577454,0.4303030303030303
51,1.7116371393203735,0.038590963929891586,0.1317136436700821,-0.004348523914813995,0.4295839753466872
52,1.6424506902694702,0.03754301741719246,0.1316877007484436,-0.004010409116744995,0.43081664098613254
53,1.5177037715911865,0.03828403726220131,0.13164262473583221,-0.0037384033203125,0.42922444786851566
54,1.5980199575424194,0.025752821937203407,0.13149544596672058,-0.003934226930141449,0.4306111967128916
55,1.6434403657913208,0.02204047702252865,0.13170628249645233,-0.003888078033924103,0.436979969183359
56,1.5901297330856323,0.026615463197231293,0.13191697001457214,-0.004068069159984589,0.4382126348228043
57,1.5487821102142334,0.023308588191866875,0.13177822530269623,-0.003784283995628357,0.4387776065742167
58,1.787421703338623,0.02538715861737728,0.13182801008224487,-0.00385168194770813,0.44001027221366207
59,1.6393071413040161,0.02449909597635269,0.13186727464199066,-0.0036874040961265564,0.43923985618900874
60,1.661383867263794,0.02624809741973877,0.1319877952337265,-0.0038651302456855774,0.44021571648690294
61,1.6951655149459839,0.038690611720085144,0.13201691210269928,-0.0037482082843780518,0.44201335387776064
62,1.6174569129943848,0.03609492629766464,0.132005974650383,-0.003296598792076111,0.4409861325115562
63,1.7172653675079346,0.03452201560139656,0.13208457827568054,-0.003521934151649475,0.4421160760143811
64,1.8879375457763672,0.035535816103219986,0.13236065208911896,-0.003678716719150543,0.4422701592193118
65,1.7458786964416504,0.031082652509212494,0.1324797421693802,-0.0036938488483428955,0.4399075500770416
66,1.7665488719940186,0.03222600370645523,0.13263481855392456,-0.00350932776927948,0.43805855161787366
67,1.7061429023742676,0.03609232231974602,0.13280726969242096,-0.0033530592918395996,0.4364663585002568
68,1.6472989320755005,0.02607238106429577,0.13301031291484833,-0.0034805163741111755,0.4356959424756035
69,1.7320855855941772,0.033096253871917725,0.13302691280841827,-0.0034785419702529907,0.4371340523882897
70,1.8552156686782837,0.040073029696941376,0.13317656517028809,-0.00336533784866333,0.4360041088854648
71,1.8470743894577026,0.03100806474685669,0.13336488604545593,-0.0030881091952323914,0.4352336928608115
72,1.698177456855774,0.020093990489840508,0.13351446390151978,-0.0029163137078285217,0.4353877760657422
73,1.6746073961257935,0.019089270383119583,0.13358063995838165,-0.0029630064964294434,0.4353877760657422
74,1.710188865661621,0.01706589385867119,0.13364914059638977,-0.002980545163154602,0.4359527478171546
75,1.7286189794540405,0.017618026584386826,0.133707195520401,-0.0030897706747055054,0.4354391371340524
76,1.675444483757019,0.01713521219789982,0.1338045597076416,-0.0027684420347213745,0.43554185927067285
77,1.679175853729248,0.02113492414355278,0.13383056223392487,-0.0029336437582969666,0.4352850539291217
78,1.6261721849441528,0.01595480740070343,0.13387207686901093,-0.0027714967727661133,0.4349768875192604
79,1.599000334739685,0.023491105064749718,0.13389424979686737,-0.0029171183705329895,0.4356445814072933
80,1.5722426176071167,0.020981434732675552,0.13388276100158691,-0.0027618035674095154,0.4359527478171546
81,1.671997308731079,0.023924967274069786,0.13393858075141907,-0.0028459876775741577,0.43610683102208525
82,1.6728394031524658,0.019442394375801086,0.13392330706119537,-0.002766534686088562,0.4353877760657422
83,1.729260802268982,0.01869170367717743,0.1338939368724823,-0.0025438889861106873,0.43579866461222394
84,1.784570336341858,0.01400089357048273,0.13388623297214508,-0.0024485215544700623,0.4353364149974319
85,1.668776273727417,0.014749711379408836,0.13391242921352386,-0.00235188752412796,0.4352336928608115
86,1.6870429515838623,0.013552270829677582,0.13389798998832703,-0.0025119781494140625,0.43559322033898307
87,1.6620140075683594,0.012562183663249016,0.13382650911808014,-0.0025348812341690063,0.4345146379044684
88,1.7889734506607056,0.013446393422782421,0.13375219702720642,-0.0023633241653442383,0.43425783256291733
89,1.7073413133621216,0.013255603611469269,0.13356947898864746,-0.002609841525554657,0.43415511042629684
90,1.7070460319519043,0.017604544758796692,0.13350094854831696,-0.0023327097296714783,0.43389830508474575
91,1.7910770177841187,0.01177527941763401,0.1333284080028534,-0.002262882888317108,0.4328197226502311
92,1.8197025060653687,0.010579642839729786,0.1332729011774063,-0.002439074218273163,0.43117616846430407
93,1.7329187393188477,0.014808587729930878,0.13326551020145416,-0.0024745911359786987,0.43297380585516176
94,1.549068808555603,0.012632784433662891,0.13316850364208221,-0.0025196820497512817,0.43204930662557783
95,1.7346665859222412,0.014467766508460045,0.13318772614002228,-0.0024450942873954773,0.4322033898305085
96,1.6966599225997925,0.015541712753474712,0.1332281082868576,-0.0023529380559921265,0.43112480739599385
97,1.6873064041137695,0.01976780779659748,0.1331321895122528,-0.0024590492248535156,0.4302516692347201
98,1.6108109951019287,0.018842797726392746,0.13313302397727966,-0.0025941655039787292,0.42942989214175653
99,1.6766811609268188,0.011243547312915325,0.1330866664648056,-0.00224999338388443,0.4300975860297894
100,1.710737943649292,0.011351261287927628,0.13313303887844086,-0.002436406910419464,0.42737544940934774
101,1.854348063468933,0.011115822941064835,0.13306288421154022,-0.0024752169847488403,0.42824858757062145
102,1.6877837181091309,0.012323405593633652,0.13307861983776093,-0.0026999861001968384,0.4285567539804828
103,1.6619523763656616,0.015456697903573513,0.1330690234899521,-0.002555370330810547,0.42953261427837697
104,1.6354942321777344,0.0162276029586792,0.1330629140138626,-0.0027228891849517822,0.42865947611710326
105,1.598193883895874,0.014583924785256386,0.13312914967536926,-0.0025933310389518738,0.4287621982537237
106,1.6513680219650269,0.014728781767189503,0.13312964141368866,-0.0028287097811698914,0.4293785310734463
107,1.6696105003356934,0.014416944235563278,0.13303425908088684,-0.0027834847569465637,0.42953261427837697
108,1.6442846059799194,0.015649642795324326,0.13303430378437042,-0.0023291409015655518,0.4293271700051361
109,1.630483865737915,0.016554880887269974,0.1331431269645691,-0.002458803355693817,0.4291217257318952
110,1.68671715259552,0.013354798778891563,0.13315123319625854,-0.0025603249669075012,0.42922444786851566
111,1.6992619037628174,0.009177985601127148,0.13322138786315918,-0.0026181787252426147,0.4313302516692347
112,1.577530026435852,0.012665332295000553,0.1334630697965622,-0.0026842132210731506,0.4325115562403698
113,1.835179328918457,0.013822255656123161,0.13351376354694366,-0.0025450363755226135,0.433025166923472
114,1.635325312614441,0.011921828612685204,0.13363081216812134,-0.0027456730604171753,0.43461736004108886
115,1.7216285467147827,0.01149961818009615,0.13379858434200287,-0.0026280805468559265,0.43359013867488444
116,1.62363600730896,0.015417680144309998,0.1338711529970169,-0.002617776393890381,0.43328197226502313
117,1.7208731174468994,0.013695724308490753,0.1339530646800995,-0.002514861524105072,0.4354391371340524
118,1.6462194919586182,0.009525150991976261,0.13398240506649017,-0.002083025872707367,0.4349768875192604
119,1.659189224243164,0.014871085062623024,0.13401006162166595,-0.002371072769165039,0.43579866461222394
120,1.721169352531433,0.013233925215899944,0.13407284021377563,-0.00238674134016037,0.43554185927067285
121,1.7423609495162964,0.013020271435379982,0.1340428590774536,-0.0022886767983436584,0.4362095531587057
122,1.7620731592178345,0.011935488320887089,0.13411138951778412,-0.0023474767804145813,0.43518233179250126
123,1.8298168182373047,0.008195427246391773,0.13410355150699615,-0.0019435733556747437,0.43615819209039547
124,1.6837828159332275,0.010445539839565754,0.1341189742088318,-0.0019534602761268616,0.4362609142270159
125,1.8292714357376099,0.012153441086411476,0.1341136395931244,-0.0019885823130607605,0.43579866461222394
126,1.8163243532180786,0.010630789212882519,0.13410991430282593,-0.0021740347146987915,0.43605546995377503
127,1.6765612363815308,0.011123580858111382,0.1341218501329422,-0.002065986394882202,0.4357473035439137
128,1.730858564376831,0.010173577815294266,0.13413625955581665,-0.0019679293036460876,0.43585002568053416
129,1.6681313514709473,0.008684891276061535,0.13411618769168854,-0.0018820539116859436,0.4356959424756035
130,1.7334985733032227,0.012645391747355461,0.13412244617938995,-0.0018950626254081726,0.43579866461222394
131,1.5734795331954956,0.010672985576093197,0.1341518759727478,-0.0018212497234344482,0.4357473035439137
132,1.847670555114746,0.01101477351039648,0.13415418565273285,-0.0017581433057785034,0.4362609142270159
133,1.7023565769195557,0.016097314655780792,0.13415351510047913,-0.0018129423260688782,0.43559322033898307
134,1.65186607837677,0.010348930954933167,0.13413609564304352,-0.0017210841178894043,0.4356445814072933
135,1.6458534002304077,0.010370478965342045,0.13416840136051178,-0.0016367286443710327,0.43579866461222394
136,1.6219127178192139,0.010643983259797096,0.13415054976940155,-0.0015508830547332764,0.4360041088854648
137,1.6596879959106445,0.00850524753332138,0.13416391611099243,-0.001605011522769928,0.43610683102208525
138,1.698807716369629,0.011012937873601913,0.13414809107780457,-0.0014374181628227234,0.4360041088854648
139,1.769436001777649,0.006476076785475016,0.1341523826122284,-0.0013311952352523804,0.43605546995377503
140,1.6832503080368042,0.009004351682960987,0.13416334986686707,-0.0013561025261878967,0.43615819209039547
141,1.7490757703781128,0.00799568835645914,0.13415852189064026,-0.0016032010316848755,0.4357473035439137
142,1.6711896657943726,0.00978371873497963,0.1341807097196579,-0.0012983307242393494,0.43605546995377503
143,1.7003250122070312,0.009022247046232224,0.13415537774562836,-0.0011054575443267822,0.4359527478171546
144,1.6464757919311523,0.009265855886042118,0.1341625452041626,-0.0012106746435165405,0.43559322033898307
145,1.7114696502685547,0.014921372756361961,0.1341569870710373,-0.0011128336191177368,0.4359527478171546
146,1.694197177886963,0.0073398263193666935,0.13416625559329987,-0.0008123144507408142,0.4362095531587057
147,1.5656629800796509,0.009592920541763306,0.13415099680423737,-0.0008078590035438538,0.4359527478171546
148,1.6646144390106201,0.00822406355291605,0.1341654509305954,-0.0006062686443328857,0.4357473035439137
149,1.704990267753601,0.008244667202234268,0.13414795696735382,-0.0008520260453224182,0.43615819209039547
150,1.629600167274475,0.008030502125620842,0.13414835929870605,-0.0007749944925308228,0.4356959424756035
151,1.6745803356170654,0.008033829741179943,0.13415761291980743,-0.0008068233728408813,0.4359013867488444
152,1.7031795978546143,0.006550350226461887,0.13416463136672974,-0.0005748718976974487,0.43579866461222394
153,1.6366300582885742,0.008577585220336914,0.13415436446666718,-0.000616028904914856,0.43605546995377503
154,1.6272666454315186,0.01132824458181858,0.1341562420129776,-0.00048820674419403076,0.43605546995377503
155,1.7256370782852173,0.007132355123758316,0.1341698318719864,-0.00045790523290634155,0.4363122752953261
156,1.5733801126480103,0.008741457015275955,0.1341535598039627,-0.00033561885356903076,0.43605546995377503
157,1.677398443222046,0.008186865597963333,0.134164497256279,-0.00034102052450180054,0.4360041088854648
158,1.5433992147445679,0.01045665517449379,0.13413529098033905,-0.00030321627855300903,0.4356445814072933
159,1.794799566268921,0.008586524054408073,0.1341397911310196,-0.00015763938426971436,0.4357473035439137
160,1.7686913013458252,0.006902167107909918,0.13414761424064636,6.0304999351501465e-05,0.43605546995377503
161,1.7519376277923584,0.0063764662481844425,0.13416457176208496,-0.00023630261421203613,0.4359013867488444
162,1.733875036239624,0.006430729757994413,0.13415125012397766,5.545467138290405e-05,0.4362095531587057
163,1.6738091707229614,0.007622207514941692,0.13413138687610626,0.00016366690397262573,0.4362609142270159
164,1.587264895439148,0.006050541996955872,0.13412724435329437,3.214925527572632e-05,0.43615819209039547
165,1.7088639736175537,0.004870526026934385,0.1341390460729599,0.00012446939945220947,0.4360041088854648
166,1.7713220119476318,0.005636588204652071,0.1341552585363388,0.0003721490502357483,0.43615819209039547
167,1.587118148803711,0.00543269794434309,0.13414525985717773,0.00039659440517425537,0.4362609142270159
168,1.6867573261260986,0.006637324579060078,0.13414131104946136,0.0003704652190208435,0.4359527478171546
169,1.7418802976608276,0.007356952875852585,0.13412299752235413,0.0006642341613769531,0.4362095531587057
170,1.6477901935577393,0.0051445867866277695,0.13411258161067963,0.000573866069316864,0.43610683102208525
171,1.6502965688705444,0.007216624915599823,0.13412705063819885,0.0006311014294624329,0.43636363636363634
172,1.6248747110366821,0.005931036081165075,0.1340411901473999,0.0006674006581306458,0.43641499743194656
173,1.5694191455841064,0.0033911792561411858,0.13400159776210785,0.0004681050777435303,0.4368772470467386
174,1.5852696895599365,0.0074176546186208725,0.1339232176542282,0.000594310462474823,0.4378531073446328
175,1.8302826881408691,0.0041774059645831585,0.13376960158348083,0.0005412772297859192,0.4384694401643554
176,1.8178462982177734,0.005358736030757427,0.13366465270519257,0.0009447112679481506,0.4404211607601438
177,1.5831040143966675,0.005503526888787746,0.1335577666759491,0.0007177442312240601,0.44565998972778637
178,1.6512088775634766,0.003628186881542206,0.13364949822425842,0.0009986534714698792,0.4497175141242938
179,1.6574149131774902,0.0037862122990190983,0.13392125070095062,0.000919342041015625,0.45233692860811503
180,1.7002880573272705,0.005962285678833723,0.13403408229351044,0.0008263364434242249,0.453261427837699
181,1.7446138858795166,0.004168012645095587,0.13412676751613617,0.0010538101196289062,0.4536723163841808
182,1.797572374343872,0.004261374939233065,0.13417382538318634,0.0008851885795593262,0.45408320493066257
183,1.6593236923217773,0.003627491183578968,0.1341710388660431,0.0012855753302574158,0.45428864920390344
184,1.6535180807113647,0.004394752439111471,0.13417834043502808,0.0011945590376853943,0.45434001027221366
185,1.562703251838684,0.004092661198228598,0.13416510820388794,0.0011288076639175415,0.4542372881355932
186,1.8137933015823364,0.003678620792925358,0.1341753453016281,0.0012120530009269714,0.45398048279404213
187,1.7428961992263794,0.0035363822244107723,0.1341833770275116,0.0012151971459388733,0.4542372881355932
188,1.729743480682373,0.004567835014313459,0.13419075310230255,0.0013481751084327698,0.45403184386235235
189,1.6873843669891357,0.0030252691358327866,0.13418014347553253,0.001280762255191803,0.45403184386235235
190,1.715267539024353,0.004186589270830154,0.1341952085494995,0.0013663619756698608,0.4543913713405239
191,1.7917554378509521,0.0038860058411955833,0.13419003784656525,0.0012813135981559753,0.4543913713405239
192,1.7125221490859985,0.005437628831714392,0.134197399020195,0.001404590904712677,0.4539291217257319
193,1.7527424097061157,0.003613259643316269,0.13419237732887268,0.001612052321434021,0.45408320493066257
194,1.7338855266571045,0.0044220080599188805,0.13418461382389069,0.0015970095992088318,0.45434001027221366
195,1.8822383880615234,0.0032779648900032043,0.13418439030647278,0.0015598461031913757,0.45434001027221366
196,1.8070074319839478,0.0038899551145732403,0.13418802618980408,0.0015758797526359558,0.454185927067283
197,1.678079605102539,0.003976045176386833,0.13419748842716217,0.0016538649797439575,0.4542372881355932
198,1.7394191026687622,0.003187360242009163,0.13419505953788757,0.0018693134188652039,0.4544427324088341
199,1.6481600999832153,0.004941241815686226,0.13418516516685486,0.0018420740962028503,0.4541345659989728
200,1.6309053897857666,0.0034792027436196804,0.13419529795646667,0.001957148313522339,0.4544427324088341
201,1.8047775030136108,0.0035456926561892033,0.13419091701507568,0.001940406858921051,0.4544940934771443
202,1.8903731107711792,0.0063145095482468605,0.13420061767101288,0.0018981173634529114,0.4544940934771443
203,1.633943796157837,0.0029458063654601574,0.13419276475906372,0.0019719451665878296,0.4541345659989728
204,1.6901382207870483,0.006368590518832207,0.13418780267238617,0.00200653076171875,0.454185927067283
205,1.6389397382736206,0.0033752666786313057,0.1341998428106308,0.0021163150668144226,0.4544940934771443
206,1.7252438068389893,0.002803014125674963,0.13419128954410553,0.0023913979530334473,0.45428864920390344
207,1.6841888427734375,0.0035827425308525562,0.13419924676418304,0.0022565796971321106,0.4544940934771443
208,1.7610074281692505,0.005500352010130882,0.13419848680496216,0.0024014562368392944,0.4543913713405239
209,1.6309378147125244,0.003103851340711117,0.1341993808746338,0.0024848580360412598,0.45434001027221366
210,1.763124942779541,0.0017168959602713585,0.1342046856880188,0.0022587552666664124,0.4542372881355932
211,1.583855152130127,0.003380316309630871,0.13419480621814728,0.0023293793201446533,0.45434001027221366
212,1.8895868062973022,0.007008077576756477,0.134190171957016,0.0022936686873435974,0.45428864920390344
213,1.7440521717071533,0.0031525753438472748,0.13419146835803986,0.002584896981716156,0.45434001027221366
214,1.6335511207580566,0.004267378710210323,0.1341904252767563,0.0025561898946762085,0.4542372881355932
215,1.6298214197158813,0.006175503134727478,0.13420166075229645,0.0027305632829666138,0.45428864920390344
216,1.7170594930648804,0.002493414096534252,0.13419054448604584,0.002766937017440796,0.45434001027221366
217,1.715713620185852,0.004585901275277138,0.1341913938522339,0.0029377490282058716,0.4541345659989728
218,1.6529556512832642,0.006369340233504772,0.13420386612415314,0.002870410680770874,0.45434001027221366
219,1.5207133293151855,0.002166010905057192,0.1342019885778427,0.0031146183609962463,0.4543913713405239
220,1.5938094854354858,0.0020074774511158466,0.1341937929391861,0.0029289722442626953,0.4542372881355932
221,1.7343467473983765,0.0035606129094958305,0.1342097818851471,0.003116019070148468,0.45434001027221366
222,1.7096256017684937,0.004962826147675514,0.1341945230960846,0.0030897557735443115,0.454185927067283
223,1.8319528102874756,0.005106248892843723,0.13420546054840088,0.003345303237438202,0.45408320493066257
224,1.8011168241500854,0.002263094764202833,0.13420413434505463,0.003281697630882263,0.4543913713405239
225,1.496599555015564,0.009745491668581963,0.13419567048549652,0.0033293217420578003,0.4542372881355932
226,1.8114981651306152,0.0028829872608184814,0.13420288264751434,0.003490641713142395,0.45434001027221366
227,1.7555221319198608,0.007164508104324341,0.1341865360736847,0.0033302009105682373,0.4542372881355932
228,1.8070380687713623,0.003922722768038511,0.13419963419437408,0.003243550658226013,0.4542372881355932
229,1.759522795677185,0.004185946192592382,0.13419677317142487,0.0033462047576904297,0.45408320493066257
230,1.7126035690307617,0.006007367745041847,0.13420137763023376,0.0034446194767951965,0.4544427324088341
231,1.8312969207763672,0.011081185191869736,0.13421180844306946,0.003683909773826599,0.454185927067283
232,1.7269972562789917,0.009861379861831665,0.13421238958835602,0.0034535229206085205,0.45434001027221366
233,1.6612188816070557,0.009674392640590668,0.13419394195079803,0.0035769566893577576,0.4541345659989728
234,1.567230463027954,0.011634774506092072,0.13419963419437408,0.003924235701560974,0.4542372881355932
235,1.6803196668624878,0.02053259313106537,0.1341957449913025,0.0038674920797348022,0.45434001027221366
236,1.7456071376800537,0.015618033707141876,0.1342000961303711,0.0038864240050315857,0.4541345659989728
237,1.5714428424835205,0.025954928249120712,0.13420213758945465,0.003605656325817108,0.4542372881355932
238,1.7846637964248657,0.011667640879750252,0.13421319425106049,0.0039067938923835754,0.454185927067283
239,1.658605933189392,0.015338484197854996,0.13420234620571136,0.003916651010513306,0.45434001027221366
240,1.8280572891235352,0.017041858285665512,0.1341988891363144,0.003977753221988678,0.4542372881355932
241,1.7120236158370972,0.016877204179763794,0.13420908153057098,0.004010908305644989,0.45428864920390344
242,1.6253793239593506,0.01503526046872139,0.13419649004936218,0.004006177186965942,0.4542372881355932
243,1.7195117473602295,0.01721794717013836,0.13419975340366364,0.0038643181324005127,0.45434001027221366
244,1.677997350692749,0.007691962644457817,0.13420720398426056,0.0040332600474357605,0.4544427324088341
245,1.7534408569335938,0.01186792179942131,0.1342018097639084,0.004159606993198395,0.45428864920390344
246,1.6199215650558472,0.009904405102133751,0.13420487940311432,0.00409989058971405,0.4543913713405239
247,1.750784993171692,0.01277179829776287,0.1342058926820755,0.004278585314750671,0.4543913713405239
248,1.734864592552185,0.007389266975224018,0.13420680165290833,0.004265345633029938,0.4542372881355932
249,1.7176803350448608,0.013656970113515854,0.13420645892620087,0.0044846683740615845,0.4543913713405239
250,1.630712628364563,0.01937732845544815,0.13420501351356506,0.004478856921195984,0.45428864920390344
251,1.7300076484680176,0.007342729717493057,0.134203240275383,0.00495467334985733,0.45403184386235235
252,1.792237401008606,0.008404058404266834,0.13420280814170837,0.0048745423555374146,0.45434001027221366
253,1.671079158782959,0.011388899758458138,0.1342116892337799,0.005022823810577393,0.45434001027221366
254,1.7194572687149048,0.007723510265350342,0.13419181108474731,0.004995711147785187,0.4542372881355932
255,1.802027702331543,0.008501872420310974,0.13420358300209045,0.004964865744113922,0.4542372881355932
256,1.6620776653289795,0.007494276389479637,0.134212464094162,0.005169756710529327,0.45428864920390344
257,1.6434022188186646,0.007629286497831345,0.13420265913009644,0.005540825426578522,0.45434001027221366
258,1.6393985748291016,0.010247454047203064,0.1342034488916397,0.005377858877182007,0.4543913713405239
259,1.8812838792800903,0.007927417755126953,0.1342044621706009,0.005554750561714172,0.454185927067283
260,1.6775705814361572,0.005811963230371475,0.13420666754245758,0.005359522998332977,0.45434001027221366
261,1.6625070571899414,0.011007443070411682,0.134208083152771,0.005314521491527557,0.4538777606574217
262,1.7836079597473145,0.010592684149742126,0.13420143723487854,0.0053726062178611755,0.45428864920390344
263,1.7259806394577026,0.00991327315568924,0.13419876992702484,0.005592614412307739,0.45428864920390344
264,1.769142985343933,0.015184439718723297,0.13420820236206055,0.0056655630469322205,0.45434001027221366
265,1.628826379776001,0.010448688641190529,0.1342046558856964,0.005668535828590393,0.4543913713405239
266,1.7545782327651978,0.006437508389353752,0.13419973850250244,0.005489960312843323,0.45428864920390344
267,1.8057345151901245,0.0059232208877801895,0.13419364392757416,0.005582481622695923,0.45434001027221366
268,1.7203893661499023,0.0006272993050515652,0.13420379161834717,0.005879521369934082,0.4541345659989728
269,1.7533087730407715,0.0040651001036167145,0.13420768082141876,0.006007052958011627,0.454185927067283
270,1.6815754175186157,0.00696878507733345,0.13420867919921875,0.006104417145252228,0.4542372881355932
271,1.6322377920150757,0.002760772593319416,0.1342056393623352,0.0059193819761276245,0.4541345659989728
272,1.8058236837387085,0.00974467396736145,0.13420745730400085,0.0058285146951675415,0.4542372881355932
273,1.7892218828201294,0.004094480536878109,0.1342051476240158,0.005820855498313904,0.4541345659989728
274,1.7555532455444336,0.007729148492217064,0.1342039406299591,0.005834177136421204,0.4542372881355932
275,1.704756259918213,0.007162081077694893,0.1342073231935501,0.005993247032165527,0.45428864920390344
276,1.576395034790039,0.007130615413188934,0.1341979056596756,0.006025254726409912,0.4542372881355932
277,1.7697614431381226,0.011597719043493271,0.13420826196670532,0.005946457386016846,0.4542372881355932
278,1.7490837574005127,0.015113238245248795,0.13419662415981293,0.0058227404952049255,0.4542372881355932
279,1.7209115028381348,0.016092434525489807,0.13420379161834717,0.006050482392311096,0.45434001027221366
280,1.7238372564315796,0.007814707234501839,0.1341921091079712,0.006224580109119415,0.45408320493066257
281,1.631414532661438,0.013651330024003983,0.13420383632183075,0.006041854619979858,0.454185927067283
282,1.5802700519561768,0.007233342155814171,0.13420262932777405,0.006066761910915375,0.45434001027221366
283,1.7830619812011719,0.015402441844344139,0.13419458270072937,0.006153233349323273,0.45428864920390344
284,1.7294145822525024,0.004303733818233013,0.13419732451438904,0.006264068186283112,0.45408320493066257
285,1.8063695430755615,0.0030616233125329018,0.13420867919921875,0.0061924755573272705,0.4543913713405239
286,1.6518000364303589,0.009595390409231186,0.1341955065727234,0.006171576678752899,0.454185927067283
287,1.767006516456604,0.011522151529788971,0.13418826460838318,0.006125926971435547,0.4542372881355932
288,1.6472227573394775,0.008484728634357452,0.1341893970966339,0.0061857253313064575,0.454185927067283
289,1.7486073970794678,0.00849129632115364,0.13419069349765778,0.006058506667613983,0.4541345659989728
290,1.7935538291931152,0.014887524768710136,0.13420407474040985,0.006269663572311401,0.4543913713405239
291,1.6874500513076782,0.008682696148753166,0.13418112695217133,0.006242737174034119,0.45403184386235235
292,1.7012584209442139,0.0038395067676901817,0.1341926008462906,0.006353721022605896,0.4541345659989728
293,1.6932933330535889,0.013985086232423782,0.13418669998645782,0.006198681890964508,0.45428864920390344
294,1.6375468969345093,0.007111619226634502,0.13419024646282196,0.006306484341621399,0.45434001027221366
295,1.6615768671035767,0.0017989454790949821,0.13420066237449646,0.006458640098571777,0.4542372881355932
296,1.7397522926330566,0.00554842222481966,0.13419486582279205,0.006434835493564606,0.45434001027221366
297,1.7594385147094727,0.000132871326059103,0.1342010349035263,0.006253577768802643,0.4544427324088341
298,1.7190436124801636,0.0025492561981081963,0.1342068463563919,0.006347104907035828,0.4542372881355932
299,1.71195650100708,0.013730883598327637,0.1342097818851471,0.00638570636510849,0.4543913713405239
300,1.6583083868026733,0.008894037455320358,0.1341993659734726,0.006305471062660217,0.454185927067283
301,1.6215765476226807,0.009287232533097267,0.1342020183801651,0.0064492300152778625,0.4542372881355932
302,1.702262282371521,0.0026967106387019157,0.13420036435127258,0.006356596946716309,0.45454545454545453
303,1.7323476076126099,0.009090401232242584,0.13420024514198303,0.006378352642059326,0.4542372881355932
304,1.727499008178711,0.001256861723959446,0.13419441878795624,0.0063638836145401,0.4544427324088341
305,1.583884596824646,0.0018582101911306381,0.13420207798480988,0.006355263292789459,0.45428864920390344
306,1.6909700632095337,0.00686624925583601,0.1342003047466278,0.00658552348613739,0.4542372881355932
307,1.7896778583526611,0.005396191030740738,0.1341824233531952,0.006441153585910797,0.4543913713405239
308,1.748763918876648,0.006119559518992901,0.13418486714363098,0.006527066230773926,0.45434001027221366
309,1.6596401929855347,0.005541590042412281,0.1341802030801773,0.006714321672916412,0.45428864920390344
310,1.6578227281570435,0.006549361161887646,0.13415563106536865,0.006694763898849487,0.45434001027221366
311,1.7585577964782715,0.004076780751347542,0.1341187059879303,0.006823025643825531,0.4542372881355932
312,1.8640223741531372,0.006004771217703819,0.13405928015708923,0.006817489862442017,0.4543913713405239
313,1.6517661809921265,0.0073633091524243355,0.13389120995998383,0.006961554288864136,0.454185927067283
314,1.7092883586883545,0.005219638347625732,0.1336098164319992,0.006741970777511597,0.45305598356445814
315,1.6327126026153564,0.0023078005760908127,0.13353784382343292,0.006862513720989227,0.4535182331792501
316,1.7359575033187866,0.004592882469296455,0.13387838006019592,0.0065543875098228455,0.45285053929121727
317,1.7880496978759766,0.002665868028998375,0.1338634341955185,0.006133019924163818,0.4525937339496662
318,1.5893265008926392,0.0045953597873449326,0.13365834951400757,0.006502613425254822,0.45243965074473547
319,1.6131556034088135,0.003340126946568489,0.13361744582653046,0.006210140883922577,0.45403184386235235
320,1.6420053243637085,0.0032971352338790894,0.13400311768054962,0.006068684160709381,0.45459681561376475
321,1.7198388576507568,0.0008760830387473106,0.13415153324604034,0.0058971792459487915,0.4548022598870056
322,1.74153733253479,0.004256123676896095,0.1341959536075592,0.006126001477241516,0.45464817668207497
323,1.7167109251022339,0.0036521870642900467,0.13420596718788147,0.005823053419589996,0.4547508988186954
324,1.7129848003387451,-0.00020929519087076187,0.13421189785003662,0.006008744239807129,0.4548022598870056
325,1.685884714126587,0.002737044356763363,0.13421516120433807,0.006113432347774506,0.4548536209553159
326,1.5484232902526855,0.008373534306883812,0.13421843945980072,0.006034068763256073,0.45495634309193633
327,1.6990796327590942,0.0036809705197811127,0.134212926030159,0.006332077085971832,0.4548022598870056
328,1.725493311882019,0.005004480481147766,0.13421273231506348,0.0064207762479782104,0.4548536209553159
329,1.6430730819702148,0.006955689750611782,0.13421568274497986,0.006390362977981567,0.4548022598870056
330,1.7932246923446655,0.004000108689069748,0.13421793282032013,0.006455518305301666,0.4548536209553159
331,1.535578966140747,0.0017448151484131813,0.13421408832073212,0.006681501865386963,0.4548536209553159
332,1.7264747619628906,0.005801208317279816,0.13421624898910522,0.006612800061702728,0.4548022598870056
333,1.67826247215271,0.013201603665947914,0.13421234488487244,0.006836257874965668,0.45464817668207497
334,1.8406401872634888,0.007939927279949188,0.1342075914144516,0.007121533155441284,0.4549049820236261
335,1.8413127660751343,0.0025976011529564857,0.1342146098613739,0.007146328687667847,0.4548536209553159
336,1.6109539270401,0.003617316484451294,0.13421450555324554,0.006969936192035675,0.4547508988186954
337,1.652064561843872,0.004294989630579948,0.13421568274497986,0.007208153605461121,0.4548022598870056
338,1.677856683731079,0.00511601846665144,0.13421101868152618,0.0071608200669288635,0.4548022598870056
339,1.7106698751449585,0.010226095095276833,0.13421183824539185,0.007334083318710327,0.4548022598870056
340,1.6242477893829346,0.003032892942428589,0.13421209156513214,0.007536359131336212,0.4549049820236261
341,1.603794813156128,0.0061323028057813644,0.1342117339372635,0.007484301924705505,0.4547508988186954
342,1.5471446514129639,0.005605719983577728,0.13421262800693512,0.007630057632923126,0.4546995377503852
343,1.8145685195922852,0.0006538089364767075,0.13420937955379486,0.007768496870994568,0.4547508988186954
344,1.6416267156600952,0.006756376475095749,0.1342068910598755,0.00746183842420578,0.45495634309193633
345,1.6649779081344604,0.01406167447566986,0.1342165619134903,0.007836073637008667,0.4548022598870056
346,1.7177212238311768,0.013404149562120438,0.13421165943145752,0.007825687527656555,0.4548536209553159
347,1.8267675638198853,0.005062626674771309,0.13420942425727844,0.007992461323738098,0.4548536209553159
348,1.618882656097412,0.016628289595246315,0.13421140611171722,0.007718876004219055,0.4547508988186954
349,1.6107302904129028,0.009779287502169609,0.13421492278575897,0.007730640470981598,0.4547508988186954
350,1.6993486881256104,0.0054208654910326,0.13421650230884552,0.007774367928504944,0.4549049820236261
351,1.757583737373352,0.019516360014677048,0.13420772552490234,0.007802531123161316,0.4549049820236261
352,1.710211157798767,0.004071553237736225,0.1342078000307083,0.007829077541828156,0.4549049820236261
353,1.7379510402679443,0.0032887766137719154,0.13421134650707245,0.007785715162754059,0.4547508988186954
354,1.5694555044174194,0.011708088219165802,0.13420777022838593,0.007646292448043823,0.4549049820236261
355,1.6514744758605957,0.02230878174304962,0.13421319425106049,0.007859595119953156,0.4548022598870056
356,1.7436846494674683,0.012476041913032532,0.13420721888542175,0.00811852514743805,0.4548022598870056
357,1.5480791330337524,0.0050923265516757965,0.13421674072742462,0.007855132222175598,0.4548536209553159
358,1.7226581573486328,0.008436767384409904,0.1341954618692398,0.008122913539409637,0.45454545454545453
359,1.7368485927581787,0.011134635657072067,0.13421210646629333,0.007958650588989258,0.4546995377503852
360,1.5843291282653809,0.016602490097284317,0.13420994579792023,0.007946692407131195,0.4546995377503852
361,1.5690028667449951,0.022836890071630478,0.13421036303043365,0.008220367133617401,0.4548022598870056
362,1.6354988813400269,0.006102625280618668,0.1342128962278366,0.008039236068725586,0.45495634309193633
363,1.5644538402557373,0.008092071861028671,0.13421383500099182,0.007910996675491333,0.4546995377503852
364,1.7287124395370483,0.003395216539502144,0.13421078026294708,0.008341491222381592,0.4547508988186954
365,1.7478872537612915,0.02421194687485695,0.13421283662319183,0.008389800786972046,0.4547508988186954
366,1.7504997253417969,0.027511268854141235,0.13421039283275604,0.008454091846942902,0.4549049820236261
367,1.7620832920074463,0.0026887748390436172,0.13420680165290833,0.008505590260028839,0.4548022598870056
368,1.6260267496109009,0.0071479156613349915,0.13421349227428436,0.008373960852622986,0.4548022598870056
369,1.70144784450531,0.006108471192419529,0.13421089947223663,0.008443169295787811,0.4547508988186954
370,1.6787056922912598,0.009133763611316681,0.1342080980539322,0.008786886930465698,0.45500770416024655
371,1.5152393579483032,0.003784371539950371,0.1342041939496994,0.009004168212413788,0.4549049820236261
372,1.702910304069519,0.0041518062353134155,0.13421028852462769,0.008553966879844666,0.4544940934771443
373,1.7989455461502075,0.004705183207988739,0.1342102736234665,0.008905738592147827,0.4546995377503852
374,1.5966726541519165,0.0031416015699505806,0.1342073678970337,0.008689925074577332,0.45464817668207497
375,1.666189193725586,0.020115245133638382,0.13420239090919495,0.00868649035692215,0.4548536209553159
376,1.496832013130188,0.006803872063755989,0.13420914113521576,0.008817754685878754,0.45495634309193633
377,1.7099604606628418,0.006803799420595169,0.13420215249061584,0.008720017969608307,0.4546995377503852
378,1.5107805728912354,0.010547628626227379,0.1342059075832367,0.00881659984588623,0.4549049820236261
379,1.8751194477081299,0.009373459964990616,0.13421662151813507,0.008478187024593353,0.4548536209553159
380,1.7723922729492188,0.0017555048689246178,0.13421137630939484,0.00854635238647461,0.45464817668207497
381,1.708681344985962,0.0031909560784697533,0.13420863449573517,0.009001486003398895,0.4547508988186954
382,1.6483302116394043,0.002342802472412586,0.13421209156513214,0.008739009499549866,0.4548022598870056
383,1.7050549983978271,0.004531788639724255,0.1342095583677292,0.008861348032951355,0.4547508988186954
384,1.6401808261871338,0.00497050303965807,0.1342095583677292,0.009096160531044006,0.4548536209553159
385,1.6835081577301025,0.003773801028728485,0.134206160902977,0.009115353226661682,0.4547508988186954
386,1.8157219886779785,0.0020280517637729645,0.13420720398426056,0.008963637053966522,0.4548536209553159
387,1.744288682937622,0.0025963960215449333,0.13421125710010529,0.00881282240152359,0.4548022598870056
388,1.7532860040664673,0.025287862867116928,0.13420253992080688,0.009050451219081879,0.4547508988186954
389,1.654396414756775,0.011400572955608368,0.13421405851840973,0.009195379912853241,0.4548022598870056
390,1.6173322200775146,0.010534048080444336,0.1342097520828247,0.009370945394039154,0.4548022598870056
391,1.8046324253082275,0.0059716543182730675,0.13420769572257996,0.009148046374320984,0.4547508988186954
392,1.7516018152236938,0.007128825411200523,0.13420069217681885,0.009067118167877197,0.4547508988186954
393,1.827152132987976,0.003817027434706688,0.1342032551765442,0.008885234594345093,0.45495634309193633
394,1.8745739459991455,0.009619515389204025,0.13421066105365753,0.009057179093360901,0.4547508988186954
395,1.752234935760498,0.005374494940042496,0.13421311974525452,0.00908832997083664,0.4546995377503852
396,1.7274963855743408,0.022932391613721848,0.13421179354190826,0.008908674120903015,0.4547508988186954
397,1.6291913986206055,0.023914188146591187,0.13421496748924255,0.008822254836559296,0.4547508988186954
398,1.6811890602111816,0.0050225164741277695,0.13420967757701874,0.008747167885303497,0.45464817668207497
399,1.6768863201141357,0.00778660923242569,0.13421663641929626,0.008836768567562103,0.4548022598870056
400,1.5808857679367065,0.007674891501665115,0.13421446084976196,0.008692935109138489,0.4547508988186954
401,1.5784345865249634,0.007519146427512169,0.1342024952173233,0.008404441177845001,0.4548022598870056
402,1.61040198802948,0.011928178369998932,0.13420914113521576,0.008281514048576355,0.4549049820236261
403,1.8106920719146729,0.02276483178138733,0.13420383632183075,0.008693806827068329,0.45500770416024655
404,1.5504493713378906,0.011390242725610733,0.13420887291431427,0.008862443268299103,0.4546995377503852
405,1.6734936237335205,0.018488192930817604,0.13421222567558289,0.008417464792728424,0.4547508988186954
406,1.7111961841583252,0.019053375348448753,0.13421186804771423,0.008244097232818604,0.4548022598870056
407,1.6292859315872192,0.011041183024644852,0.13420811295509338,0.008456192910671234,0.45464817668207497
408,1.704043984413147,0.011730071157217026,0.13420923054218292,0.008797667920589447,0.45495634309193633
409,1.638361930847168,0.03010576218366623,0.13421091437339783,0.008403226733207703,0.45495634309193633
410,1.8468115329742432,0.011254407465457916,0.1342151165008545,0.00860588252544403,0.4548022598870056
411,1.523764729499817,0.02453557401895523,0.13420738279819489,0.008792899549007416,0.4548536209553159
412,1.7735135555267334,0.005353765562176704,0.13420718908309937,0.008886940777301788,0.4548536209553159
413,1.7877593040466309,0.010983472689986229,0.13421516120433807,0.00869402289390564,0.4548536209553159
414,1.6252213716506958,0.014722438529133797,0.13421225547790527,0.008381970226764679,0.4546995377503852
415,1.7098448276519775,0.01679385080933571,0.1342059075832367,0.008855558931827545,0.4547508988186954
416,1.7258929014205933,0.015491964295506477,0.13421094417572021,0.008610010147094727,0.4546995377503852
417,1.7011301517486572,0.01315903291106224,0.13420923054218292,0.008334927260875702,0.4548022598870056
418,1.6906845569610596,0.018938127905130386,0.13420434296131134,0.008690938353538513,0.45495634309193633
419,1.6314377784729004,0.0103513915091753,0.1342162936925888,0.00870293378829956,0.4546995377503852
420,1.7022786140441895,0.02593158185482025,0.1342063993215561,0.008576564490795135,0.4548536209553159
421,1.71120023727417,0.042298849672079086,0.1342071294784546,0.00854673981666565,0.4548022598870056
422,1.7092256546020508,0.037751615047454834,0.13421137630939484,0.008426152169704437,0.4548022598870056
423,1.8589211702346802,0.06649740040302277,0.13420577347278595,0.008715689182281494,0.4547508988186954
424,1.754256248474121,0.03851472586393356,0.13420988619327545,0.008751653134822845,0.4548536209553159
425,1.643617868423462,0.04799678176641464,0.1342058628797531,0.008960328996181488,0.4548022598870056
426,1.7481573820114136,0.013929395005106926,0.13420669734477997,0.00878491997718811,0.4548536209553159
427,1.550339937210083,0.01103825494647026,0.13420921564102173,0.009228743612766266,0.4547508988186954
428,1.8107799291610718,0.016446374356746674,0.13420982658863068,0.008955247700214386,0.4548022598870056
429,1.7590141296386719,0.024684663861989975,0.13420337438583374,0.009061209857463837,0.455110426296867
430,1.7293206453323364,0.006821297109127045,0.13420423865318298,0.008704043924808502,0.4547508988186954
431,1.799863576889038,0.009494660422205925,0.13421058654785156,0.009222075343132019,0.45495634309193633
432,1.801589012145996,0.005381874740123749,0.13420578837394714,0.00896976888179779,0.4549049820236261
433,1.6012060642242432,0.024040229618549347,0.13420511782169342,0.00897148996591568,0.4547508988186954
434,1.7817193269729614,0.006841184571385384,0.1342073380947113,0.008852817118167877,0.4546995377503852
435,1.7748900651931763,0.025858763605356216,0.13421021401882172,0.008981339633464813,0.45495634309193633
436,1.7198776006698608,0.011771993711590767,0.13420332968235016,0.008839152753353119,0.4548022598870056
437,1.6528875827789307,0.017523586750030518,0.13421542942523956,0.008974477648735046,0.4547508988186954
438,1.5551369190216064,0.012774307280778885,0.13420306146144867,0.00888419896364212,0.4548022598870056
439,1.635581374168396,0.03802104294300079,0.13420984148979187,0.008780688047409058,0.4548536209553159
440,1.710760474205017,0.008482387289404869,0.1342049241065979,0.009062901139259338,0.4548536209553159
441,1.5980875492095947,0.01873510703444481,0.134210467338562,0.00934145599603653,0.45495634309193633
442,1.6243287324905396,0.013506103307008743,0.1342133730649948,0.009137287735939026,0.45500770416024655
443,1.5878655910491943,0.00881195068359375,0.13420742750167847,0.008480481803417206,0.4548536209553159
444,1.777850866317749,0.00963456928730011,0.13420680165290833,0.008753471076488495,0.45459681561376475
445,1.8230831623077393,0.006211970001459122,0.13420632481575012,0.009049855172634125,0.45495634309193633
446,1.7668849229812622,0.012904155999422073,0.13420617580413818,0.00877738744020462,0.4548022598870056
447,1.686092734336853,0.005917241796851158,0.1342124342918396,0.008621059358119965,0.4548536209553159
448,1.7581275701522827,0.0032335883006453514,0.13420934975147247,0.00863153487443924,0.4547508988186954
449,1.6428964138031006,0.0038183387368917465,0.13421200215816498,0.008449248969554901,0.4547508988186954
450,1.602521300315857,0.0103741604834795,0.1342104822397232,0.008595772087574005,0.4549049820236261
451,1.7218952178955078,0.01816369593143463,0.13420605659484863,0.009247303009033203,0.4548022598870056
452,1.7385427951812744,0.02327827364206314,0.1342141330242157,0.009320773184299469,0.4548022598870056
453,1.7673726081848145,0.007498865947127342,0.1341978758573532,0.009016409516334534,0.4548022598870056
454,1.7248520851135254,0.005807597190141678,0.13420607149600983,0.009063445031642914,0.45495634309193633
455,1.7366396188735962,-0.0015494250692427158,0.13421159982681274,0.009213760495185852,0.4548022598870056
456,1.7356075048446655,-0.0007624020799994469,0.13421033322811127,0.009468041360378265,0.4548022598870056
457,1.6700222492218018,0.003902880474925041,0.1342078596353531,0.009591013193130493,0.4548536209553159
458,1.5681853294372559,0.00010204408317804337,0.1342131495475769,0.009801030158996582,0.4549049820236261
459,1.6852893829345703,0.009294712916016579,0.13420794904232025,0.009444952011108398,0.4548536209553159
460,1.8052095174789429,0.007395714521408081,0.13420470058918,0.009440653026103973,0.4548022598870056
461,1.9133131504058838,0.00802328810095787,0.13420556485652924,0.009858928620815277,0.4548536209553159
462,1.640371561050415,0.007238728925585747,0.13420933485031128,0.009714700281620026,0.45495634309193633
463,1.5234535932540894,0.006701681762933731,0.134214848279953,0.009995855391025543,0.4547508988186954
464,1.6093738079071045,0.002061130478978157,0.13420692086219788,0.009648613631725311,0.4548022598870056
465,1.7084441184997559,0.0071332138031721115,0.1342094987630844,0.009690612554550171,0.4548022598870056
466,1.774675965309143,-0.0007938779890537262,0.13420753180980682,0.009907916188240051,0.4548022598870056
467,1.6573537588119507,0.019448960199952126,0.13420185446739197,0.009560666978359222,0.4548022598870056
468,1.703092336654663,0.0077235642820596695,0.13420714437961578,0.009841516613960266,0.4548536209553159
469,1.5823639631271362,0.004259223118424416,0.13420900702476501,0.009874813258647919,0.4546995377503852
470,1.673600673675537,0.006307603791356087,0.13421258330345154,0.00971992313861847,0.4548022598870056
471,1.976150393486023,-0.00037291552871465683,0.13421130180358887,0.009994372725486755,0.4548022598870056
472,1.7571499347686768,0.007697008550167084,0.1342090368270874,0.010242879390716553,0.4548536209553159
473,1.6477317810058594,0.010252431035041809,0.13421028852462769,0.009972155094146729,0.4548536209553159
474,1.6136558055877686,0.008218150585889816,0.1342025101184845,0.010087624192237854,0.45495634309193633
475,1.7966742515563965,0.007590875029563904,0.13420888781547546,0.01038629561662674,0.45500770416024655
476,1.7349395751953125,0.013210427016019821,0.13421164453029633,0.010169118642807007,0.45459681561376475
477,1.7211121320724487,0.007638799026608467,0.13421349227428436,0.010397933423519135,0.4546995377503852
478,1.7182049751281738,0.011256922036409378,0.13420279324054718,0.010226257145404816,0.4547508988186954
479,1.5530775785446167,0.001886584796011448,0.13421231508255005,0.010320864617824554,0.4548022598870056
480,1.680418610572815,0.014509737491607666,0.1342102587223053,0.010293707251548767,0.4547508988186954
481,1.5326569080352783,0.004060744307935238,0.13420598208904266,0.010294899344444275,0.4547508988186954
482,1.6764709949493408,0.002866344526410103,0.13421009480953217,0.01011551171541214,0.4549049820236261
483,1.6407629251480103,0.00723583810031414,0.13421185314655304,0.010296083986759186,0.4549049820236261
484,1.7887604236602783,0.010875727981328964,0.13420477509498596,0.010430142283439636,0.4549049820236261
485,1.6979560852050781,0.00205242820084095,0.13420510292053223,0.010458439588546753,0.4547508988186954
486,1.6607810258865356,0.013207413256168365,0.13421107828617096,0.010613150894641876,0.4548022598870056
487,1.5488935708999634,0.04301438108086586,0.13420510292053223,0.01052066683769226,0.4546995377503852
488,1.630218744277954,0.05415951460599899,0.13421157002449036,0.010445274412631989,0.45495634309193633
489,1.7306628227233887,0.02934161201119423,0.13420839607715607,0.010388851165771484,0.4548022598870056
490,1.6337202787399292,0.054520219564437866,0.13421021401882172,0.009937018156051636,0.4548022598870056
491,1.6542679071426392,0.05800139904022217,0.13421189785003662,0.01045912504196167,0.4546995377503852
492,1.7287886142730713,0.08928216993808746,0.134211003780365,0.010010510683059692,0.4549049820236261
493,1.7287338972091675,0.14351634681224823,0.1342049241065979,0.009959548711776733,0.45464817668207497
494,1.7764976024627686,0.14735811948776245,0.134210467338562,0.0085868239402771,0.4547508988186954
495,1.8148010969161987,0.2997604012489319,0.13421398401260376,0.00778353214263916,0.4547508988186954
496,1.7042535543441772,0.45839616656303406,0.13421200215816498,0.006800562143325806,0.4548536209553159
497,1.7329379320144653,0.4873254895210266,0.13420967757701874,0.006463535130023956,0.45495634309193633
498,1.6961119174957275,0.20004570484161377,0.13420645892620087,0.006305798888206482,0.4547508988186954
499,1.774269700050354,0.19887185096740723,0.13420918583869934,0.005025632679462433,0.4549049820236261
