,loss_g,loss_d,loss_test,w_distance,acc
0,3.402313709259033,8.544598579406738,0.08992049098014832,-0.00012678653001785278,0.18425076452599387
1,3.575507640838623,8.33348560333252,0.08995676040649414,0.00018012523651123047,0.17650356778797147
2,3.7261648178100586,8.284759521484375,0.08957719802856445,-2.7313828468322754e-05,0.1828236493374108
3,3.327396869659424,8.292004585266113,0.08943455666303635,0.00018299371004104614,0.18720693170234454
4,3.64755916595459,8.202880859375,0.08947231620550156,0.00036623328924179077,0.19204892966360856
5,3.9856739044189453,8.094969749450684,0.08903711289167404,-3.5412609577178955e-05,0.19108053007135575
6,3.44038724899292,8.254461288452148,0.08880545198917389,0.00017601251602172852,0.19367991845056065
7,3.766205310821533,8.136462211608887,0.08865033090114594,0.00021371990442276,0.195361875637105
8,3.7341465950012207,8.12978744506836,0.08817484229803085,-0.00026895850896835327,0.20219164118246688
9,3.796962022781372,7.958652973175049,0.0884847566485405,2.8021633625030518e-05,0.19923547400611621
10,4.224264621734619,7.840693473815918,0.08820634335279465,0.0002987086772918701,0.2069317023445464
11,3.630917549133301,8.008183479309082,0.08808288723230362,-0.00023301690816879272,0.2063710499490316
12,3.76393723487854,7.719156742095947,0.08768806606531143,-0.00012881308794021606,0.20861365953109073
13,3.673607349395752,7.7795610427856445,0.08746316283941269,6.34416937828064e-05,0.20835881753312946
14,3.7595043182373047,7.37552547454834,0.08768073469400406,-0.000195428729057312,0.21009174311926607
15,3.6979734897613525,7.419931411743164,0.0870944932103157,-0.00024443119764328003,0.2126401630988787
16,3.7233970165252686,7.3812456130981445,0.08728878945112228,5.7913362979888916e-05,0.2170744138634047
17,3.5201475620269775,7.2238945960998535,0.08702820539474487,-7.762014865875244e-05,0.2190112130479103
18,3.749194383621216,7.2212395668029785,0.08677877485752106,8.657574653625488e-06,0.22380224260958206
19,3.798492431640625,7.3752970695495605,0.08688074350357056,0.00026932358741760254,0.22436289500509685
20,3.6707077026367188,7.171546936035156,0.08694244921207428,9.448826313018799e-05,0.2253822629969419
21,3.6048905849456787,7.13673734664917,0.08676552027463913,0.00019165128469467163,0.2326197757390418
22,3.9078524112701416,7.046601295471191,0.08649057149887085,-8.206069469451904e-05,0.23343527013251783
23,3.424974203109741,6.881435871124268,0.08617976307868958,-1.1801719665527344e-05,0.23353720693170235
24,3.9282937049865723,6.880048751831055,0.08632141351699829,0.00019884109497070312,0.236289500509684
25,3.674424648284912,6.548412322998047,0.0863492488861084,-0.0003404170274734497,0.23741080530071357
26,3.8907814025878906,6.417788505554199,0.0859072357416153,0.00017332285642623901,0.2429663608562691
27,3.6078150272369385,6.497938632965088,0.08617021143436432,6.728619337081909e-05,0.24225280326197757
28,3.5199122428894043,6.202483654022217,0.085792675614357,-0.00010067224502563477,0.24658511722731907
29,3.616323471069336,6.376271724700928,0.08570527285337448,-0.00012373179197311401,0.24694189602446484
30,3.902538776397705,6.406683921813965,0.08573488891124725,0.0002009868621826172,0.2511722731906218
31,3.55499267578125,5.968572616577148,0.08546490222215652,4.5612454414367676e-05,0.25265035677879716
32,3.688852071762085,6.2368268966674805,0.08532705157995224,-6.861984729766846e-05,0.25835881753312945
33,3.2466483116149902,5.596312522888184,0.08542495965957642,-0.0005672499537467957,0.25621814475025484
34,3.2798993587493896,5.816471099853516,0.0855085626244545,-1.615285873413086e-05,0.26416921508664626
35,3.4786086082458496,5.440268516540527,0.08569026738405228,-0.00039883702993392944,0.268348623853211
36,3.2780137062072754,5.17167854309082,0.08528487384319305,-0.0006938427686691284,0.2708460754332314
37,3.251831531524658,5.033970832824707,0.08524074405431747,0.0003612339496612549,0.2737512742099898
38,3.4944465160369873,5.217446327209473,0.08514244854450226,-0.00024177134037017822,0.2723241590214067
39,3.245450019836426,5.224335670471191,0.08547718077898026,6.393343210220337e-05,0.2801223241590214
40,3.414452075958252,4.752384662628174,0.08517966419458389,-0.00033292919397354126,0.28093781855249744
41,3.605764627456665,4.526111602783203,0.08521328121423721,-0.0002565309405326843,0.28338430173292556
42,3.8731565475463867,4.390425205230713,0.08524727076292038,-0.00017887353897094727,0.286289500509684
43,3.445239543914795,4.482064723968506,0.08490480482578278,0.0001713782548904419,0.28766564729867483
44,3.3555335998535156,4.325146675109863,0.08502200990915298,1.2852251529693604e-05,0.29204892966360857
45,3.3048205375671387,4.033222198486328,0.08491916209459305,-5.622953176498413e-05,0.29444444444444445
46,3.3178911209106445,4.0101823806762695,0.08492206037044525,0.00016193091869354248,0.30015290519877674
47,3.4989492893218994,3.646627902984619,0.08525283634662628,-0.00013218820095062256,0.30754332313965344
48,3.3570010662078857,3.9145588874816895,0.0849788635969162,-0.00042293965816497803,0.3015800203873598
49,3.671036720275879,3.5507495403289795,0.08467402309179306,-0.0004549846053123474,0.3081039755351682
50,3.3985915184020996,3.5264840126037598,0.08503761887550354,0.0004695579409599304,0.30611620795107036
51,3.5047826766967773,3.30709171295166,0.08479609340429306,-0.00013399869203567505,0.31238532110091743
52,3.6770293712615967,3.371140480041504,0.08504711091518402,-0.00029337406158447266,0.3132517838939857
53,3.501591920852661,2.685544967651367,0.08476376533508301,-4.120171070098877e-06,0.31788990825688074
54,3.3913488388061523,3.1210997104644775,0.08480057865381241,-8.483231067657471e-05,0.3202344546381244
55,3.6256933212280273,3.126441240310669,0.08513503521680832,-2.456456422805786e-05,0.3266564729867482
56,3.258261203765869,2.728706121444702,0.08491497486829758,4.992634057998657e-05,0.32976554536187563
57,3.311392307281494,2.541095495223999,0.08467954397201538,0.0002402663230895996,0.33532110091743117
58,3.6904587745666504,2.3234612941741943,0.08489599078893661,-0.0007869526743888855,0.3308868501529052
59,3.6088602542877197,2.9581053256988525,0.08497051894664764,-0.00039176642894744873,0.33868501529051986
60,3.514763355255127,2.660362958908081,0.08517597615718842,-0.0001165047287940979,0.33751274209989807
61,3.519975185394287,2.5036516189575195,0.08493101596832275,-0.00024261325597763062,0.3394495412844037
62,3.3945107460021973,2.348842144012451,0.08523950725793839,3.357231616973877e-05,0.3425076452599388
63,3.357710361480713,2.5675415992736816,0.0850909873843193,-3.569573163986206e-05,0.34388379204892966
64,3.3403749465942383,2.6022653579711914,0.08505962789058685,-0.00011605769395828247,0.3476044852191641
65,3.3972418308258057,2.5384714603424072,0.08516813069581985,0.00039733946323394775,0.35275229357798166
66,3.1865971088409424,2.2468135356903076,0.08551426976919174,-0.0010396391153335571,0.35005096839959227
67,3.082521915435791,2.947732925415039,0.08529988676309586,0.00029174983501434326,0.3564729867482161
68,3.2226147651672363,2.2974300384521484,0.08537458628416061,0.00029067695140838623,0.36162079510703365
69,3.1906344890594482,2.727449417114258,0.08537857979536057,-0.00017702579498291016,0.36218144750254844
70,3.444427967071533,2.4154958724975586,0.08558567613363266,0.0007139220833778381,0.3666156982670744
71,3.364703893661499,2.487355947494507,0.08528811484575272,5.169212818145752e-05,0.367533129459735
72,3.391618251800537,2.0938591957092285,0.08523820340633392,-0.0005866587162017822,0.36488277268093783
73,3.569530725479126,2.1911444664001465,0.08528905361890793,-0.00030866265296936035,0.3751274209989806
74,3.5477054119110107,2.495093584060669,0.08554116636514664,0.00017426908016204834,0.3773190621814475
75,3.5105674266815186,2.109426736831665,0.08538687229156494,-0.0006789267063140869,0.3803771661569827
76,3.5493264198303223,2.686722993850708,0.08537128567695618,-0.0005237236618995667,0.3787971457696228
77,3.5093162059783936,2.519289970397949,0.08578702807426453,-0.00095367431640625,0.37813455657492356
78,3.443023443222046,2.2665858268737793,0.08571171015501022,5.7220458984375e-06,0.3852701325178389
79,3.033431053161621,2.0189287662506104,0.08596210926771164,-0.0001889243721961975,0.39021406727828745
80,3.36301589012146,2.3813047409057617,0.08591130375862122,-0.00028745830059051514,0.3913863404689093
81,3.236672878265381,2.2269132137298584,0.08591486513614655,-0.00013405084609985352,0.390927624872579
82,3.121809720993042,2.0954055786132812,0.08577428013086319,-8.352100849151611e-05,0.3937818552497452
83,3.2020583152770996,2.263152837753296,0.08590947091579437,-6.969273090362549e-05,0.3958715596330275
84,3.5097386837005615,1.9663589000701904,0.08593050390481949,0.0007171034812927246,0.3956167176350663
85,3.3645691871643066,2.3929479122161865,0.08613637834787369,-7.35744833946228e-05,0.40514780835881753
86,3.3308568000793457,2.1104676723480225,0.0861906036734581,-0.00011352449655532837,0.40698267074413863
87,3.334775924682617,1.992887258529663,0.08607068657875061,-4.557520151138306e-05,0.40698267074413863
88,3.0829226970672607,2.3368897438049316,0.08647650480270386,0.00017368793487548828,0.4089704383282365
89,3.1887102127075195,2.2983944416046143,0.0862160250544548,-0.00024363398551940918,0.40886850152905196
90,3.24277663230896,2.4048192501068115,0.08625765889883041,-0.00023355334997177124,0.41065239551478083
91,3.4288485050201416,2.0820322036743164,0.08645360916852951,9.26479697227478e-05,0.4105504587155963
92,3.6455538272857666,2.253432512283325,0.08642640709877014,0.00024975091218948364,0.413302752293578
93,3.1760172843933105,2.1684367656707764,0.08655961602926254,0.00027452409267425537,0.4181957186544342
94,3.159289836883545,2.4144155979156494,0.08657228946685791,-8.6173415184021e-05,0.42201834862385323
95,3.2002053260803223,2.298776626586914,0.08668383210897446,7.541477680206299e-05,0.4255861365953109
96,3.2319750785827637,2.2446627616882324,0.08675719052553177,-0.0002622753381729126,0.42507645259938837
97,3.133774757385254,2.2257778644561768,0.08682654798030853,-0.00022178888320922852,0.4248725790010194
98,3.3893649578094482,1.8722567558288574,0.08702687174081802,9.697675704956055e-05,0.42716615698267074
99,3.1685266494750977,1.7987112998962402,0.08697810769081116,-2.4780631065368652e-05,0.4321610601427115
100,2.9651710987091064,1.8442301750183105,0.08692831546068192,-3.9577484130859375e-05,0.4332313965341488
101,3.134398937225342,2.0034143924713135,0.08692111074924469,-0.000344887375831604,0.43756371049949033
102,3.2427210807800293,2.0920181274414062,0.08711202442646027,-0.000252358615398407,0.4359836901121305
103,3.183114767074585,1.9988455772399902,0.08712086081504822,0.0003155916929244995,0.43419979612640164
104,3.251405715942383,2.1017415523529053,0.0872349813580513,0.00029280781745910645,0.43904179408766564
105,3.1995530128479004,1.753056287765503,0.08731497079133987,-0.00030666589736938477,0.4432212028542304
106,2.9742136001586914,2.3457391262054443,0.08738144487142563,0.00030303746461868286,0.4402650356778797
107,3.3955748081207275,2.3397247791290283,0.08723688870668411,-0.0003407597541809082,0.4397553516819572
108,3.109126091003418,1.59328031539917,0.08740692585706711,-0.00047669559717178345,0.44724770642201833
109,3.363654375076294,2.0265631675720215,0.08739238977432251,-0.0001598075032234192,0.4450560652395515
110,3.206132650375366,2.140263080596924,0.0875781700015068,0.000326789915561676,0.44826707441386343
111,3.061768054962158,2.0058045387268066,0.08761796355247498,9.3117356300354e-05,0.4517329255861366
112,3.403118133544922,1.8822441101074219,0.08757719397544861,-0.0007837042212486267,0.4551478083588175
113,3.056269407272339,1.8514031171798706,0.08776409924030304,-0.00042560696601867676,0.4536187563710499
114,3.274044990539551,1.7197396755218506,0.0879100114107132,-0.00016739964485168457,0.45871559633027525
115,3.363894462585449,1.9226913452148438,0.08780763298273087,8.186697959899902e-05,0.4547910295616718
116,3.0930304527282715,1.9849612712860107,0.08786336332559586,-0.00047735124826431274,0.46452599388379207
117,3.0960395336151123,2.2005743980407715,0.08789573609828949,0.000406019389629364,0.46044852191641183
118,3.177379608154297,2.0953502655029297,0.08810628950595856,-0.00048501789569854736,0.46529051987767583
119,3.295980215072632,1.968858003616333,0.08808044344186783,4.4539570808410645e-05,0.4652395514780836
120,3.1093780994415283,1.975014567375183,0.08815030008554459,-2.9221177101135254e-05,0.47140672782874615
121,3.3625166416168213,1.6066659688949585,0.08822475373744965,-0.00014076381921768188,0.46743119266055044
122,3.019327402114868,1.830140471458435,0.0882275253534317,-0.00018772482872009277,0.47370030581039757
123,3.322977304458618,1.824049711227417,0.08848942816257477,-0.0006357356905937195,0.47477064220183485
124,2.9584128856658936,1.507078766822815,0.08832509070634842,0.0002815723419189453,0.4733435270132518
125,3.0058398246765137,1.609784483909607,0.08848294615745544,-0.0004230290651321411,0.47849133537206934
126,3.264561653137207,1.8561667203903198,0.08861866593360901,-0.0007597357034683228,0.4783384301732926
127,3.100712776184082,2.024622917175293,0.08859655261039734,-0.0003996938467025757,0.4817533129459735
128,3.021031379699707,1.4681154489517212,0.08863801509141922,-0.0001590251922607422,0.4782874617737003
129,2.8795650005340576,1.822300672531128,0.0887564942240715,0.00013375282287597656,0.4827217125382263
130,3.3322834968566895,1.4615882635116577,0.08876055479049683,0.0006936788558959961,0.4835881753312946
131,2.8187413215637207,1.4929842948913574,0.0888824537396431,-0.00017889589071273804,0.485881753312946
132,2.635709762573242,2.0293362140655518,0.08867373317480087,-0.00046291202306747437,0.4872069317023445
133,2.9419963359832764,1.5364537239074707,0.08889340609312057,-0.000263117253780365,0.48970438328236493
134,3.1476194858551025,1.6169897317886353,0.08897222578525543,-0.0003939792513847351,0.4871559633027523
135,3.3892154693603516,1.4812791347503662,0.08893648535013199,3.769993782043457e-06,0.48583078491335374
136,2.909846305847168,1.8323638439178467,0.08890632539987564,0.00012106448411941528,0.49250764525993884
137,3.3549938201904297,1.6409204006195068,0.0892830640077591,0.0001780092716217041,0.495769622833843
138,3.292278289794922,1.5451751947402954,0.08924868702888489,0.00027573108673095703,0.49281345565749235
139,3.189913272857666,1.4926306009292603,0.08929748088121414,0.0005325973033905029,0.4945973496432212
140,3.156477689743042,1.237103819847107,0.0893302857875824,0.00010740011930465698,0.4935270132517839
141,3.077404260635376,1.2570185661315918,0.08934412896633148,-0.0005776956677436829,0.5000509683995923
142,3.038331985473633,2.105283260345459,0.08912152796983719,6.120651960372925e-05,0.49683995922528035
143,3.356807231903076,1.4621374607086182,0.08932945877313614,-0.00022196024656295776,0.49638124362895003
144,3.32590913772583,1.3560360670089722,0.08925426006317139,0.0006665065884590149,0.49821610601427113
145,2.97096586227417,1.52987539768219,0.0892418771982193,0.0002514868974685669,0.4971967380224261
146,3.169158935546875,1.5742113590240479,0.0893893912434578,-0.0007328018546104431,0.4987257900101937
147,3.0908985137939453,1.322094202041626,0.08922220766544342,0.0002646595239639282,0.49954128440366974
148,3.3276901245117188,1.0094577074050903,0.0897197425365448,0.000527992844581604,0.49887869520897044
149,3.1257588863372803,1.2823646068572998,0.08939862251281738,0.0003378838300704956,0.5005606523955147
150,3.100470542907715,1.220896601676941,0.08953208476305008,0.000426463782787323,0.5040774719673802
151,3.101818084716797,1.8413658142089844,0.08940259367227554,-0.000339314341545105,0.5031600407747197
152,3.3411154747009277,1.174074649810791,0.08981543779373169,0.0006228014826774597,0.5073394495412844
153,3.2017176151275635,1.3544070720672607,0.08981551229953766,0.0002014562487602234,0.5054026503567788
154,3.1731090545654297,1.2469514608383179,0.08969036489725113,0.00048472732305526733,0.5067787971457697
155,3.1527349948883057,1.3071290254592896,0.0898672416806221,0.00023452192544937134,0.5057594291539246
156,3.1037356853485107,0.9322635531425476,0.08999118953943253,0.0004937052726745605,0.5096330275229358
157,2.979529857635498,1.504324197769165,0.08983238786458969,0.000254116952419281,0.5112640163098878
158,2.970278024673462,1.1412490606307983,0.08991021662950516,-0.0003374069929122925,0.5076962283384302
159,3.226656436920166,0.9643367528915405,0.08985845744609833,0.00031507760286331177,0.5061162079510704
160,3.0162792205810547,1.1990077495574951,0.08997255563735962,0.00021044164896011353,0.5066768603465851
161,3.356001853942871,1.0872186422348022,0.09015033394098282,0.000289328396320343,0.5094801223241591
162,3.2914161682128906,1.1096315383911133,0.0899728313088417,1.7248094081878662e-05,0.5110601427115189
163,2.9212887287139893,1.0161640644073486,0.09014133363962173,0.0005449801683425903,0.5099388379204893
164,3.462693214416504,1.1083811521530151,0.08994755148887634,0.0002879127860069275,0.5063710499490316
165,3.1223812103271484,0.8665462136268616,0.09009276330471039,-0.0003738999366760254,0.5082059123343527
166,3.0238165855407715,1.1453436613082886,0.08999180048704147,0.00012836605310440063,0.5087155963302752
167,3.2917802333831787,1.0909522771835327,0.09025666862726212,7.633864879608154e-05,0.5109582059123343
168,3.148399829864502,1.119062900543213,0.09023626148700714,-0.000306934118270874,0.5094801223241591
169,3.217082977294922,1.015618085861206,0.09015074372291565,0.00028433650732040405,0.513302752293578
170,3.2193188667297363,0.9760535955429077,0.0901574045419693,-0.00017803162336349487,0.5139653414882772
171,3.1714484691619873,0.7750276923179626,0.09017398208379745,0.0005625709891319275,0.5106014271151886
172,3.1513869762420654,0.9063171744346619,0.09038249403238297,-0.0001447051763534546,0.5159021406727828
173,2.9430880546569824,0.9328122138977051,0.09023814648389816,0.00014003366231918335,0.5167176350662589
174,3.035665988922119,0.9870261549949646,0.09031213074922562,0.00041116029024124146,0.5150356778797146
175,2.950256586074829,0.9881927967071533,0.09037312120199203,-7.7076256275177e-05,0.5119266055045871
176,3.0725436210632324,0.7719467878341675,0.09039904177188873,2.555549144744873e-06,0.5159531090723751
177,3.2951102256774902,0.7797590494155884,0.0904257595539093,0.0003502294421195984,0.5146279306829765
178,3.217778444290161,0.889945924282074,0.09044577181339264,-0.0010039210319519043,0.5163608562691131
179,3.3134617805480957,0.8232605457305908,0.09055238962173462,9.176135063171387e-05,0.5170744138634047
180,3.372225761413574,0.8372033834457397,0.09057571738958359,9.229779243469238e-05,0.5159531090723751
181,3.1160778999328613,0.6569817066192627,0.09057509899139404,0.0001064687967300415,0.5152905198776758
182,3.149137020111084,0.7544342279434204,0.09043456614017487,-0.0007115676999092102,0.5150866462793068
183,3.1318976879119873,0.9518302083015442,0.09056892991065979,0.0006271004676818848,0.5163608562691131
184,2.937664031982422,0.7629966139793396,0.09053338319063187,0.00013952702283859253,0.5185015290519878
185,3.3003346920013428,0.8062239289283752,0.09057752043008804,0.00013007968664169312,0.5189092762487257
186,2.9257888793945312,0.7545521259307861,0.09059052169322968,0.00023113936185836792,0.5240570846075433
187,3.476698398590088,0.8094615936279297,0.09076616913080215,-0.00030684471130371094,0.5180937818552498
188,3.258281946182251,0.637135922908783,0.0905456617474556,0.0007770732045173645,0.5198776758409785
189,3.018892765045166,0.6617069244384766,0.09061957150697708,-5.386769771575928e-06,0.5204892966360857
190,3.100172758102417,0.6007590293884277,0.09060796350240707,-0.00034243613481521606,0.5168195718654435
191,3.2096810340881348,0.766258180141449,0.09060276299715042,0.0001155659556388855,0.518348623853211
192,3.0426297187805176,0.665610671043396,0.0905662253499031,-0.0001945197582244873,0.5183995922528033
193,3.0621695518493652,0.6468708515167236,0.09065989404916763,-0.0003032386302947998,0.5199286442405708
194,3.196333885192871,0.6859511733055115,0.09068024903535843,0.0003042444586753845,0.5203873598369011
195,2.984471321105957,0.684932291507721,0.09075506776571274,-0.0001583695411682129,0.5250254841997961
196,3.2130963802337646,0.575973391532898,0.0908627063035965,-0.0002729073166847229,0.51855249745158
197,2.974059820175171,0.7180675268173218,0.09083712100982666,4.7437846660614014e-05,0.5229357798165137
198,3.3206493854522705,0.5415064096450806,0.09080032259225845,-0.00038730353116989136,0.5233435270132518
199,3.2187979221343994,0.39617055654525757,0.0908798947930336,-0.00029155611991882324,0.521559633027523
200,2.924044609069824,0.5204707980155945,0.09090939164161682,5.893409252166748e-06,0.5237512742099898
201,2.9960412979125977,0.4801967144012451,0.09086720645427704,-0.00029312074184417725,0.5248725790010194
202,3.1344544887542725,0.5258196592330933,0.09087030589580536,-0.00029772520065307617,0.5222222222222223
203,2.975830554962158,0.47306185960769653,0.09081467241048813,-0.00016458332538604736,0.5258409785932722
204,2.906416416168213,0.46339789032936096,0.09090739488601685,0.000612504780292511,0.5244138634046891
205,3.125006675720215,0.4380435049533844,0.09088580310344696,-0.00036922842264175415,0.522782874617737
206,2.9048657417297363,0.614975094795227,0.09096956998109818,-0.00036710500717163086,0.5245158002038736
207,3.3494980335235596,0.5794371366500854,0.09085731953382492,-0.0003583654761314392,0.5223241590214067
208,3.0225958824157715,0.4771324694156647,0.09090165048837662,0.00016442686319351196,0.5247706422018349
209,3.289914846420288,0.3990257978439331,0.09109489619731903,-0.00012037158012390137,0.5231396534148828
210,2.9078118801116943,0.46621081233024597,0.09090268611907959,0.00015440583229064941,0.5252803261977574
211,3.341446876525879,0.5513811111450195,0.09086647629737854,0.000382252037525177,0.5234964322120286
212,3.1748862266540527,0.5854238867759705,0.09105899930000305,-0.00021324306726455688,0.5244138634046891
213,2.9223339557647705,0.4774090349674225,0.09095298498868942,0.00027474015951156616,0.5266055045871559
214,3.151700735092163,0.38176509737968445,0.09114617854356766,4.035979509353638e-05,0.5238022426095821
215,2.7079689502716064,0.46350109577178955,0.09106625616550446,-0.00032636523246765137,0.5248725790010194
216,2.987851142883301,0.5220810174942017,0.09102880209684372,0.00018060952425003052,0.5219673802242609
217,3.2471442222595215,0.4373992383480072,0.09093964844942093,0.00045930594205856323,0.5257900101936799
218,3.2562527656555176,0.3545990586280823,0.09099104255437851,9.475648403167725e-05,0.5262996941896024
219,3.162619113922119,0.4283880591392517,0.09096444398164749,0.0003582611680030823,0.5241080530071356
220,3.118734359741211,0.4073579013347626,0.09102917462587357,0.00012772530317306519,0.5253312945973496
221,3.3230791091918945,0.4355980157852173,0.09119753539562225,-0.00020032376050949097,0.5233435270132518
222,3.0680553913116455,0.2901882529258728,0.0910358652472496,0.0005419924855232239,0.525586136595311
223,3.1870768070220947,0.34905698895454407,0.09103531390428543,-0.00027564913034439087,0.5279306829765545
224,3.1435959339141846,0.39755111932754517,0.09106961637735367,-0.00011777877807617188,0.5284403669724771
225,3.301257848739624,0.37770193815231323,0.09094872325658798,-4.137307405471802e-05,0.5271661569826708
226,3.19292950630188,0.3823532462120056,0.09111348539590836,-0.0005494654178619385,0.5251783893985729
227,3.109066963195801,0.3819805979728699,0.09117308259010315,-0.00012916326522827148,0.5282874617737003
228,3.2586560249328613,0.3488856256008148,0.09126728028059006,-5.491077899932861e-06,0.5264525993883792
229,3.2213640213012695,0.27355170249938965,0.09114903211593628,-6.457418203353882e-05,0.5257900101936799
230,2.989993095397949,0.35715341567993164,0.0911608412861824,-0.00015794485807418823,0.5278797145769623
231,3.0574941635131836,0.348679780960083,0.09129881858825684,0.00040052831172943115,0.5248216106014271
232,2.9863297939300537,0.3575795292854309,0.0912456288933754,0.00045336782932281494,0.5239551478083588
233,3.215700387954712,0.29410332441329956,0.09133713692426682,3.4809112548828125e-05,0.5250764525993884
234,3.3869314193725586,0.3938126862049103,0.09133165329694748,6.755441427230835e-05,0.5263506625891947
235,2.9906935691833496,0.30513322353363037,0.09134192019701004,9.572505950927734e-05,0.5266055045871559
236,3.2145180702209473,0.38827693462371826,0.09117905795574188,0.00021720677614212036,0.5262487257900101
237,3.2037229537963867,0.33101215958595276,0.09135948866605759,0.00018654018640518188,0.5270642201834862
238,3.4070396423339844,0.3542008697986603,0.09144707769155502,0.0004537329077720642,0.5267074413863405
239,3.195127010345459,0.27432510256767273,0.09150677174329758,0.00024056434631347656,0.5277777777777778
240,3.329817056655884,0.34955692291259766,0.09136644005775452,0.00016325712203979492,0.5314984709480123
241,3.0908212661743164,0.23984676599502563,0.09132647514343262,9.991973638534546e-05,0.5315494393476045
242,2.8318350315093994,0.30194705724716187,0.09148303419351578,0.0005178749561309814,0.528032619775739
243,3.20066499710083,0.2613986134529114,0.0914829894900322,0.0005090683698654175,0.5286952089704383
244,3.479301929473877,0.22622010111808777,0.09138932824134827,-0.00040346384048461914,0.5310397553516819
245,3.060645818710327,0.23537157475948334,0.09137847274541855,0.00010804831981658936,0.5308868501529052
246,3.0291738510131836,0.2875627875328064,0.09137336164712906,-0.00016532838344573975,0.5294597349643221
247,3.640512466430664,0.26191627979278564,0.09151054173707962,-0.00016394257545471191,0.530224260958206
248,3.1713154315948486,0.33228611946105957,0.09153930097818375,0.0005535334348678589,0.5295107033639144
249,3.0845274925231934,0.3462888300418854,0.09149990975856781,-5.730241537094116e-05,0.5275739041794087
250,3.176931381225586,0.24733281135559082,0.0916781947016716,-0.0001270100474357605,0.5332313965341489
251,2.9820218086242676,0.2768222689628601,0.0914713591337204,-0.00020261108875274658,0.530835881753313
252,2.9812495708465576,0.21601292490959167,0.09153660386800766,0.00020688027143478394,0.5278287461773701
253,3.056896686553955,0.23215371370315552,0.0916435495018959,0.0001766979694366455,0.5305810397553516
254,2.878458023071289,0.20998702943325043,0.09168466180562973,-9.119510650634766e-06,0.5312945973496432
255,2.907745361328125,0.3168279230594635,0.09165126085281372,1.0520219802856445e-05,0.5305300713557595
256,3.417332649230957,0.22070972621440887,0.09181588888168335,-4.7847628593444824e-05,0.5311926605504587
257,3.116513252258301,0.2377752661705017,0.09173367917537689,0.0003770217299461365,0.5340978593272171
258,2.941948890686035,0.25444918870925903,0.09159073233604431,1.7598271369934082e-05,0.532466870540265
259,3.2500834465026855,0.24323010444641113,0.09182269871234894,5.264580249786377e-05,0.5306829765545362
260,3.197114944458008,0.19232907891273499,0.0915810614824295,0.00036078691482543945,0.5330275229357798
261,3.2756154537200928,0.2111387848854065,0.09179152548313141,7.13542103767395e-05,0.5304281345565749
262,3.066911458969116,0.18889325857162476,0.09174252301454544,-0.0006009861826896667,0.5312945973496432
263,2.770110607147217,0.1824786514043808,0.09169851243495941,-6.116926670074463e-05,0.533282364933741
264,2.907871723175049,0.1915196180343628,0.09168323874473572,-0.00010972470045089722,0.5306829765545362
265,3.018784523010254,0.2222941517829895,0.0918096974492073,0.0002429559826850891,0.5303261977573904
266,3.008075475692749,0.25013017654418945,0.09177865087985992,-0.00014672428369522095,0.5307849133537207
267,3.1771128177642822,0.21120867133140564,0.09168855845928192,0.00018171221017837524,0.5328236493374108
268,2.9161434173583984,0.20182976126670837,0.09180396795272827,0.00017940253019332886,0.532262996941896
269,2.6748206615448,0.18996617197990417,0.09185807406902313,0.0003693997859954834,0.5316004077471967
270,3.2120840549468994,0.17578881978988647,0.09178919345140457,-6.651133298873901e-05,0.5334352701325178
271,2.956210136413574,0.17046281695365906,0.09169887751340866,0.0002681910991668701,0.5351681957186545
272,3.156147003173828,0.15846511721611023,0.09180623292922974,-4.798173904418945e-05,0.5348114169215087
273,2.9315953254699707,0.20218916237354279,0.09190196543931961,0.000321120023727417,0.5297145769622834
274,2.506376028060913,0.14184829592704773,0.09174670279026031,0.00013565272092819214,0.527217125382263
275,2.9045495986938477,0.19884619116783142,0.09185406565666199,0.0002683103084564209,0.5331804281345566
276,2.9543511867523193,0.18025977909564972,0.09180490672588348,0.0002789348363876343,0.5327217125382263
277,2.975759267807007,0.14443348348140717,0.09164708852767944,0.00019781291484832764,0.5340468909276249
278,3.0748684406280518,0.1844440996646881,0.09196119755506516,-0.00018199533224105835,0.5326197757390418
279,3.0016613006591797,0.16070306301116943,0.09180651605129242,4.071742296218872e-05,0.5334862385321101
280,3.2718796730041504,0.1636938899755478,0.09185852110385895,-0.00017154216766357422,0.5295107033639144
281,2.90671443939209,0.13170292973518372,0.09177634119987488,7.903575897216797e-05,0.5319571865443425
282,3.012697696685791,0.1630493402481079,0.09193995594978333,0.0005166828632354736,0.5330784913353721
283,3.247981548309326,0.12994050979614258,0.09176811575889587,0.0001886114478111267,0.5346075433231396
284,2.9835965633392334,0.16578389704227448,0.09188392013311386,0.0002971440553665161,0.5334862385321101
285,3.062121868133545,0.1410144865512848,0.09188056737184525,0.0004305541515350342,0.5331294597349643
286,3.246838331222534,0.1536111831665039,0.09193099290132523,0.0003518834710121155,0.5327726809378186
287,3.304145336151123,0.1387697458267212,0.0919584259390831,0.00013821572065353394,0.5324159021406728
288,3.2658543586730957,0.17419663071632385,0.09195221960544586,-7.200241088867188e-05,0.5306320081549439
289,2.8314661979675293,0.1351439356803894,0.09179840981960297,-0.00033906102180480957,0.5293068297655453
290,3.301649332046509,0.13532789051532745,0.09189196676015854,-0.00046546757221221924,0.5336391437308868
291,3.0980939865112305,0.16913288831710815,0.09191861748695374,-1.3418495655059814e-05,0.5339959225280326
292,3.2253518104553223,0.1279757022857666,0.09177373349666595,0.00032598525285720825,0.5335372069317024
293,3.1085453033447266,0.13963735103607178,0.09199511259794235,0.0002959445118904114,0.5337410805300714
294,3.342170238494873,0.11359640955924988,0.09191577136516571,-0.00022745132446289062,0.5337920489296636
295,3.063856363296509,0.16248220205307007,0.09198310971260071,0.00015995651483535767,0.5345565749235474
296,3.0272912979125977,0.1455371379852295,0.0917673334479332,0.00026693195104599,0.5370540265035678
297,3.2730300426483154,0.13909921050071716,0.09189546853303909,-0.0002645626664161682,0.532466870540265
298,3.059312343597412,0.14347976446151733,0.09198228269815445,-0.00011079758405685425,0.5366462793068297
299,3.2021281719207764,0.09278587251901627,0.09190434217453003,0.0001788511872291565,0.5344036697247706
300,2.8438329696655273,0.1067020520567894,0.09201463311910629,7.233023643493652e-05,0.5325688073394496
301,3.0765013694763184,0.12999218702316284,0.0918300449848175,0.0003253519535064697,0.5329255861365954
302,2.893157958984375,0.1202748492360115,0.09185044467449188,3.518909215927124e-05,0.5331804281345566
303,3.125049352645874,0.08121038228273392,0.09185238182544708,3.244727849960327e-05,0.5328236493374108
304,2.923917770385742,0.0870240181684494,0.09187687188386917,-0.0003481954336166382,0.5327217125382263
305,2.921627998352051,0.10032334923744202,0.09197959303855896,-6.000697612762451e-05,0.5334862385321101
306,3.403527021408081,0.11760342866182327,0.0918993279337883,-3.1299889087677e-05,0.5344546381243629
307,3.1493310928344727,0.12231192737817764,0.09211093187332153,8.275359869003296e-05,0.5329765545361875
308,3.0340285301208496,0.1128367930650711,0.09189315140247345,0.0001653432846069336,0.5352191641182467
309,3.2128002643585205,0.12312372773885727,0.09198644757270813,-0.00046186894178390503,0.5312945973496432
310,2.96159029006958,0.05577537417411804,0.0919855609536171,6.590038537979126e-05,0.5360346585117227
311,3.0802183151245117,0.10105282068252563,0.09190798550844193,0.0003531426191329956,0.5348114169215087
312,3.0907678604125977,0.10543666779994965,0.09199652820825577,0.00014953315258026123,0.5318042813455658
313,3.0131852626800537,0.09804465621709824,0.09188192337751389,-4.6387314796447754e-05,0.5325178389398573
314,2.719172716140747,0.10541220754384995,0.09191307425498962,1.4960765838623047e-05,0.5325178389398573
315,3.289524555206299,0.10406599938869476,0.09206567704677582,1.4550983905792236e-05,0.5355249745158002
316,3.0002222061157227,0.07793912291526794,0.09203214943408966,0.00022216886281967163,0.532059123343527
317,2.8247203826904297,0.10256393998861313,0.09203416854143143,-0.0004064589738845825,0.5319062181447503
318,3.179520606994629,0.08470594137907028,0.09196923673152924,0.00011474639177322388,0.5340978593272171
319,3.038658618927002,0.11068861931562424,0.0920276939868927,-0.00010301172733306885,0.532466870540265
320,3.115023612976074,0.07042678445577621,0.09195735305547714,-4.394352436065674e-05,0.5324159021406728
321,2.8848793506622314,0.09063210338354111,0.09196243435144424,0.000475078821182251,0.5347094801223241
322,2.9417200088500977,0.08472656458616257,0.09202414751052856,-1.89170241355896e-05,0.5337920489296636
323,3.459803342819214,0.08374014496803284,0.09204807877540588,0.0005018636584281921,0.5339449541284403
324,3.0991272926330566,0.09938972443342209,0.09191511571407318,0.0002863779664039612,0.5337920489296636
325,3.5308916568756104,0.07902304828166962,0.09213302284479141,-8.550286293029785e-05,0.5349133537206932
326,3.263638496398926,0.10693542659282684,0.09193220734596252,3.919005393981934e-06,0.5349643221202854
327,2.954766273498535,0.07460931688547134,0.09196487069129944,0.000251181423664093,0.5329255861365954
328,3.1541991233825684,0.07754284888505936,0.09202598035335541,-4.221498966217041e-05,0.5357798165137615
329,3.1535558700561523,0.08483360707759857,0.09207747131586075,-0.00015064328908920288,0.5366462793068297
330,3.333526372909546,0.10300704091787338,0.09211721271276474,5.692243576049805e-06,0.5330275229357798
331,3.0704684257507324,0.0748569667339325,0.09202447533607483,-0.00014268606901168823,0.5341488277268094
332,3.205721139907837,0.06224043667316437,0.09209221601486206,0.00021777302026748657,0.5343017329255861
333,3.171003818511963,0.0957915261387825,0.0919841006398201,0.0001198798418045044,0.5360346585117227
334,3.3866498470306396,0.09881244599819183,0.09215259552001953,6.32256269454956e-05,0.5353720693170234
335,2.925097703933716,0.08416607230901718,0.09201464056968689,0.00018220394849777222,0.536697247706422
336,3.32175874710083,0.08160348236560822,0.09203284978866577,-4.735589027404785e-05,0.5348623853211009
337,3.028992176055908,0.0968111902475357,0.09211064875125885,0.0005487874150276184,0.5373598369011213
338,3.3777074813842773,0.07812487334012985,0.0921291783452034,-0.0001057162880897522,0.535270132517839
339,2.9994149208068848,0.08559287339448929,0.0922495648264885,-8.495897054672241e-05,0.5358307849133537
340,2.993129014968872,0.07670509070158005,0.09206269681453705,-0.00026454776525497437,0.5352191641182467
341,2.8221356868743896,0.09055055677890778,0.09211917966604233,9.378790855407715e-05,0.5335372069317024
342,3.0249276161193848,0.06966955214738846,0.09200011193752289,0.0004075393080711365,0.5360346585117227
343,2.796347141265869,0.0760747641324997,0.09204451739788055,-8.941441774368286e-05,0.5350152905198777
344,2.9142990112304688,0.06785755604505539,0.09213583916425705,-0.00052662193775177,0.5339449541284403
345,2.7150635719299316,0.06466358155012131,0.09209219366312027,0.00016924738883972168,0.5369011213047911
346,3.0011038780212402,0.05792743340134621,0.09205707162618637,-1.564621925354004e-07,0.5361365953109072
347,3.1037302017211914,0.06275621056556702,0.09207924455404282,4.1872262954711914e-05,0.537308868501529
348,3.1013288497924805,0.05937965214252472,0.09200512617826462,0.0002164989709854126,0.5337410805300714
349,3.3370914459228516,0.05726832151412964,0.09219533950090408,2.0936131477355957e-06,0.5338430173292559
350,2.9445250034332275,0.060377564281225204,0.09212853014469147,0.0001714751124382019,0.5334352701325178
351,3.183971643447876,0.04917082190513611,0.09206424653530121,-0.00012958049774169922,0.5344036697247706
352,3.3094263076782227,0.05139981955289841,0.09208504855632782,0.00011818110942840576,0.5359327217125383
353,3.4330313205718994,0.06538361310958862,0.09209612756967545,0.00037782639265060425,0.5348623853211009
354,3.2419474124908447,0.06813890486955643,0.09215248376131058,-6.514787673950195e-05,0.5354230377166157
355,3.2387099266052246,0.055852580815553665,0.09224255383014679,-0.0003262162208557129,0.536697247706422
356,3.3701162338256836,0.05180768668651581,0.09210804104804993,0.000178508460521698,0.5370540265035678
357,2.9192075729370117,0.06835196912288666,0.09197385609149933,-0.00018379837274551392,0.5361875637104995
358,2.945216178894043,0.06127023696899414,0.09217369556427002,0.0003584325313568115,0.535881753312946
359,3.0393319129943848,0.061477161943912506,0.09195930510759354,0.00017099827527999878,0.5362385321100918
360,2.95499587059021,0.05730701982975006,0.09210468828678131,0.00039631128311157227,0.5336901121304791
361,3.356931447982788,0.0717320516705513,0.09197011590003967,0.0003545507788658142,0.5367482161060143
362,2.9286715984344482,0.07103468477725983,0.09217856079339981,0.00032192468643188477,0.5396534148827726
363,2.815915584564209,0.055207815021276474,0.0921257734298706,-0.0003318861126899719,0.5353211009174312
364,3.269364833831787,0.06091919541358948,0.09204898029565811,-3.129243850708008e-07,0.532262996941896
365,3.091491222381592,0.043939702212810516,0.09203783422708511,0.00010028481483459473,0.5347604485219164
366,3.033132553100586,0.07572990655899048,0.0920741930603981,-0.00011588633060455322,0.5380224260958206
367,3.2407727241516113,0.04723064601421356,0.09228604286909103,0.0004047080874443054,0.5348623853211009
368,3.1744818687438965,0.04985012114048004,0.09213376045227051,0.00035640597343444824,0.536085626911315
369,3.07389235496521,0.06532980501651764,0.09211202710866928,-0.00019125640392303467,0.5321100917431193
370,2.9999117851257324,0.05085626617074013,0.09212948381900787,4.157423973083496e-05,0.5331294597349643
371,2.920060634613037,0.05221699923276901,0.09202651679515839,0.00022140145301818848,0.5339959225280326
372,2.5661966800689697,0.07093259692192078,0.09214428812265396,0.00031850486993789673,0.5369011213047911
373,3.1634066104888916,0.04336700215935707,0.09220118820667267,0.00020157545804977417,0.5370030581039755
374,3.0949349403381348,0.04763666167855263,0.09213919192552567,8.684396743774414e-05,0.5363914373088685
375,3.0183866024017334,0.05099700391292572,0.09207657724618912,0.00018524378538131714,0.5361365953109072
376,3.420241594314575,0.0636231005191803,0.09209104627370834,0.0003244727849960327,0.5345565749235474
377,2.6937317848205566,0.06220235675573349,0.09222137928009033,1.7136335372924805e-05,0.5353720693170234
378,3.1489195823669434,0.05374560132622719,0.09216481447219849,-6.854534149169922e-07,0.5370030581039755
379,3.1689329147338867,0.03669795021414757,0.09212558716535568,-6.251037120819092e-05,0.5394495412844037
380,3.186359167098999,0.03653685003519058,0.09200355410575867,-4.75272536277771e-05,0.5370030581039755
381,3.1483333110809326,0.04294483736157417,0.09215489029884338,4.9151480197906494e-05,0.5360346585117227
382,2.9198970794677734,0.04354635998606682,0.0920504778623581,-0.00011260807514190674,0.5382772680937818
383,3.314258337020874,0.06467544287443161,0.09204485267400742,-4.2691826820373535e-05,0.5391946992864424
384,3.2326316833496094,0.04349474608898163,0.0920276939868927,4.81531023979187e-05,0.5370540265035678
385,3.220292329788208,0.04612807556986809,0.09197597205638885,-1.4685094356536865e-05,0.536289500509684
386,3.1870386600494385,0.04014120250940323,0.09205739945173264,6.362795829772949e-05,0.5341488277268094
387,2.965327262878418,0.05738873407244682,0.09195176512002945,7.921457290649414e-05,0.5395005096839959
388,2.975224733352661,0.03709142655134201,0.09206883609294891,-3.4615397453308105e-05,0.5339959225280326
389,3.1033926010131836,0.03903352469205856,0.09198050200939178,9.25213098526001e-05,0.5347604485219164
390,2.822033405303955,0.037683743983507156,0.09207107871770859,0.00021032243967056274,0.5370540265035678
391,3.2438626289367676,0.04228396341204643,0.09204117208719254,7.62939453125e-05,0.5357288481141692
392,3.1780972480773926,0.036560509353876114,0.09192878007888794,0.0002062097191810608,0.5340468909276249
393,3.120372772216797,0.035446710884571075,0.09204276651144028,-0.00021823495626449585,0.5356269113149847
394,3.0146963596343994,0.04144288972020149,0.09200319647789001,0.00017562508583068848,0.5361875637104995
395,3.3080649375915527,0.04770137369632721,0.0920659527182579,-0.0001018419861793518,0.5347604485219164
396,3.1662065982818604,0.037884052842855453,0.09197346866130829,0.00010686367750167847,0.5356778797145769
397,3.3254823684692383,0.038310982286930084,0.09192196279764175,-5.804002285003662e-05,0.5384811416921509
398,2.877980947494507,0.04150521755218506,0.09203477203845978,0.00036178529262542725,0.5363404689092762
399,2.742013931274414,0.037881579250097275,0.09205100685358047,0.00019814074039459229,0.5350662589194699
400,3.057297706604004,0.0301008690148592,0.09201361238956451,0.0003055185079574585,0.5360346585117227
401,3.434725284576416,0.05139455944299698,0.09205664694309235,-1.6652047634124756e-05,0.5346075433231396
402,3.195650339126587,0.028725814074277878,0.09216215461492538,0.0001176595687866211,0.5358307849133537
403,3.231729030609131,0.039806485176086426,0.09213986247777939,0.00010875612497329712,0.5357288481141692
404,2.9476993083953857,0.04396386444568634,0.09207750856876373,0.00013101845979690552,0.5364424057084608
405,3.200533390045166,0.03807954862713814,0.09215456992387772,-3.904104232788086e-05,0.5349133537206932
406,3.151890277862549,0.0500316359102726,0.0920625850558281,-1.5445053577423096e-05,0.5356269113149847
407,3.4148077964782715,0.035885948687791824,0.09224268794059753,0.0005049556493759155,0.5371559633027523
408,3.5111804008483887,0.04846763610839844,0.09213275462388992,0.00011628866195678711,0.5389398572884812
409,2.9720101356506348,0.03528399020433426,0.09208076447248459,-0.00018399953842163086,0.5385321100917431
410,2.890872001647949,0.03699135035276413,0.09224411100149155,-0.00025976449251174927,0.5385321100917431
411,3.1942715644836426,0.03682279959321022,0.09214086085557938,-0.00025585293769836426,0.5391946992864424
412,2.9535372257232666,0.03941097855567932,0.09222802519798279,-0.00015616416931152344,0.5362385321100918
413,3.1783809661865234,0.037910085171461105,0.09216005355119705,0.0003111511468887329,0.5374108053007136
414,3.1366477012634277,0.04418870061635971,0.0921560674905777,6.771087646484375e-05,0.5377166156982671
415,3.064594030380249,0.029950309544801712,0.09228789806365967,0.00023912638425827026,0.5379714576962283
416,3.10068941116333,0.02844497375190258,0.09233681857585907,9.375810623168945e-05,0.5363404689092762
417,3.11076283454895,0.03154635429382324,0.09229672700166702,-0.00021861493587493896,0.5358307849133537
418,2.594426155090332,0.03087015450000763,0.09236699342727661,-0.00012302398681640625,0.5384811416921509
419,3.0570108890533447,0.031056810170412064,0.0923604741692543,9.500235319137573e-05,0.5383792048929663
420,3.2649788856506348,0.03228467330336571,0.09226538240909576,-3.0517578125e-05,0.5380733944954128
421,2.857461452484131,0.03434270992875099,0.0923265591263771,-7.286667823791504e-05,0.5378695208970439
422,2.8819332122802734,0.04235976189374924,0.09230241179466248,-0.00029703229665756226,0.5391946992864424
423,3.132585048675537,0.03150277957320213,0.09246384352445602,-4.000961780548096e-05,0.5386340468909276
424,3.357607364654541,0.03367766737937927,0.09232375770807266,0.0001412034034729004,0.5388888888888889
425,3.0661277770996094,0.02417765185236931,0.09249891340732574,4.873424768447876e-05,0.5389398572884812
426,3.261343002319336,0.03012041561305523,0.0924098938703537,0.0002704933285713196,0.5370540265035678
427,3.3467016220092773,0.025443987920880318,0.09239574521780014,-5.602836608886719e-06,0.5369011213047911
428,3.002951145172119,0.031307823956012726,0.09236089885234833,-5.848705768585205e-05,0.5369011213047911
429,2.8846235275268555,0.030800987035036087,0.09240580350160599,-4.173070192337036e-05,0.5373598369011213
430,3.041017532348633,0.02917340025305748,0.09220436215400696,-0.00013018399477005005,0.5397553516819572
431,3.1451950073242188,0.036409199237823486,0.09227968007326126,-8.535385131835938e-05,0.5370030581039755
432,3.214427947998047,0.041845716536045074,0.09229032695293427,0.00024502724409103394,0.5379714576962283
433,3.016680955886841,0.0377652682363987,0.09251663833856583,0.00012395530939102173,0.5365953109072376
434,3.1087722778320312,0.03330269083380699,0.092411570250988,-0.00013612955808639526,0.5385321100917431
435,3.1046535968780518,0.028281738981604576,0.09248848259449005,2.181529998779297e-05,0.53710499490316
436,2.9246819019317627,0.02385975606739521,0.0922887846827507,-4.303455352783203e-05,0.539296636085627
437,3.133671760559082,0.036121755838394165,0.09244437515735626,1.7955899238586426e-06,0.5385321100917431
438,3.38435697555542,0.031955502927303314,0.09240598231554031,-1.2703239917755127e-05,0.5390927624872579
439,3.0852744579315186,0.01973055861890316,0.09242942929267883,7.284432649612427e-05,0.5396534148827726
440,3.1338119506835938,0.028230275958776474,0.09233099222183228,0.0001711323857307434,0.5371559633027523
441,3.277817726135254,0.03216167539358139,0.0924755111336708,8.634477853775024e-05,0.5381753312945974
442,3.0171279907226562,0.032530710101127625,0.09237668663263321,2.0489096641540527e-05,0.5386340468909276
443,3.191155433654785,0.028826553374528885,0.0923725888133049,0.0002846941351890564,0.5398063200815494
444,3.1915810108184814,0.0230692271143198,0.092341348528862,0.00020907074213027954,0.5389398572884812
445,3.2290780544281006,0.03138398751616478,0.0924118161201477,3.343075513839722e-05,0.5388888888888889
446,3.3267180919647217,0.02836798131465912,0.09245584160089493,-7.255375385284424e-05,0.5375637104994904
447,3.313148260116577,0.02172601781785488,0.09240207821130753,-0.00018677860498428345,0.5375637104994904
448,3.1649062633514404,0.020468899980187416,0.09220843017101288,-9.58070158958435e-05,0.537308868501529
449,3.117875099182129,0.028410065919160843,0.09240179508924484,-9.350478649139404e-06,0.5396534148827726
450,2.8028430938720703,0.032422520220279694,0.09229659289121628,-3.381073474884033e-05,0.5374108053007136
451,2.954937219619751,0.026174873113632202,0.09237122535705566,0.000104464590549469,0.5384301732925586
452,3.186748504638672,0.025823067873716354,0.0922861248254776,0.00011228024959564209,0.5381753312945974
453,3.4765472412109375,0.026199327781796455,0.092331163585186,0.0001950785517692566,0.5376656472986748
454,3.296403646469116,0.027475634589791298,0.09237134456634521,0.00024198740720748901,0.5392456676860347
455,3.063760757446289,0.02201739512383938,0.09234258532524109,0.000149458646774292,0.5382262996941896
456,3.08528470993042,0.026856372132897377,0.09232161194086075,-0.00020284205675125122,0.5382772680937818
457,2.992469549179077,0.030215196311473846,0.09223231673240662,-0.000132732093334198,0.5361365953109072
458,2.8614985942840576,0.03001924604177475,0.0923493430018425,0.00023577362298965454,0.536085626911315
459,3.1063528060913086,0.026219457387924194,0.09218687564134598,-0.00042939186096191406,0.5372069317023446
460,3.195754051208496,0.026460638269782066,0.09227613359689713,-0.0001512765884399414,0.5385321100917431
461,3.3328189849853516,0.02244573086500168,0.09219089895486832,0.00020793825387954712,0.5387869520897044
462,2.990387201309204,0.03065672144293785,0.09231313318014145,0.00027277320623397827,0.5371559633027523
463,2.8920843601226807,0.035046134144067764,0.09219823777675629,0.00014057010412216187,0.5376146788990825
464,2.848803758621216,0.03232838213443756,0.09229371696710587,0.0004111826419830322,0.5385321100917431
465,3.1072473526000977,0.03417409956455231,0.09212692826986313,-0.00019355863332748413,0.5363914373088685
466,3.1448516845703125,0.025068707764148712,0.09218185395002365,6.426125764846802e-05,0.5367991845056065
467,3.060957908630371,0.02151251770555973,0.09219519048929214,2.216547727584839e-05,0.5366462793068297
468,3.2953615188598633,0.01960710622370243,0.09218459576368332,-0.000125788152217865,0.5361875637104995
469,3.1084938049316406,0.027674738317728043,0.09205935895442963,1.6391277313232422e-06,0.5408766564729868
470,3.3385634422302246,0.035345230251550674,0.09217678755521774,0.00020494312047958374,0.5370540265035678
471,2.864314079284668,0.023452740162611008,0.09198948740959167,0.0002983659505844116,0.5376146788990825
472,3.1410040855407715,0.026052776724100113,0.09221243113279343,0.0001321062445640564,0.5383792048929663
473,3.1669070720672607,0.0285179503262043,0.09216706454753876,0.00040349364280700684,0.5342507645259938
474,2.810872793197632,0.024437595158815384,0.09209244698286057,-0.00022727251052856445,0.5406218144750254
475,2.970721483230591,0.017975687980651855,0.09219126403331757,0.00021797418594360352,0.5353211009174312
476,3.101715087890625,0.029786286875605583,0.09189333021640778,1.7665326595306396e-05,0.5379714576962283
477,3.1796658039093018,0.0235948134213686,0.09199725091457367,0.0001391395926475525,0.5366462793068297
478,3.1925859451293945,0.029981445521116257,0.09219297766685486,-0.00010702013969421387,0.5389398572884812
479,3.225356340408325,0.02675587870180607,0.09214068949222565,0.00022621452808380127,0.5377675840978593
480,2.9098005294799805,0.018660716712474823,0.09201230853796005,-4.9933791160583496e-05,0.5413863404689093
481,2.7370312213897705,0.02248840406537056,0.09204207360744476,-0.0001010894775390625,0.53710499490316
482,3.3747005462646484,0.022426454350352287,0.0920964926481247,0.00016123801469802856,0.5336391437308868
483,3.1985251903533936,0.026038793846964836,0.0919916033744812,0.000275343656539917,0.536289500509684
484,3.3764851093292236,0.021456250920891762,0.09187000244855881,5.383789539337158e-05,0.5357288481141692
485,2.88350510597229,0.02069917321205139,0.09204991161823273,0.0002015829086303711,0.5357288481141692
486,3.034118413925171,0.019129440188407898,0.09202688187360764,-0.00012529641389846802,0.5360346585117227
487,3.0887858867645264,0.021077007055282593,0.09195609390735626,3.229081630706787e-05,0.5361365953109072
488,3.059831380844116,0.025893716141581535,0.09211118519306183,-0.00015043467283248901,0.5382262996941896
489,3.024228572845459,0.021403832361102104,0.09208746999502182,-0.00016063451766967773,0.5356269113149847
490,3.0359139442443848,0.018070900812745094,0.09206700325012207,0.00014340132474899292,0.5372579001019367
491,3.110836982727051,0.01748768240213394,0.09213031828403473,-0.00015697628259658813,0.5363914373088685
492,2.932436943054199,0.01774727553129196,0.09198340028524399,-0.00010082870721817017,0.536289500509684
493,2.9606552124023438,0.018907753750681877,0.09212710708379745,0.0003378242254257202,0.5378695208970439
494,2.937901496887207,0.02216346189379692,0.09195896983146667,0.00021477043628692627,0.5365443425076453
495,2.8968892097473145,0.021661393344402313,0.09196063131093979,-6.758421659469604e-05,0.5367482161060143
496,2.8673431873321533,0.019029324874281883,0.09212397783994675,-0.00015842914581298828,0.5369011213047911
497,3.3390297889709473,0.018961243331432343,0.09198886901140213,-2.6419758796691895e-05,0.5367482161060143
498,3.2392749786376953,0.019412951543927193,0.09216013550758362,0.0003741532564163208,0.5382262996941896
499,2.780803918838501,0.01711498387157917,0.09207969903945923,-0.0001305118203163147,0.540519877675841
