,loss_g,loss_d,loss_test,w_distance,acc
0,3.346217393875122,8.766809463500977,0.24693353474140167,0.000244729220867157,0.17784328174895603
1,2.8032147884368896,8.616957664489746,0.24223217368125916,-0.00014322251081466675,0.17401129943502824
2,2.9213907718658447,8.623213768005371,0.2372717410326004,-5.619227886199951e-05,0.18246131171702284
3,2.802398681640625,8.474898338317871,0.23162944614887238,-7.89538025856018e-05,0.18393515106853353
4,2.487243890762329,8.317842483520508,0.22609196603298187,0.00018474459648132324,0.18486858265782363
5,3.061249256134033,8.293871879577637,0.22058208286762238,0.000279746949672699,0.18816015720953083
6,3.035966157913208,8.30182933807373,0.21555203199386597,5.7250261306762695e-05,0.189240972733972
7,3.028322458267212,8.31442642211914,0.21044479310512543,0.0001634657382965088,0.18462294276590518
8,2.6786396503448486,8.22641658782959,0.20531921088695526,-0.00015891343355178833,0.17907148120854827
9,2.6058268547058105,8.230142593383789,0.2005893886089325,-0.00010160356760025024,0.1770081061164333
10,2.994033098220825,8.032319068908691,0.19610100984573364,6.87912106513977e-05,0.18329648734954557
11,2.840435028076172,8.008049011230469,0.19151628017425537,0.00014667212963104248,0.17971014492753623
12,2.7686586380004883,7.984696865081787,0.18607112765312195,-0.00024087727069854736,0.1794153770572341
13,3.2360854148864746,7.811066627502441,0.1813035011291504,-8.31112265586853e-05,0.1751412429378531
14,2.620400905609131,7.781255722045898,0.1762101948261261,-3.4108757972717285e-05,0.17622205846229427
15,2.678209066390991,7.673662185668945,0.17198650538921356,0.0001617223024368286,0.18147875214934905
16,2.737806558609009,7.631630897521973,0.16659176349639893,-0.00015817582607269287,0.17730287398673544
17,3.1129846572875977,7.48135232925415,0.16125929355621338,-0.000126570463180542,0.17582903463522476
18,2.9425926208496094,7.5663323402404785,0.15660683810710907,3.440678119659424e-05,0.17627118644067796
19,3.0344746112823486,7.521280765533447,0.15219765901565552,-7.501989603042603e-05,0.17808892164087448
20,2.8425021171569824,7.493651866912842,0.1472017914056778,6.365031003952026e-05,0.1798575288626873
21,2.6003365516662598,7.576746940612793,0.14297427237033844,-0.0002695024013519287,0.18059444853844264
22,3.049769639968872,7.20719575881958,0.1382637768983841,0.0005735382437705994,0.1789240972733972
23,2.895448923110962,7.1915082931518555,0.13396276533603668,-4.494190216064453e-05,0.1794153770572341
24,3.0128989219665527,7.1619720458984375,0.1296122521162033,0.00013891607522964478,0.18142962417096536
25,2.9247829914093018,7.078466892242432,0.12569250166416168,-0.00014317035675048828,0.17440432326209776
26,2.943739175796509,6.947805404663086,0.12086915224790573,0.00015548616647720337,0.18039793662490788
27,3.0282013416290283,6.747716426849365,0.11686453968286514,0.00023529678583145142,0.18039793662490788
28,2.835202932357788,6.775774002075195,0.11297711730003357,0.00028189271688461304,0.18206828788995333
29,2.8301923274993896,6.629157543182373,0.10898695141077042,-0.00023523718118667603,0.18039793662490788
30,3.04949688911438,6.628133773803711,0.10417097806930542,-0.0003451332449913025,0.17538688282977155
31,2.718120574951172,6.278810977935791,0.10009357333183289,-9.690225124359131e-05,0.17582903463522476
32,2.631690740585327,6.40577507019043,0.09600664675235748,-4.887580871582031e-05,0.17971014492753623
33,2.8243627548217773,6.258223533630371,0.09213364124298096,4.120171070098877e-05,0.17877671333824613
34,2.9410548210144043,6.07638692855835,0.08768289536237717,-0.00011201947927474976,0.1789240972733972
35,2.795616626739502,6.213325500488281,0.08364032208919525,0.00019727647304534912,0.17759764185703758
36,2.9633800983428955,5.77156925201416,0.0799165889620781,-1.6421079635620117e-05,0.18015229673298944
37,3.198352813720703,5.473031044006348,0.07621502876281738,0.00040383636951446533,0.18025055268975682
38,2.566429615020752,5.6128435134887695,0.07295111566781998,-0.00012239813804626465,0.17862932940309506
39,2.9472055435180664,5.348446369171143,0.06980805099010468,0.00016391277313232422,0.18142962417096536
40,2.594527006149292,5.1543169021606445,0.06626425683498383,0.0004737749695777893,0.17867845738147875
41,3.057835578918457,5.182332992553711,0.06310295313596725,-0.00021379441022872925,0.18187177597641857
42,2.9234306812286377,4.980154037475586,0.05997877195477486,0.00023221969604492188,0.1751412429378531
43,3.1378121376037598,4.910120487213135,0.05724416673183441,0.00017523020505905151,0.1803488086465242
44,2.7726056575775146,4.35854959487915,0.05481632053852081,3.2573938369750977e-05,0.1766150822893638
45,2.7146668434143066,4.644458293914795,0.05191313847899437,0.00029309093952178955,0.1742569393269467
46,3.046748638153076,4.094230651855469,0.04857319965958595,-1.6570091247558594e-05,0.17764676983542127
47,2.4298007488250732,4.1326470375061035,0.04696260020136833,0.0003889501094818115,0.17931712110046671
48,2.6422131061553955,3.994555711746216,0.043586380779743195,0.00011667609214782715,0.18118398427904692
49,2.9230759143829346,3.790700912475586,0.041653089225292206,-0.00014740228652954102,0.1779906656841071
50,2.9597012996673584,3.705641508102417,0.039603374898433685,-0.0001650005578994751,0.17528862687300417
51,2.987905502319336,3.6289024353027344,0.03752029314637184,-7.39172101020813e-05,0.17735200196511913
52,3.253202438354492,3.2053682804107666,0.03542494773864746,0.00024856626987457275,0.1831491034143945
53,2.993134021759033,3.2556681632995605,0.03344442695379257,-2.47955322265625e-05,0.18339474330631295
54,2.642960548400879,3.083818197250366,0.0318385511636734,1.6324222087860107e-05,0.17877671333824613
55,2.542846441268921,2.737992286682129,0.029582969844341278,0.0005360022187232971,0.1812822402358143
56,2.500697374343872,2.736454725265503,0.028238823637366295,0.0005949586629867554,0.1779415377057234
57,2.8817031383514404,2.9483816623687744,0.026806876063346863,-2.7529895305633545e-05,0.18015229673298944
58,3.269538164138794,2.1940340995788574,0.02515147253870964,0.0003033056855201721,0.17592729059199214
59,2.5394158363342285,2.5355966091156006,0.023868579417467117,-0.0002808123826980591,0.17666421026774748
60,2.768068313598633,2.2466742992401123,0.022481024265289307,0.0003345087170600891,0.1822156718251044
61,3.11940860748291,2.4893572330474854,0.021015718579292297,0.0002877563238143921,0.17450257921886514
62,2.902988910675049,2.2727136611938477,0.020019259303808212,-0.00030753761529922485,0.18118398427904692
63,2.833442449569702,1.7842403650283813,0.018742887303233147,-5.774199962615967e-06,0.18285433554409236
64,2.6990280151367188,2.3335318565368652,0.01782034896314144,-0.00026547908782958984,0.18280520756570867
65,3.0030035972595215,2.1317315101623535,0.01663287729024887,0.0005745887756347656,0.18142962417096536
66,2.592557668685913,2.0526835918426514,0.016103938221931458,0.0005583316087722778,0.18378776713338246
67,2.892813205718994,2.2774200439453125,0.014983214437961578,8.66129994392395e-05,0.179906656841071
68,2.7367820739746094,2.274489402770996,0.014226548373699188,-0.0007396712899208069,0.18069270449521002
69,3.0484023094177246,2.395225763320923,0.013503934256732464,0.0004368796944618225,0.18025055268975682
70,2.954620599746704,2.616056442260742,0.012589930556714535,-0.0004949495196342468,0.17956276099238516
71,2.736459732055664,1.9152857065200806,0.012016967870295048,-8.411705493927002e-06,0.18010316875460575
72,2.801342725753784,2.187526226043701,0.011379514820873737,0.0005129054188728333,0.18290346352247605
73,2.6944539546966553,2.3859012126922607,0.010843943804502487,-0.00011218339204788208,0.17902235323016458
74,3.1505374908447266,2.5244064331054688,0.010080767795443535,0.00037960708141326904,0.18437730287398674
75,2.7306559085845947,2.307800531387329,0.009831027127802372,0.000738874077796936,0.17577990665684107
76,2.346944570541382,2.0797810554504395,0.009508154354989529,-7.53551721572876e-05,0.18334561532792926
77,2.7847347259521484,2.217355966567993,0.008574487641453743,-0.0005792006850242615,0.1831982313927782
78,2.736891746520996,2.6663129329681396,0.008116023615002632,-0.00014594942331314087,0.17853107344632768
79,2.6946446895599365,1.7431344985961914,0.00803226139396429,6.592273712158203e-05,0.17784328174895603
80,3.3594303131103516,2.2209763526916504,0.007272679358720779,8.44225287437439e-05,0.18300171947924343
81,2.834322929382324,2.676551103591919,0.006873319391161203,0.00023438036441802979,0.1789240972733972
82,2.823491096496582,2.0618889331817627,0.006555438973009586,-0.0004588589072227478,0.1798084008843036
83,2.8762266635894775,1.802618384361267,0.006345937494188547,0.00013504177331924438,0.1803488086465242
84,2.256000518798828,1.9930963516235352,0.006083576940000057,3.7804245948791504e-05,0.17533775485138786
85,2.9252610206604004,2.0701262950897217,0.005764294415712357,0.0004495009779930115,0.17961188897076885
86,2.875110626220703,2.218615770339966,0.005419826600700617,0.0003697425127029419,0.18182264799803488
87,2.986074447631836,2.162752628326416,0.005094044376164675,-0.00021930783987045288,0.17946450503561778
88,2.8565750122070312,2.010864496231079,0.004936642944812775,-0.0003812834620475769,0.17622205846229427
89,2.794039011001587,1.973388671875,0.004616206977516413,0.000700339674949646,0.1822647998034881
90,2.7172796726226807,1.8605481386184692,0.004370733629912138,0.0003941729664802551,0.17862932940309506
91,2.547908067703247,2.4706058502197266,0.004361549858003855,-7.42003321647644e-05,0.18049619258167526
92,2.5211331844329834,1.6236642599105835,0.004284636117517948,4.480034112930298e-05,0.17872758535986244
93,2.949232816696167,1.839761734008789,0.0038802095223218203,0.001079946756362915,0.18064357651682633
94,2.7168354988098145,2.045867681503296,0.0037730238400399685,-0.00037958472967147827,0.18000491279783837
95,3.080970287322998,1.797182559967041,0.003540454665198922,0.000394284725189209,0.17695897813804962
96,3.2464189529418945,1.6803076267242432,0.0033486043103039265,1.9505620002746582e-05,0.17577990665684107
97,2.4454174041748047,1.7338333129882812,0.003214982571080327,0.000443972647190094,0.18025055268975682
98,2.7756972312927246,1.9935380220413208,0.003066037083044648,2.683699131011963e-05,0.18005404077622206
99,2.7008299827575684,1.5298545360565186,0.0030243219807744026,0.000311046838760376,0.17715549005158437
100,2.826833486557007,1.8052531480789185,0.0029032453894615173,0.00010413676500320435,0.1789732252517809
101,2.826571226119995,2.1006298065185547,0.0027806423604488373,0.00015956908464431763,0.1747482191107836
102,2.5943751335144043,1.9059613943099976,0.002622294006869197,0.0004309415817260742,0.17641857037582903
103,2.3817319869995117,2.1398558616638184,0.0025171414017677307,0.0008117705583572388,0.1750921149594694
104,2.9683914184570312,1.809942364692688,0.002362189581617713,-0.00013528764247894287,0.1742569393269467
105,2.5795769691467285,1.6717835664749146,0.0023689812514930964,-4.541128873825073e-05,0.17317612380250552
106,2.6087656021118164,1.7585595846176147,0.00216673593968153,0.0003168657422065735,0.17641857037582903
107,3.2112998962402344,1.7901787757873535,0.002126929350197315,0.0002512112259864807,0.17710636207320068
108,2.8842294216156006,1.6121492385864258,0.0020290936809033155,0.00028154999017715454,0.178481945467944
109,2.7225341796875,1.73663330078125,0.0019937942270189524,0.00033011287450790405,0.17686072218128224
110,2.6774492263793945,1.6948779821395874,0.0019580009393393993,-0.00046081095933914185,0.1789732252517809
111,2.9948837757110596,1.5582205057144165,0.0018511043163016438,-0.00014294683933258057,0.17907148120854827
112,2.586756467819214,1.5758103132247925,0.0016765586333349347,0.00019347667694091797,0.17057234094816998
113,2.840095281600952,1.7346155643463135,0.0016543326200917363,0.0005013570189476013,0.17553426676492262
114,3.009883403778076,1.9411567449569702,0.00162878364790231,-6.368756294250488e-05,0.17779415377057234
115,2.738703489303589,1.2649283409118652,0.0015864830929785967,0.0004050135612487793,0.17858020142471137
116,2.7805581092834473,1.8334249258041382,0.0015176540473476052,-0.0003849118947982788,0.17523949889462048
117,2.6010358333587646,1.9244377613067627,0.0014180672587826848,-0.00014850497245788574,0.1783836895111766
118,2.9220571517944336,1.498124599456787,0.001391365542076528,-0.00037294626235961914,0.1784328174895603
119,2.843815326690674,1.852425217628479,0.0013983380049467087,0.0002707540988922119,0.1774993859002702
120,2.93802547454834,1.4262704849243164,0.0012859951239079237,-0.0006773993372917175,0.178481945467944
121,2.565009593963623,1.5062577724456787,0.0012755370698869228,-0.0001763850450515747,0.1779415377057234
122,2.6180765628814697,1.252719759941101,0.0012352586491033435,-8.22991132736206e-05,0.177057234094817
123,2.6386704444885254,1.5557023286819458,0.0012287833960726857,-1.3783574104309082e-06,0.17931712110046671
124,2.791989803314209,1.6141977310180664,0.0011945004807785153,-8.605420589447021e-06,0.17406042741341193
125,2.6888644695281982,1.3345202207565308,0.0011314346920698881,0.00022733956575393677,0.17774502579218865
126,3.0966415405273438,1.518275499343872,0.0010927061084657907,-0.0002706274390220642,0.17577990665684107
127,2.8972816467285156,1.4331331253051758,0.0010861841728910804,-0.0001516193151473999,0.17381478752149349
128,2.671313524246216,1.4603173732757568,0.001011036103591323,0.0006199479103088379,0.17406042741341193
129,3.2072722911834717,1.215786337852478,0.0009744777344167233,0.00011560320854187012,0.1798575288626873
130,2.8115406036376953,1.3197546005249023,0.0009660858195275068,-0.00045944005250930786,0.1700319331859494
131,2.830575466156006,1.2906733751296997,0.0009298641234636307,-0.00016085803508758545,0.17597641857037583
132,2.862175226211548,1.1730362176895142,0.0008929663454182446,-0.00035727769136428833,0.17347089167280766
133,2.4504032135009766,1.3676483631134033,0.0008529394399374723,0.00024186819791793823,0.17180054040776221
134,2.652466058731079,1.5054010152816772,0.000821214634925127,3.2551586627960205e-05,0.1779906656841071
135,2.5797455310821533,1.2196825742721558,0.0008203157922253013,-3.8780272006988525e-05,0.17641857037582903
136,2.735017776489258,1.2152295112609863,0.0008057427476160228,-0.0004982352256774902,0.17740112994350282
137,2.6964380741119385,1.34230375289917,0.0007916982285678387,-0.000299699604511261,0.17391304347826086
138,2.6868677139282227,1.0082980394363403,0.0007582248072139919,-0.000425778329372406,0.1746990911323999
139,2.5809667110443115,1.205658197402954,0.0007318264688365161,0.0003225952386856079,0.17622205846229427
140,2.7623846530914307,1.2834725379943848,0.0007123724208213389,-0.0006496533751487732,0.1732252517808892
141,2.978560209274292,1.1451092958450317,0.000677596777677536,0.00014140456914901733,0.17759764185703758
142,2.735828399658203,1.116896629333496,0.0006812899955548346,-0.0004961639642715454,0.17548513878653893
143,2.8442561626434326,1.4497992992401123,0.0006584430229850113,0.00026038289070129395,0.17602554654875952
144,2.8160037994384766,1.1135238409042358,0.0006587413954548538,0.00014322251081466675,0.1765168263325964
145,2.8819515705108643,1.202498197555542,0.0006159068434499204,-0.00032588839530944824,0.17361827560795873
146,2.7357664108276367,1.103560209274292,0.0006090227980166674,0.0007033571600914001,0.17445345124048145
147,2.5201306343078613,1.356447696685791,0.000599931925535202,-0.00022208690643310547,0.17337263571604028
148,2.562731981277466,1.3046753406524658,0.0005919516552239656,0.0001734420657157898,0.17740112994350282
149,2.7843945026397705,1.2855247259140015,0.0005757904727943242,0.00036178529262542725,0.1747482191107836
150,3.04677414894104,1.1021283864974976,0.000567813403904438,-0.0011029615998268127,0.1746499631540162
151,2.9251961708068848,1.4431618452072144,0.0005361865041777492,-0.00019518285989761353,0.17720461802996806
152,3.0390515327453613,1.033279299736023,0.0005426437128335238,-0.0007184222340583801,0.18054532056005895
153,2.916926860809326,1.072441577911377,0.0005295688170008361,0.00014904141426086426,0.17553426676492262
154,2.8384573459625244,1.1488616466522217,0.0004980450612492859,0.0005994811654090881,0.17735200196511913
155,2.7760825157165527,1.1505457162857056,0.00047824883949942887,-0.0006244853138923645,0.17489560304593466
156,2.7656447887420654,1.0225051641464233,0.0004771380918100476,0.0004004538059234619,0.17902235323016458
157,3.190746307373047,0.9727349281311035,0.0004613871860783547,-0.00017005205154418945,0.1722918201915991
158,2.8538434505462646,1.1261167526245117,0.0004518379573710263,0.0003814324736595154,0.17479734708916728
159,2.7196621894836426,0.948030412197113,0.00044122987310402095,4.298985004425049e-05,0.1732743797592729
160,2.5338220596313477,1.0703227519989014,0.00043570614070631564,7.015466690063477e-05,0.17366740358634242
161,2.6820228099823,0.9191457629203796,0.0004104771069251001,0.0004312172532081604,0.17440432326209776
162,2.5534164905548096,0.8630486130714417,0.0004270593635737896,7.469207048416138e-05,0.17548513878653893
163,2.692185401916504,0.8782614469528198,0.0004116376512683928,0.00012149661779403687,0.1789732252517809
164,3.1821532249450684,0.8508954048156738,0.00037222314858809114,-0.0005801916122436523,0.1780397936624908
165,2.985724925994873,0.9735517501831055,0.00038709508953616023,4.669278860092163e-05,0.17548513878653893
166,2.4661505222320557,0.8327111005783081,0.00037721803528256714,0.0001893267035484314,0.17641857037582903
167,2.766192674636841,0.9910604953765869,0.00036727508995682,-5.771219730377197e-05,0.17720461802996806
168,2.677574396133423,0.9441952705383301,0.00036342040402814746,0.00010965019464492798,0.17366740358634242
169,2.6685194969177246,1.0478278398513794,0.0003544683277141303,-0.00028030574321746826,0.17381478752149349
170,3.2048075199127197,0.9704172015190125,0.000348970788763836,0.00021892786026000977,0.16968803733726356
171,2.656087875366211,0.5160733461380005,0.00033036660170182586,-0.00039051473140716553,0.17121100466715794
172,2.8466711044311523,0.7958114147186279,0.00032307926448993385,0.0002257823944091797,0.1789240972733972
173,2.8603744506835938,0.8478452563285828,0.0003296307986602187,-0.0001974254846572876,0.17479734708916728
174,2.887897253036499,0.8174023032188416,0.00030732451705262065,0.0002300664782524109,0.17224269221321542
175,2.486448287963867,0.7731351256370544,0.00032042578095570207,-4.3354928493499756e-05,0.1714566445590764
176,2.755269765853882,0.7477157115936279,0.00029822488431818783,-0.0002739354968070984,0.17111274871039056
177,2.801164388656616,0.6951127052307129,0.0002860466483980417,-3.1247735023498535e-05,0.1690985015966593
178,2.6917965412139893,0.802945077419281,0.0002931555500254035,-8.372962474822998e-05,0.17764676983542127
179,2.874119997024536,0.5736208558082581,0.0002872466866392642,6.67572021484375e-05,0.17101449275362318
180,3.1625747680664062,0.7892025113105774,0.0002657269360497594,1.7933547496795654e-05,0.17130926062392532
181,2.906601667404175,0.724781334400177,0.00026564413565211,-0.0003520846366882324,0.17194792434291328
182,2.522556781768799,0.6600149869918823,0.00027167698135599494,0.0003054514527320862,0.17450257921886514
183,2.836411476135254,0.7285066246986389,0.0002609879011288285,6.454437971115112e-05,0.17627118644067796
184,2.6816208362579346,0.7117563486099243,0.0002568537602201104,0.00045881420373916626,0.1742569393269467
185,2.2505292892456055,0.6786063313484192,0.00025399585138075054,0.00018733739852905273,0.17130926062392532
186,2.7604622840881348,0.6108835935592651,0.0002478471433278173,-1.1973083019256592e-05,0.17592729059199214
187,2.7229971885681152,0.5170972347259521,0.00022700708359479904,-0.00039850175380706787,0.1751412429378531
188,2.9770076274871826,0.6218380331993103,0.0002314544253749773,7.240474224090576e-05,0.17563252272169
189,2.6742990016937256,0.7341874241828918,0.00023766208323650062,0.00016355514526367188,0.17194792434291328
190,2.690819025039673,0.6026033163070679,0.0002206268545705825,0.0001684725284576416,0.17121100466715794
191,3.106353759765625,0.5156253576278687,0.00023073308693710715,0.0008613541722297668,0.17263571604028494
192,2.6306092739105225,0.5881906151771545,0.00021898746490478516,0.0007837340235710144,0.1751412429378531
193,2.8772780895233154,0.45646506547927856,0.00021270941942930222,0.00027095526456832886,0.17307786784573814
194,2.7484123706817627,0.7330337762832642,0.0002147460327250883,-0.00014913082122802734,0.17293048391058707
195,2.9425666332244873,0.7650946378707886,0.0002178975846618414,5.491822957992554e-05,0.17720461802996806
196,3.008624315261841,0.5188937783241272,0.00019609338778536767,-0.00037044286727905273,0.1751412429378531
197,3.3124828338623047,0.841038167476654,0.0001884898083517328,-9.398162364959717e-05,0.17671333824613117
198,3.121757984161377,0.5625107884407043,0.00019452834385447204,0.00022680312395095825,0.17302873986735445
199,2.449599504470825,0.5196338891983032,0.00018901177099905908,7.175654172897339e-05,0.17494473102431835
200,2.5404250621795654,0.5671042203903198,0.00018602082855068147,-2.302229404449463e-06,0.17602554654875952
201,3.1087887287139893,0.4496627748012543,0.00018122256733477116,4.556030035018921e-05,0.17352001965119135
202,2.7363321781158447,0.4496561288833618,0.00017968039901461452,-0.00030593574047088623,0.17312699582412183
203,2.6233465671539307,0.5421850681304932,0.0001781668106559664,-0.0007349923253059387,0.172783099975436
204,2.502711057662964,0.5257787108421326,0.0001773046242306009,-1.802295446395874e-05,0.17460083517563252
205,2.835205078125,0.49561870098114014,0.00016722967848181725,0.00010919570922851562,0.1765168263325964
206,2.562690496444702,0.5304774641990662,0.00016374775441363454,-0.00018680840730667114,0.17435519528371407
207,3.0867085456848145,0.5328323245048523,0.00016137424972839653,0.00018074363470077515,0.17833456153279292
208,3.0319554805755615,0.5794551372528076,0.00015930271183606237,-0.000524468719959259,0.17907148120854827
209,2.5363199710845947,0.6302761435508728,0.00015935789269860834,-0.00030083954334259033,0.17494473102431835
210,3.0054938793182373,0.45789259672164917,0.00015492008242290467,5.340576171875e-05,0.17632031441906165
211,2.534766674041748,0.4244201183319092,0.00016531436995137483,-0.00018024444580078125,0.17302873986735445
212,2.9557220935821533,0.4034026265144348,0.00015039462596178055,1.831352710723877e-05,0.17533775485138786
213,2.87599515914917,0.4541689157485962,0.00015265733236446977,0.0002167224884033203,0.1751903709162368
214,2.741588592529297,0.5074898600578308,0.00014847097918391228,0.0001624077558517456,0.17342176369442397
215,2.8285083770751953,0.42466428875923157,0.00013893692812416703,7.43865966796875e-05,0.17435519528371407
216,2.632155418395996,0.4410161077976227,0.0001359413581667468,0.0006799325346946716,0.17499385900270203
217,2.754545211791992,0.4003385305404663,0.00014163434389047325,-0.00017256289720535278,0.17401129943502824
218,2.8788461685180664,0.43053358793258667,0.00013073041918687522,-7.447600364685059e-05,0.1742569393269467
219,2.822984218597412,0.3328607678413391,0.00013049952394794673,-0.0006799548864364624,0.17435519528371407
220,2.849602222442627,0.36128342151641846,0.00012587314995471388,0.00026200711727142334,0.17916973716531565
221,2.8194122314453125,0.3927795886993408,0.00013265738380141556,0.0004912763833999634,0.17759764185703758
222,2.5031356811523438,0.4059973359107971,0.00012560433242470026,-0.0003577321767807007,0.1722918201915991
223,2.775092363357544,0.30166196823120117,0.00011977543181274086,-0.0005043745040893555,0.16958978138049619
224,3.0081422328948975,0.3365118205547333,0.0001218421311932616,0.00018349289894104004,0.17243920412675018
225,2.968312978744507,0.3749425411224365,0.00012375986261758953,0.00012636184692382812,0.17622205846229427
226,3.002840757369995,0.4808962643146515,0.00011854519107146189,4.366040229797363e-05,0.17410955539179562
227,2.5863003730773926,0.29793092608451843,0.00011322009231662378,-8.895993232727051e-05,0.17013018914271677
228,2.931081771850586,0.34386903047561646,0.00011461412213975564,0.00036124885082244873,0.1685580938344387
229,2.905719041824341,0.33064571022987366,0.00011901555262738839,-0.0002701282501220703,0.17686072218128224
230,2.9333975315093994,0.3160117566585541,0.00010972108429996297,-0.0002207532525062561,0.1732743797592729
231,2.928363800048828,0.3299920856952667,0.00011123690637759864,0.00043524056673049927,0.17460083517563252
232,2.7001054286956787,0.37573957443237305,0.00010104986722581089,-0.0003209710121154785,0.17288135593220338
233,2.910090446472168,0.34112292528152466,0.00010325353650841862,2.0191073417663574e-06,0.17617293048391058
234,2.704857110977173,0.3338831067085266,0.00010515840403968468,-0.00016488879919052124,0.17818717759764185
235,2.8255398273468018,0.3869965970516205,0.00010175821807933971,-0.00026438385248184204,0.1775485138786539
236,2.69533634185791,0.24706526100635529,9.951784159056842e-05,-5.066394805908203e-05,0.1723409481699828
237,2.7717719078063965,0.26651835441589355,0.0001028481128741987,-9.090453386306763e-05,0.1789240972733972
238,2.8688740730285645,0.2812775671482086,9.811784548219293e-05,-2.674013376235962e-05,0.17297961188897076
239,2.4594779014587402,0.295457124710083,9.238581696990877e-05,1.5892088413238525e-05,0.17632031441906165
240,2.831658363342285,0.2780391275882721,9.808153845369816e-05,0.00023195147514343262,0.17361827560795873
241,2.475890636444092,0.30937013030052185,0.00010215543443337083,0.0002598986029624939,0.17381478752149349
242,2.6643245220184326,0.3634222745895386,9.694735490484163e-05,4.424154758453369e-05,0.17297961188897076
243,2.632890224456787,0.2892512083053589,9.455197869101539e-05,0.00033661723136901855,0.1751412429378531
244,2.8649420738220215,0.29388201236724854,9.388178295921534e-05,-0.000439375638961792,0.17288135593220338
245,2.8034799098968506,0.2843213975429535,9.028080239659175e-05,-0.00018890947103500366,0.1737165315647261
246,2.4296045303344727,0.23999127745628357,8.937610255088657e-05,-0.00012197345495223999,0.17263571604028494
247,2.821098566055298,0.2368161380290985,8.745816739974543e-05,0.0004879608750343323,0.17386391549987718
248,2.965754747390747,0.23321300745010376,8.119266567518935e-05,4.135072231292725e-06,0.1737165315647261
249,2.789130687713623,0.22780568897724152,8.396183693548664e-05,-2.1904706954956055e-05,0.1723409481699828
250,2.716703414916992,0.24747338891029358,7.82369970693253e-05,-9.849667549133301e-05,0.17337263571604028
251,2.6356732845306396,0.24474310874938965,8.133138908306137e-05,-0.00014399737119674683,0.17396217145664455
252,3.2981748580932617,0.22142240405082703,8.106654422590509e-05,0.000514887273311615,0.17538688282977155
253,3.1213817596435547,0.24768903851509094,7.844882929930463e-05,-3.129243850708008e-06,0.17543601080815524
254,2.6691131591796875,0.2300904393196106,7.913536683190614e-05,-0.00021830201148986816,0.17504298698108572
255,2.649705410003662,0.2051619291305542,7.65355653129518e-05,-0.00013399124145507812,0.17533775485138786
256,2.82387375831604,0.22564482688903809,7.651723717572168e-05,-0.00018640607595443726,0.17386391549987718
257,2.7957074642181396,0.27714207768440247,7.589126471430063e-05,-0.0003532692790031433,0.1723409481699828
258,2.7920572757720947,0.23778900504112244,7.182209083111957e-05,-0.00039887428283691406,0.17818717759764185
259,2.9786176681518555,0.20648011565208435,6.987613596720621e-05,-0.00030096620321273804,0.1722918201915991
260,3.0540778636932373,0.19846826791763306,7.149745943024755e-05,-8.708983659744263e-05,0.1774502579218865
261,2.793398857116699,0.24028973281383514,6.85137856635265e-05,0.00021255016326904297,0.17563252272169
262,2.781479835510254,0.21510851383209229,7.116649067029357e-05,-0.0004477575421333313,0.17450257921886514
263,2.5584027767181396,0.20677495002746582,7.041549542918801e-05,-0.00023956596851348877,0.17577990665684107
264,2.6417670249938965,0.20764806866645813,6.671420123893768e-05,0.0001782625913619995,0.17297961188897076
265,3.1653292179107666,0.19982010126113892,6.736883369740099e-05,-1.998990774154663e-05,0.17347089167280766
266,2.5513718128204346,0.19968421757221222,6.26552282483317e-05,6.598234176635742e-05,0.17430606730533038
267,2.7472763061523438,0.219822958111763,6.963236228330061e-05,9.255111217498779e-05,0.17253746008351756
268,2.3548614978790283,0.21600297093391418,6.617343751713634e-05,-1.087784767150879e-06,0.1718496683861459
269,2.8060011863708496,0.2632775902748108,6.289566226769239e-05,0.000189170241355896,0.17641857037582903
270,2.976409673690796,0.18807236850261688,6.291886529652402e-05,-0.000286981463432312,0.17342176369442397
271,2.618920087814331,0.18232275545597076,6.307503645075485e-05,-0.00016395747661590576,0.17533775485138786
272,2.722276449203491,0.21138769388198853,6.245516851777211e-05,3.337860107421875e-06,0.17494473102431835
273,3.19620418548584,0.14688068628311157,5.947682439000346e-05,-0.00024276971817016602,0.1718987963645296
274,2.8263041973114014,0.15309375524520874,5.990956924506463e-05,-4.41819429397583e-06,0.17106362073200687
275,2.684299945831299,0.15474474430084229,5.878028605366126e-05,-5.379319190979004e-06,0.17224269221321542
276,2.688632011413574,0.14604228734970093,6.204983947100118e-05,5.111098289489746e-05,0.17081798084008842
277,3.022092342376709,0.19568446278572083,5.788360795122571e-05,-0.000324152410030365,0.17902235323016458
278,2.9325544834136963,0.1738753467798233,5.521976709133014e-05,0.00015185773372650146,0.17455170719724883
279,2.7897303104400635,0.15113061666488647,5.869342930964194e-05,-0.000112973153591156,0.17312699582412183
280,2.905639410018921,0.15791445970535278,5.4724816436646506e-05,0.00016600638628005981,0.172783099975436
281,2.4475812911987305,0.17786090075969696,5.79979969188571e-05,-0.0005572736263275146,0.1723900761483665
282,2.9216537475585938,0.11965120583772659,5.5383105063810945e-05,3.5725533962249756e-05,0.17057234094816998
283,2.8957300186157227,0.17877709865570068,5.692298145731911e-05,-0.000128231942653656,0.17160402849422746
284,2.5533173084259033,0.12457098066806793,5.008953303331509e-05,0.00010947883129119873,0.17317612380250552
285,2.6628756523132324,0.14029905200004578,5.2575745939975604e-05,-4.8197805881500244e-05,0.17317612380250552
286,3.0346884727478027,0.13799333572387695,5.2909221267327666e-05,0.00036729127168655396,0.17646769835421272
287,2.658294677734375,0.1534866988658905,5.154161772225052e-05,0.0003808364272117615,0.17543601080815524
288,2.762333869934082,0.1456233412027359,4.690762943937443e-05,8.729100227355957e-05,0.17199705232129697
289,2.9596598148345947,0.1422402560710907,5.006978244637139e-05,8.749216794967651e-05,0.16983542127241463
290,2.6351521015167236,0.13820426166057587,4.6071174438111484e-05,8.963048458099365e-05,0.17460083517563252
291,3.1046876907348633,0.12060032039880753,4.777245703735389e-05,-0.00030603259801864624,0.1705232129697863
292,2.815286636352539,0.12084582448005676,5.1610273658297956e-05,-8.545815944671631e-06,0.16963890935887987
293,2.97009539604187,0.10669447481632233,4.648181129596196e-05,-0.00023997575044631958,0.17288135593220338
294,2.9018449783325195,0.13937190175056458,4.931716830469668e-05,-5.351752042770386e-05,0.17627118644067796
295,2.6904232501983643,0.10577112436294556,4.8438840167364106e-05,-0.0001446157693862915,0.17062146892655367
296,2.7207372188568115,0.10992323607206345,4.755126792588271e-05,-0.0004265829920768738,0.1733235077376566
297,2.9731554985046387,0.12077095359563828,4.477145921555348e-05,-0.00019828230142593384,0.17553426676492262
298,2.8528475761413574,0.1328381597995758,4.4134805648354813e-05,-2.0109117031097412e-05,0.17867845738147875
299,2.806133985519409,0.11813713610172272,4.4667773181572556e-05,-0.0001293867826461792,0.1737656595431098
300,3.0736255645751953,0.13108626008033752,4.254907980794087e-05,-1.2949109077453613e-05,0.17646769835421272
301,2.8964035511016846,0.10221803188323975,4.500942668528296e-05,9.660422801971436e-05,0.17253746008351756
302,3.119849920272827,0.1252492368221283,4.483181328396313e-05,-0.00020786374807357788,0.1733235077376566
303,3.084251880645752,0.1227274015545845,4.2874933569692075e-05,-0.00022058933973312378,0.17690985015966593
304,2.9177069664001465,0.0965278148651123,4.255781095707789e-05,-0.0004582032561302185,0.1746990911323999
305,2.721989870071411,0.11772774159908295,4.2395789932925254e-05,-0.00022604316473007202,0.1756816507000737
306,3.07844614982605,0.10313118994235992,4.314422039897181e-05,-0.00016735494136810303,0.17435519528371407
307,2.6972594261169434,0.11572381108999252,4.073657328262925e-05,0.0003078654408454895,0.17219356423483173
308,2.6609861850738525,0.11377675086259842,4.081717270310037e-05,-0.00015651434659957886,0.17243920412675018
309,3.0310416221618652,0.10773281753063202,4.141337558394298e-05,0.0003581047058105469,0.17528862687300417
310,2.901172399520874,0.11138114333152771,4.0342823922401294e-05,0.00015783309936523438,0.1741586833701793
311,3.101043701171875,0.10294117778539658,3.765715518966317e-05,-2.6367604732513428e-05,0.16850896585605502
312,2.7259933948516846,0.11767641454935074,4.024168083560653e-05,-0.00018434971570968628,0.1732252517808892
313,2.904078960418701,0.10342656075954437,3.704018672578968e-05,0.00017705559730529785,0.1765168263325964
314,2.616236448287964,0.0932360514998436,3.737520091817714e-05,0.0006359890103340149,0.17273397199705232
315,2.4899709224700928,0.09461622685194016,3.7013276596553624e-05,0.0005090609192848206,0.17013018914271677
316,3.010415554046631,0.08680389076471329,3.7151487049413845e-05,5.6549906730651855e-05,0.1718496683861459
317,3.004673957824707,0.10935238003730774,3.664476753328927e-05,-0.0002457424998283386,0.17317612380250552
318,2.892376661300659,0.08913690596818924,3.763041240745224e-05,7.953494787216187e-05,0.17632031441906165
319,2.8013839721679688,0.09741554409265518,3.5504162951838225e-05,-0.0003048926591873169,0.17194792434291328
320,2.5904595851898193,0.08190935105085373,3.4006770874839276e-05,-0.00017867982387542725,0.17455170719724883
321,2.732358694076538,0.08953879773616791,3.705834751599468e-05,0.00015775859355926514,0.17622205846229427
322,2.604966163635254,0.08063123375177383,3.349813414388336e-05,-9.866803884506226e-05,0.1733235077376566
323,2.5157759189605713,0.08025570958852768,3.284362537669949e-05,8.352100849151611e-06,0.16841070989928764
324,2.3493075370788574,0.1130564734339714,3.4953554859384894e-05,-3.524869680404663e-05,0.17297961188897076
325,2.94718599319458,0.09088857471942902,3.272030153311789e-05,0.0001779794692993164,0.17347089167280766
326,3.0928592681884766,0.09226492047309875,3.463700704742223e-05,0.00012864917516708374,0.17740112994350282
327,2.667543888092041,0.08558287471532822,3.245469997636974e-05,-0.00018070638179779053,0.17641857037582903
328,3.126206398010254,0.11299185454845428,3.1444338674191386e-05,0.0001137852668762207,0.17071972488332104
329,2.817871332168579,0.08562622219324112,3.218922211090103e-05,0.0001247003674507141,0.17538688282977155
330,2.728163480758667,0.08855276554822922,3.0672519642394036e-05,-0.0002000182867050171,0.17548513878653893
331,2.7091870307922363,0.11651311814785004,2.82169203273952e-05,1.5087425708770752e-05,0.17268484401866863
332,2.659747838973999,0.07062733173370361,3.2064534025266767e-05,0.00025182217359542847,0.1699828052075657
333,2.9010393619537354,0.09170901030302048,3.222945815650746e-05,0.00010016560554504395,0.17170228445099484
334,2.8447906970977783,0.0883355364203453,3.113626371487044e-05,0.00010654330253601074,0.1681650700073692
335,3.2483386993408203,0.06606432795524597,2.9933282348793e-05,0.0001805722713470459,0.17017931712110046
336,2.723611831665039,0.08815176784992218,2.7224185032537207e-05,0.0005102753639221191,0.17013018914271677
337,2.628235101699829,0.08781344443559647,2.9013643143116497e-05,-0.00012213736772537231,0.17548513878653893
338,3.0444934368133545,0.08480358123779297,2.9804254154441878e-05,0.0002559646964073181,0.178481945467944
339,2.0673727989196777,0.07277416437864304,2.8890102839795873e-05,2.9943883419036865e-05,0.16831245394252026
340,2.7725746631622314,0.05483149737119675,2.802400558721274e-05,-0.00027748197317123413,0.16944239744534512
341,2.4888007640838623,0.08386832475662231,2.670293724804651e-05,0.00017736107110977173,0.17450257921886514
342,2.8670692443847656,0.0802747830748558,2.7277919798507355e-05,0.00020716339349746704,0.1746990911323999
343,3.033651113510132,0.06714659184217453,2.6279722078470513e-05,6.705522537231445e-07,0.17224269221321542
344,2.8380603790283203,0.06603453308343887,2.73219066002639e-05,7.191300392150879e-05,0.17027757307786784
345,2.6940112113952637,0.09514120221138,2.6797821192303672e-05,-2.193450927734375e-05,0.17022844509948415
346,2.956449508666992,0.08323653787374496,2.7955824407399632e-05,3.439188003540039e-05,0.17450257921886514
347,2.5727157592773438,0.07587937265634537,2.5900884793372825e-05,0.00022996217012405396,0.17209530827806435
348,3.178379535675049,0.07989371567964554,2.5634442863520235e-05,-5.247443914413452e-05,0.17646769835421272
349,2.556049346923828,0.059964004904031754,2.638484693306964e-05,0.00023692846298217773,0.17067059690493736
350,2.474447011947632,0.08051269501447678,2.7658204999170266e-05,4.480034112930298e-05,0.17602554654875952
351,3.10677170753479,0.07487661391496658,2.695890907489229e-05,4.693865776062012e-05,0.1732743797592729
352,2.985546112060547,0.07089638710021973,2.456001311657019e-05,-9.45553183555603e-05,0.17121100466715794
353,2.2492964267730713,0.0514247864484787,2.560043867561035e-05,-0.0002393871545791626,0.17646769835421272
354,2.9313318729400635,0.06500799208879471,2.4087394194793887e-05,5.6996941566467285e-06,0.17533775485138786
355,2.501898765563965,0.06359361112117767,2.4366643629036844e-05,7.311999797821045e-05,0.17386391549987718
356,2.7728519439697266,0.04896312206983566,2.3499987946706824e-05,3.826618194580078e-05,0.1751412429378531
357,3.0023531913757324,0.06277608871459961,2.4927507183747366e-05,4.179775714874268e-06,0.17538688282977155
358,3.0045106410980225,0.0728287324309349,2.3431641238857992e-05,0.00016044080257415771,0.17116187668877425
359,2.999135971069336,0.09448682516813278,2.3486942154704593e-05,9.82731580734253e-06,0.1756816507000737
360,2.7549264430999756,0.06329721957445145,2.424425292701926e-05,-0.0002731531858444214,0.17258658806190125
361,2.899383783340454,0.05894096940755844,2.1240743080852553e-05,-0.00014503300189971924,0.17676246622451486
362,2.5515153408050537,0.08943931758403778,2.3634998797206208e-05,-0.0004274919629096985,0.17627118644067796
363,2.880305528640747,0.05402996018528938,2.2735934180673212e-05,0.000160999596118927,0.17686072218128224
364,2.8140645027160645,0.06519309431314468,2.2536602045875043e-05,9.187310934066772e-05,0.1756816507000737
365,3.1631033420562744,0.07068638503551483,2.364352076256182e-05,-0.000329822301864624,0.16958978138049619
366,3.0041496753692627,0.048903997987508774,2.1493289750651456e-05,-0.00014875829219818115,0.17538688282977155
367,2.502493143081665,0.05934200435876846,2.118691372743342e-05,9.39592719078064e-05,0.1742569393269467
368,2.4925577640533447,0.08765371143817902,2.2211324903764762e-05,-0.00029102712869644165,0.17243920412675018
369,2.417609691619873,0.058593135327100754,2.140631477232091e-05,-0.00011902302503585815,0.1747482191107836
370,2.4392497539520264,0.07070861011743546,2.1191250198171474e-05,1.0579824447631836e-06,0.17386391549987718
371,2.619000196456909,0.05550096184015274,2.0417232008185238e-05,-0.00010515004396438599,0.17818717759764185
372,3.0173330307006836,0.05718599632382393,2.1127465515746735e-05,-0.0005559548735618591,0.17170228445099484
373,2.6676371097564697,0.0451907254755497,2.1219162590568885e-05,-6.160885095596313e-05,0.17180054040776221
374,2.9066410064697266,0.048550449311733246,1.9572478777263314e-05,0.0002634599804878235,0.17455170719724883
375,2.8192877769470215,0.05868024379014969,2.0178153135930188e-05,-0.00021190941333770752,0.1747482191107836
376,2.484185218811035,0.04668719694018364,1.9955487005063333e-05,-0.0005295649170875549,0.1746499631540162
377,2.67991042137146,0.04843900352716446,2.0092975319130346e-05,0.00018422305583953857,0.17160402849422746
378,2.7855546474456787,0.05098807066679001,2.0746287191286683e-05,-0.00010153651237487793,0.17288135593220338
379,2.8042778968811035,0.04750710725784302,1.9260791304986924e-05,7.973611354827881e-05,0.17543601080815524
380,2.7444937229156494,0.06490607559680939,2.0764109649462625e-05,-0.00013875961303710938,0.16914762957504298
381,2.49310564994812,0.05234752222895622,1.826906191126909e-05,-4.8413872718811035e-05,0.1783836895111766
382,2.607640027999878,0.04948669299483299,1.8684710084926337e-05,1.4349818229675293e-05,0.17533775485138786
383,2.307485342025757,0.05282798036932945,1.9079367120866664e-05,0.00011444836854934692,0.17823630557602554
384,2.676076650619507,0.04948606342077255,1.9720217096619308e-05,0.00010552257299423218,0.1690002456398919
385,3.163599967956543,0.0485360324382782,1.8264416212332435e-05,0.00024084746837615967,0.1723900761483665
386,2.894367218017578,0.04447970539331436,1.8177033780375496e-05,-4.900991916656494e-05,0.1714566445590764
387,2.5053441524505615,0.04896783083677292,1.793204683053773e-05,9.045004844665527e-05,0.17489560304593466
388,2.627746105194092,0.0662502869963646,1.7900449165608734e-05,-4.156678915023804e-05,0.17337263571604028
389,2.6562411785125732,0.05416243523359299,1.76668672793312e-05,0.0002265721559524536,0.177057234094817
390,2.8269972801208496,0.042352095246315,1.8133843695977703e-05,-2.0362436771392822e-05,0.17764676983542127
391,2.4110658168792725,0.03623837232589722,1.724527101032436e-05,-4.930049180984497e-05,0.17204618029968066
392,2.6014208793640137,0.04950552061200142,1.7635760741541162e-05,0.0001176595687866211,0.1742569393269467
393,2.507084608078003,0.0518471822142601,1.6847649021656252e-05,-8.96453857421875e-05,0.17170228445099484
394,3.1370627880096436,0.04485604539513588,1.773623444023542e-05,-0.00037755072116851807,0.17632031441906165
395,2.8585875034332275,0.043314673006534576,1.729326140775811e-05,6.042420864105225e-06,0.17194792434291328
396,2.811225414276123,0.043006766587495804,1.719722968118731e-05,-0.0002735331654548645,0.1709653647752395
397,2.6717820167541504,0.047107208520174026,1.5969160813256167e-05,-6.02230429649353e-05,0.17268484401866863
398,2.937856912612915,0.03891891613602638,1.6505933672306128e-05,-5.027651786804199e-05,0.17022844509948415
399,2.7391765117645264,0.0517481230199337,1.749543662299402e-05,-6.765127182006836e-06,0.1798575288626873
400,2.5698156356811523,0.04243164882063866,1.633324245631229e-05,-0.00010477006435394287,0.17641857037582903
401,2.760896682739258,0.045648038387298584,1.6113772289827466e-05,-0.00020242482423782349,0.1747482191107836
402,2.88850474357605,0.04218980669975281,1.562959914735984e-05,-0.00039803236722946167,0.16983542127241463
403,2.8494887351989746,0.03770197927951813,1.491422426624922e-05,-0.00022100657224655151,0.17528862687300417
404,2.4898808002471924,0.042291995137929916,1.4824180652794894e-05,0.00022811442613601685,0.17381478752149349
405,2.951565980911255,0.03888500854372978,1.49753623190918e-05,4.713237285614014e-05,0.1723900761483665
406,2.636561155319214,0.05216773599386215,1.5033687304821797e-05,7.107853889465332e-06,0.17126013264554163
407,2.3924808502197266,0.037531331181526184,1.5396473827422597e-05,-0.00019153952598571777,0.17435519528371407
408,2.7618234157562256,0.039502523839473724,1.5572839402011596e-05,0.00013381242752075195,0.17243920412675018
409,2.8104379177093506,0.038118064403533936,1.551731111248955e-05,-4.785507917404175e-05,0.17214443625644804
410,2.8160738945007324,0.04200459271669388,1.463521402911283e-05,-0.0002490431070327759,0.1666912306558585
411,2.559414863586426,0.03999868407845497,1.5648403859813698e-05,-0.000405922532081604,0.172783099975436
412,2.779799222946167,0.04952717572450638,1.3448597201204393e-05,-0.00010858476161956787,0.17194792434291328
413,2.7961549758911133,0.026092324405908585,1.4592485968023539e-05,-0.00012458860874176025,0.17494473102431835
414,2.593698263168335,0.04589115083217621,1.4735506738361437e-05,0.0002600476145744324,0.1737656595431098
415,2.6471500396728516,0.04457689821720123,1.5350617104559205e-05,-9.006261825561523e-05,0.17356914762957504
416,2.736193895339966,0.030175689607858658,1.5067995263962075e-05,-3.775954246520996e-05,0.17479734708916728
417,2.630962610244751,0.027985617518424988,1.394479022565065e-05,-2.884119749069214e-05,0.17356914762957504
418,2.5389411449432373,0.03965254873037338,1.663614239078015e-05,5.5462121963500977e-05,0.17160402849422746
419,2.827087879180908,0.04257668927311897,1.4390933756658342e-05,6.29127025604248e-05,0.17632031441906165
420,2.9720962047576904,0.039955735206604004,1.3313025192474015e-05,-7.025152444839478e-05,0.17032670105625153
421,2.4563400745391846,0.03135542944073677,1.2982151019969024e-05,-0.00012736767530441284,0.1732743797592729
422,2.694831371307373,0.037066925317049026,1.2171448361186776e-05,-0.0001460239291191101,0.17204618029968066
423,2.8199219703674316,0.03176216781139374,1.339815844403347e-05,-0.00020828098058700562,0.17027757307786784
424,2.8283257484436035,0.041781723499298096,1.3083329577057157e-05,0.00019435584545135498,0.17592729059199214
425,3.2585091590881348,0.03562266007065773,1.3831320757162757e-05,0.00026663392782211304,0.1746499631540162
426,2.7543141841888428,0.038020409643650055,1.322512162005296e-05,5.415081977844238e-05,0.17111274871039056
427,2.6952152252197266,0.04228633642196655,1.3577197933045682e-05,-0.00022437423467636108,0.17597641857037583
428,2.7697696685791016,0.03378920257091522,1.2102143955416977e-05,-0.00026679784059524536,0.17297961188897076
429,3.105088233947754,0.03957907855510712,1.2057257663400378e-05,-0.00020015239715576172,0.17641857037582903
430,3.161198377609253,0.03208748251199722,1.2352331395959482e-05,0.00013276934623718262,0.17646769835421272
431,2.526292324066162,0.04956758767366409,1.2194650480523705e-05,-0.0004041120409965515,0.17347089167280766
432,2.9038777351379395,0.0443577840924263,1.2004542440990917e-05,-4.86522912979126e-05,0.1695406534021125
433,2.9127283096313477,0.037393249571323395,1.2357377272564918e-05,-7.905811071395874e-05,0.17577990665684107
434,2.6956515312194824,0.02740493230521679,1.2236412658239715e-05,0.0003245919942855835,0.17219356423483173
435,2.825167655944824,0.03822069242596626,1.190263355965726e-05,0.00014081597328186035,0.17361827560795873
436,2.6091723442077637,0.04083322733640671,1.26657268992858e-05,0.00025894492864608765,0.17725374600835175
437,3.023205518722534,0.029447296634316444,1.2651161341636907e-05,-0.00012918561697006226,0.17710636207320068
438,2.901482105255127,0.033919721841812134,1.134177091444144e-05,0.00017099082469940186,0.17391304347826086
439,2.6831884384155273,0.039118003100156784,1.1981186617049389e-05,-0.00018440186977386475,0.1741586833701793
440,2.373544931411743,0.032844483852386475,1.2395222256600391e-05,0.00031169503927230835,0.17641857037582903
441,2.684389352798462,0.026056354865431786,1.1403577445889823e-05,0.00015716254711151123,0.17150577253746008
442,2.688671350479126,0.03905835002660751,1.1622698366409168e-05,-0.0002361983060836792,0.17268484401866863
443,2.8580570220947266,0.03802669793367386,1.0434447176521644e-05,-5.804002285003662e-05,0.17445345124048145
444,2.887608766555786,0.03302571177482605,1.2119872735638637e-05,-0.0002423301339149475,0.1765659543109801
445,2.8216958045959473,0.027710942551493645,1.116567182180006e-05,-0.0001990795135498047,0.17406042741341193
446,3.0294854640960693,0.03447764739394188,1.0603708687995095e-05,-0.00010536611080169678,0.17396217145664455
447,2.53965425491333,0.05124056339263916,1.1747695680242032e-05,0.0003192797303199768,0.17366740358634242
448,2.971395492553711,0.03344837948679924,1.1024225386790931e-05,6.548315286636353e-05,0.17573077867845738
449,2.70913028717041,0.034207120537757874,1.1029399502149317e-05,8.660554885864258e-05,0.17720461802996806
450,2.7853918075561523,0.030791621655225754,1.1433939107519109e-05,-0.00013954192399978638,0.1723409481699828
451,2.4234790802001953,0.03242668882012367,1.0376505088061094e-05,0.0002442598342895508,0.17209530827806435
452,2.599205493927002,0.031899333000183105,1.0990394912369084e-05,0.0002026483416557312,0.17219356423483173
453,2.711909055709839,0.034366510808467865,1.0530120562179945e-05,0.00015441328287124634,0.17479734708916728
454,2.7381739616394043,0.028853941708803177,9.698317626316566e-06,0.00026109814643859863,0.17194792434291328
455,3.0769100189208984,0.02815261296927929,1.0709595699154306e-05,-0.00015442073345184326,0.1816752640628838
456,2.9123010635375977,0.03482227027416229,1.0567075150902383e-05,-7.815659046173096e-06,0.17636944239744534
457,2.588104486465454,0.028363404795527458,1.0583559742372017e-05,0.00011243671178817749,0.17027757307786784
458,2.692073106765747,0.02699359878897667,1.0597308573778719e-05,0.00012878328561782837,0.1732252517808892
459,2.996211051940918,0.03088447079062462,1.0310472134733573e-05,9.948760271072388e-05,0.1685580938344387
460,2.417043924331665,0.033933576196432114,1.0180307981499936e-05,5.119293928146362e-05,0.17307786784573814
461,2.603254556655884,0.030468590557575226,1.011569383990718e-05,0.00025613605976104736,0.1746990911323999
462,2.786794900894165,0.02634245529770851,1.0074990314024035e-05,-0.00010710209608078003,0.17347089167280766
463,2.5677125453948975,0.036970704793930054,9.792229320737533e-06,-0.0001237243413925171,0.17543601080815524
464,2.6271235942840576,0.028839893639087677,9.576165211910848e-06,0.0002380087971687317,0.17243920412675018
465,2.592130184173584,0.02939308062195778,9.82603887678124e-06,-5.926936864852905e-05,0.17617293048391058
466,2.850144386291504,0.031002815812826157,9.353833775094245e-06,-8.700788021087646e-05,0.17504298698108572
467,3.034691572189331,0.03185724467039108,1.0573805411695503e-05,-5.033612251281738e-05,0.17548513878653893
468,2.833104133605957,0.025705654174089432,9.781512744666543e-06,0.00023218244314193726,0.17489560304593466
469,2.567779779434204,0.03610906004905701,8.939106919569895e-06,-0.00013490766286849976,0.17499385900270203
470,2.883106231689453,0.02779432013630867,9.035989023686852e-06,0.0004327818751335144,0.17617293048391058
471,2.8533079624176025,0.029184048995375633,9.302404578193091e-06,8.863955736160278e-05,0.17356914762957504
472,2.7385685443878174,0.02434522844851017,9.558325473335572e-06,0.00023289769887924194,0.17219356423483173
473,2.8411598205566406,0.02731200121343136,8.941542546381243e-06,0.0001888275146484375,0.17224269221321542
474,2.7222468852996826,0.021265380084514618,9.169768418360036e-06,3.123283386230469e-05,0.1774502579218865
475,2.606499433517456,0.026307646185159683,9.019559001899324e-06,-0.0006410256028175354,0.17194792434291328
476,2.6230132579803467,0.03176933154463768,8.771851753408555e-06,9.265542030334473e-05,0.17632031441906165
477,2.6314854621887207,0.02564578875899315,8.943493412516546e-06,8.371472358703613e-05,0.17347089167280766
478,3.0736913681030273,0.02830851450562477,8.644280569569673e-06,1.4454126358032227e-06,0.17435519528371407
479,3.10530686378479,0.024220142513513565,8.369537681574002e-06,0.00035293400287628174,0.17573077867845738
480,2.8876535892486572,0.023135561496019363,8.447774234809913e-06,0.0002344176173210144,0.169933677229182
481,3.014108896255493,0.022313520312309265,8.520698429492768e-06,5.62518835067749e-05,0.17455170719724883
482,2.8051798343658447,0.02260417863726616,7.704502422711812e-06,1.615285873413086e-05,0.17489560304593466
483,2.7046139240264893,0.02897568792104721,8.627163879282307e-06,8.111447095870972e-05,0.17592729059199214
484,2.9051289558410645,0.02326660230755806,8.201057426049374e-06,-0.00025037676095962524,0.17381478752149349
485,2.4549007415771484,0.0253056101500988,8.299063665617723e-06,-7.29486346244812e-05,0.17479734708916728
486,2.97481369972229,0.03104647994041443,8.925760084821377e-06,-0.00017811357975006104,0.17715549005158437
487,2.212069272994995,0.02715153992176056,8.532962056051474e-06,-0.00014197826385498047,0.18049619258167526
488,2.587864637374878,0.027937443926930428,8.536116183677223e-06,-0.00032576918601989746,0.1761238025055269
489,2.8069283962249756,0.025273296982049942,7.871583875385113e-06,6.504356861114502e-05,0.1746499631540162
490,2.602997064590454,0.025636300444602966,7.90810736361891e-06,-7.49826431274414e-05,0.17907148120854827
491,2.6642098426818848,0.02155238762497902,8.17339514469495e-06,0.00013796240091323853,0.17175141242937852
492,2.743725061416626,0.021672524511814117,7.937273949210066e-06,-0.00017245858907699585,0.17553426676492262
493,2.711308002471924,0.021411621943116188,7.844584615668282e-06,0.0003570541739463806,0.17592729059199214
494,2.8438644409179688,0.019673870876431465,7.927396836748812e-06,-0.00018844008445739746,0.17533775485138786
495,2.857614278793335,0.020215485244989395,7.424043360515498e-06,-1.630932092666626e-05,0.17126013264554163
496,2.850863218307495,0.019643263891339302,7.640201147296466e-06,0.00018247216939926147,0.17725374600835175
497,2.475825071334839,0.02193525806069374,7.38909966457868e-06,0.00020588189363479614,0.16983542127241463
498,2.699437141418457,0.02180703729391098,7.01505314282258e-06,1.290440559387207e-05,0.17013018914271677
499,2.9089996814727783,0.016121305525302887,6.828442110418109e-06,-7.607787847518921e-05,0.1765659543109801
