,loss_g,loss_d,train_wd,train_ce_d,train_mse,train_acc,test_mse,test_acc
0,2.122797727584839,8.525636672973633,-8.790940046310425e-05,9.154134750366211,0.18822436034679413,0.15798611111111083,0.16254501044750214,0.1816816816816813
1,2.133814811706543,7.763060092926025,0.00012931972742080688,9.278303146362305,0.12730832397937775,0.2751736111111108,0.15215937793254852,0.18620324870324834
2,2.2919886112213135,7.243919372558594,0.00018577277660369873,8.952201843261719,0.17223228514194489,0.12326388888888873,0.15020021796226501,0.18569137319137285
3,2.206019401550293,5.902721881866455,0.0003773719072341919,9.004719734191895,0.1930461972951889,0.17534722222222188,0.1461753249168396,0.18526481026481023
4,2.3270323276519775,4.234764575958252,0.00031644850969314575,8.942956924438477,0.2608220875263214,0.14930555555555558,0.14951103925704956,0.19149262899262887
5,2.307817220687866,3.1081886291503906,0.0004758313298225403,8.915260314941406,0.1817104071378708,0.04079861111111083,0.1461540162563324,0.18355855855855807
6,2.352219820022583,2.163919687271118,-0.0005351454019546509,8.945602416992188,0.16242319345474243,0.12326388888888873,0.14945560693740845,0.18449699699699673
7,2.152285575866699,2.575629949569702,-0.0005949363112449646,9.16169548034668,0.14636968076229095,0.24913194444444398,0.14438168704509735,0.18449699699699673
8,2.1848039627075195,2.055276393890381,-1.9058585166931152e-05,9.083844184875488,0.17506079375743866,0.21006944444444398,0.14968940615653992,0.1825348075348071
9,1.9717446565628052,2.3656516075134277,-0.0009119734168052673,9.351346969604492,0.1826721578836441,0.24913194444444398,0.13988539576530457,0.18705637455637414
10,2.2484018802642822,1.926796793937683,0.00017827004194259644,9.117634773254395,0.1591256558895111,0.20572916666666663,0.14297638833522797,0.1838144963144961
11,2.1763365268707275,1.8866685628890991,0.0003208070993423462,9.079339981079102,0.15460525453090668,0.18836805555555558,0.14132550358772278,0.18287605787605743
12,2.4047040939331055,1.490127682685852,-0.0005457326769828796,8.919087409973145,0.18366554379463196,0.11458333333333293,0.143838569521904,0.1775013650013646
13,2.0307326316833496,1.7282415628433228,6.777793169021606e-05,9.417940139770508,0.1472586691379547,0.24479166666666663,0.14096324145793915,0.17562448812448783
14,2.0065908432006836,1.4925116300582886,-9.457021951675415e-05,9.241291046142578,0.1361469030380249,0.2621527777777777,0.13773052394390106,0.1740888615888614
15,2.2450742721557617,0.9826194643974304,-0.0002633705735206604,9.005674362182617,0.14565353095531464,0.19270833333333293,0.14322559535503387,0.18091386841386836
16,2.3374781608581543,1.277108907699585,0.00016196072101593018,8.955751419067383,0.15061283111572266,0.12326388888888873,0.14564184844493866,0.1774160524160523
17,2.2621970176696777,0.8604623079299927,-6.027519702911377e-05,9.08037281036377,0.21936693787574768,0.23611111111111083,0.13953009247779846,0.19072481572481537
18,2.102099895477295,0.888313353061676,-0.000634409487247467,9.107978820800781,0.20069429278373718,0.21874999999999978,0.1384238302707672,0.1888479388479386
19,2.2645554542541504,0.575122058391571,-3.0972063541412354e-05,9.141098976135254,0.18395566940307617,0.08854166666666663,0.1385280191898346,0.17929292929292906
20,2.4030919075012207,0.5645961165428162,-5.8867037296295166e-05,9.063586235046387,0.15585526823997498,0.15798611111111083,0.13535377383232117,0.18227886977886965
21,2.246621608734131,0.454900324344635,0.00030547380447387695,9.073986053466797,0.1798977255821228,0.24913194444444398,0.14204366505146027,0.18108449358449352
22,2.481696128845215,0.38398900628089905,-0.000424019992351532,8.892960548400879,0.18232902884483337,0.14496527777777768,0.13387691974639893,0.1824494949494948
23,2.0162413120269775,0.44755440950393677,-6.998330354690552e-05,9.338324546813965,0.12151018530130386,0.21440972222222188,0.137379452586174,0.1854354354354354
24,1.9402923583984375,0.3176614046096802,-0.0006752535700798035,9.348884582519531,0.1435261219739914,0.19270833333333293,0.13159631192684174,0.18560606060606055
25,2.4490954875946045,0.23094238340854645,0.0004689842462539673,8.820189476013184,0.22096936404705048,0.04947916666666663,0.12980347871780396,0.1807432432432432
26,1.9333325624465942,0.19252733886241913,-0.00011438131332397461,9.382987976074219,0.1570051610469818,0.2708333333333329,0.12414836138486862,0.17903699153699104
27,2.302959680557251,0.16353508830070496,-0.00021078437566757202,8.947214126586914,0.1442383974790573,0.13628472222222188,0.13001470267772675,0.18355855855855807
28,2.238145589828491,0.12945656478405,-0.0003087073564529419,8.989509582519531,0.13580383360385895,0.19270833333333293,0.12693338096141815,0.18014605514605486
29,2.261136293411255,0.11644571274518967,0.00021823495626449585,9.143624305725098,0.18585562705993652,0.13194444444444398,0.12312984466552734,0.1862885612885612
30,1.9011812210083008,0.08360244333744049,0.00012828409671783447,9.453359603881836,0.20397548377513885,0.22309027777777768,0.12240221351385117,0.18364387114387093
31,2.068027973175049,0.11129403859376907,0.00045017898082733154,9.186161041259766,0.16789835691452026,0.20138888888888873,0.12756556272506714,0.18185230685230647
32,2.3673784732818604,0.08984480053186417,0.000246487557888031,8.852520942687988,0.16569650173187256,0.11892361111111083,0.12541180849075317,0.17758667758667745
33,2.287435531616211,0.07572236657142639,0.00031629204750061035,9.113911628723145,0.12038157135248184,0.22743055555555558,0.12336354702711105,0.18355855855855807
34,2.313631057739258,0.06609530001878738,-0.00011257827281951904,8.881723403930664,0.12925486266613007,0.2534722222222219,0.12148217111825943,0.17903699153699104
35,2.1080939769744873,0.0705074816942215,-1.3403594493865967e-05,9.294340133666992,0.14744523167610168,0.21006944444444398,0.1241457462310791,0.18850668850668828
36,2.247872829437256,0.05146275460720062,-0.00020569562911987305,9.055521965026855,0.202368825674057,0.23611111111111083,0.12041614204645157,0.18509418509418507
37,2.293779134750366,0.0596354678273201,-0.00015182793140411377,9.004988670349121,0.17623738944530487,0.05815972222222188,0.12398995459079742,0.175795113295113
38,2.046740770339966,0.05020778253674507,-0.0004971548914909363,9.19580364227295,0.1272362917661667,0.20572916666666663,0.12311121076345444,0.17963417963417938
39,2.5494778156280518,0.034932032227516174,-8.511543273925781e-05,8.723518371582031,0.14377166330814362,0.07118055555555558,0.11996632069349289,0.181596369096369
40,2.432166814804077,0.037959024310112,0.00026392191648483276,8.743861198425293,0.14257429540157318,0.23611111111111083,0.12336315959692001,0.18185230685230647
41,2.087465286254883,0.0323394238948822,0.00020822137594223022,9.332602500915527,0.14958305656909943,0.15364583333333293,0.1194070503115654,0.1824494949494948
42,2.4333317279815674,0.034384243190288544,-0.00012869387865066528,8.899394035339355,0.15292862057685852,0.11458333333333293,0.1224159374833107,0.18023136773136772
43,2.291321277618408,0.03689582273364067,0.00012384355068206787,9.097756385803223,0.11519382148981094,0.20572916666666663,0.1205577701330185,0.1833879333879329
44,2.4259533882141113,0.021337643265724182,-2.282857894897461e-05,8.887758255004883,0.15846282243728638,0.17534722222222188,0.1230735331773758,0.1838144963144961
45,2.6700847148895264,0.027059024199843407,4.1447579860687256e-05,8.659052848815918,0.1526782214641571,0.07986111111111083,0.11754202842712402,0.18611793611793603
46,2.370924711227417,0.023101847618818283,0.00017417222261428833,9.017969131469727,0.16832615435123444,0.13628472222222188,0.11945276707410812,0.1863738738738735
47,1.988019585609436,0.02416270412504673,1.436471939086914e-05,9.326240539550781,0.12540042400360107,0.22743055555555558,0.11883345246315002,0.17843980343980326
48,2.2249341011047363,0.024535711854696274,-0.0001719444990158081,8.973786354064941,0.15379370748996735,0.17968749999999978,0.12090841680765152,0.1833879333879329
49,2.41805100440979,0.020338404923677444,-3.173947334289551e-05,8.938441276550293,0.17849577963352203,0.08420138888888873,0.11985541880130768,0.18535012285012253
50,2.308440685272217,0.013775062747299671,3.75211238861084e-05,8.97445011138916,0.10923226177692413,0.14062499999999978,0.12189541012048721,0.1887626262626263
51,2.4610466957092285,0.016667142510414124,0.00012832880020141602,8.770187377929688,0.1482974886894226,0.17534722222222188,0.11553607136011124,0.18372918372918323
52,2.197477340698242,0.016147596761584282,8.624792098999023e-05,9.112654685974121,0.143666073679924,0.20572916666666663,0.11976286768913269,0.19413731913731913
53,2.259978771209717,0.019126275554299355,-4.5709311962127686e-05,8.908974647521973,0.2274545282125473,0.17100694444444398,0.11617689579725266,0.18611793611793603
54,2.3114817142486572,0.01387456152588129,-1.1838972568511963e-05,8.988019943237305,0.1730949431657791,0.10156249999999978,0.11793200671672821,0.1862885612885612
55,2.1473917961120605,0.01358852256089449,-0.00021222978830337524,9.191720962524414,0.15123505890369415,0.24045138888888873,0.12178011238574982,0.1857766857766857
56,2.29723858833313,0.012244771234691143,1.9438564777374268e-05,9.114065170288086,0.1295194923877716,0.15364583333333293,0.12036222964525223,0.18569137319137285
57,2.184361696243286,0.012289894744753838,4.3004751205444336e-05,9.0657377243042,0.13724897801876068,0.24479166666666663,0.11664804071187973,0.17767199017198976
58,2.3613321781158447,0.015886064618825912,-3.7103891372680664e-05,9.032885551452637,0.14403769373893738,0.20572916666666663,0.11881094425916672,0.18372918372918323
59,2.2085349559783936,0.010868033394217491,6.943941116333008e-06,9.092574119567871,0.11967732012271881,0.24045138888888873,0.11792723834514618,0.18398512148512125
60,1.9792358875274658,0.012096653692424297,1.8246471881866455e-05,9.350959777832031,0.1924315243959427,0.21440972222222188,0.11937631666660309,0.18509418509418507
61,2.2038044929504395,0.011796778999269009,-0.0001573413610458374,9.133904457092285,0.11860942840576172,0.2578124999999998,0.12162432819604874,0.1769041769041768
62,2.4430060386657715,0.010793255642056465,-0.00012011080980300903,8.976176261901855,0.14898045361042023,0.23177083333333293,0.12260080128908157,0.18313199563199545
63,2.183828830718994,0.008043339475989342,9.938329458236694e-05,9.224128723144531,0.1442974954843521,0.24045138888888873,0.11964498460292816,0.18279074529074513
64,2.494223117828369,0.012470217421650887,-0.00011906027793884277,8.774347305297852,0.1949232965707779,0.11892361111111083,0.11769559234380722,0.18364387114387093
65,2.152123212814331,0.012641442008316517,-2.1554529666900635e-05,9.205327987670898,0.17235565185546875,0.24045138888888873,0.11630860716104507,0.18040199290199288
66,2.3017802238464355,0.015942923724651337,1.7680227756500244e-05,9.056965827941895,0.1437319815158844,0.11892361111111083,0.11776670813560486,0.1872269997269993
67,2.258918285369873,0.011034341529011726,-2.925097942352295e-05,9.051664352416992,0.1375628411769867,0.17534722222222188,0.11892537027597427,0.18603262353262318
68,2.351508617401123,0.012567241676151752,-5.047023296356201e-05,8.85039234161377,0.1488521248102188,0.17968749999999978,0.11230912804603577,0.1783544908544904
69,2.0754661560058594,0.013238989748060703,0.0001354217529296875,9.247171401977539,0.15716463327407837,0.21874999999999978,0.11337199062108994,0.191407316407316
70,2.5277175903320312,0.012027994729578495,-0.0002202540636062622,8.814563751220703,0.14637938141822815,0.23611111111111083,0.11599764227867126,0.18006074256074256
71,1.873166799545288,0.00872214324772358,0.00015576928853988647,9.421740531921387,0.1458197832107544,0.24479166666666663,0.11449038237333298,0.18995700245700242
72,2.1388752460479736,0.011874990537762642,-0.00018815696239471436,9.236146926879883,0.1502719521522522,0.19704861111111083,0.11070985347032547,0.17716011466011428
73,2.1256165504455566,0.007897909730672836,8.997321128845215e-05,9.202875137329102,0.13208875060081482,0.24045138888888873,0.11247178912162781,0.1845823095823096
74,2.1889097690582275,0.010304601863026619,-0.0003400146961212158,9.043898582458496,0.15005885064601898,0.20572916666666663,0.11473655700683594,0.17502730002730005
75,2.5396087169647217,0.008201590739190578,2.2351741790771484e-06,8.822373390197754,0.14914163947105408,0.06249999999999978,0.11468943953514099,0.18279074529074513
76,2.157583236694336,0.008954741060733795,-0.00025276094675064087,9.046321868896484,0.17614710330963135,0.14496527777777768,0.11590428650379181,0.18014605514605486
77,2.0651960372924805,0.008456362411379814,-0.0002242550253868103,9.170835494995117,0.15011583268642426,0.16232638888888873,0.11079954355955124,0.17801324051324008
78,2.191793918609619,0.006428369786590338,3.272294998168945e-05,9.110428810119629,0.16041423380374908,0.19270833333333293,0.11439911276102066,0.17451542451542457
79,2.5322020053863525,0.007616240531206131,-7.201731204986572e-05,8.772245407104492,0.1661626398563385,0.11458333333333293,0.11243019998073578,0.17724542724542713
80,2.3066012859344482,0.007287707179784775,6.877630949020386e-05,8.991680145263672,0.10844189673662186,0.12760416666666663,0.11320699006319046,0.17323573573573559
81,2.2219884395599365,0.004678977653384209,-4.1931867599487305e-05,9.11441421508789,0.14519231021404266,0.24913194444444398,0.11566463112831116,0.17681886431886396
82,2.294093370437622,0.007306797429919243,-3.8601458072662354e-05,9.123498916625977,0.1527707427740097,0.11892361111111083,0.11536915600299835,0.17767199017198976
83,2.481907367706299,0.004427191335707903,-0.0001253187656402588,8.77660083770752,0.13475222885608673,0.16232638888888873,0.11851329356431961,0.17289448539448526
84,2.0790722370147705,0.0066580865532159805,-5.207955837249756e-05,9.244210243225098,0.1483565717935562,0.3012152777777777,0.113029345870018,0.17212667212667176
85,2.298139810562134,0.007003217004239559,0.00016380846500396729,9.107064247131348,0.10866573452949524,0.21874999999999978,0.11287884414196014,0.1711029211029208
86,2.22743821144104,0.008876671083271503,-0.00032276660203933716,9.163118362426758,0.12084134668111801,0.11458333333333293,0.11499857157468796,0.1672638547638544
87,2.322918176651001,0.00553191127255559,-5.665421485900879e-05,9.001509666442871,0.2168976217508316,0.10590277777777768,0.1165568009018898,0.1744301119301117
88,2.4286487102508545,0.007164478302001953,-3.246217966079712e-05,8.851234436035156,0.20308472216129303,0.16232638888888873,0.11679677665233612,0.17374761124761107
89,2.508742332458496,0.005041903350502253,-3.3229589462280273e-06,8.848617553710938,0.14271953701972961,0.014756944444443976,0.1143844723701477,0.17630698880698847
90,2.0772929191589355,0.0035344718489795923,-0.00010738521814346313,9.220463752746582,0.1367758810520172,0.21874999999999978,0.11695142090320587,0.17178542178542144
91,2.285308361053467,0.005952826701104641,-5.268305540084839e-05,9.008600234985352,0.13442465662956238,0.24045138888888873,0.11560450494289398,0.17460073710073687
92,2.2733941078186035,0.005067145451903343,-0.00011123716831207275,9.043477058410645,0.13140903413295746,0.21874999999999978,0.11563217639923096,0.1761363636363633
93,2.1705374717712402,0.006186926271766424,-8.674710988998413e-05,9.14085865020752,0.13833697140216827,0.22309027777777768,0.11723027378320694,0.17093229593229564
94,2.1391189098358154,0.00554724782705307,-0.00018607079982757568,9.245647430419922,0.13573524355888367,0.11024305555555558,0.11736471951007843,0.16564291564291567
95,2.3942761421203613,0.00561512028798461,1.2151896953582764e-05,8.880777359008789,0.153982013463974,0.15798611111111083,0.11307224631309509,0.16538697788697765
96,2.36335825920105,0.004811486694961786,-0.00012422353029251099,8.949204444885254,0.16229380667209625,0.13628472222222188,0.11476413905620575,0.1693966693966692
97,2.3207783699035645,0.0040818797424435616,-9.498745203018188e-05,9.077716827392578,0.1565037965774536,0.21440972222222188,0.11641565710306168,0.16879948129948086
98,2.203885316848755,0.0044562071561813354,-0.0002028048038482666,9.153706550598145,0.16706590354442596,0.18402777777777768,0.11772164702415466,0.1711029211029208
99,2.6557273864746094,0.006225801073014736,-0.0001378953456878662,8.698148727416992,0.1840793341398239,0.12326388888888873,0.11754105985164642,0.1694819819819815
100,2.5505058765411377,0.003275988856330514,0.0002158433198928833,8.789767265319824,0.16027064621448517,0.09288194444444398,0.11792866140604019,0.17212667212667176
101,2.0290143489837646,0.004252218641340733,-9.483844041824341e-05,9.448771476745605,0.22236764430999756,0.22309027777777768,0.11655604839324951,0.17127354627354596
102,2.4199090003967285,0.006339170038700104,2.456456422805786e-05,8.901176452636719,0.18125349283218384,0.12326388888888873,0.11940820515155792,0.170249795249795
103,2.4036402702331543,0.004824456293135881,-0.00010985881090164185,8.993478775024414,0.16279073059558868,0.11024305555555558,0.11676935851573944,0.16743447993447957
104,2.5100085735321045,0.0060437810607254505,-3.0182301998138428e-05,8.787002563476562,0.17401115596294403,0.16666666666666663,0.11474409699440002,0.1677757302757299
105,2.404644012451172,0.004678789991885424,-5.379319190979004e-05,8.972762107849121,0.16004160046577454,0.18402777777777768,0.11904740333557129,0.1694819819819815
106,2.191047430038452,0.0037769037298858166,-7.784366607666016e-05,9.104042053222656,0.1566343754529953,0.16232638888888873,0.12056206166744232,0.16897010647010602
107,2.41937255859375,0.004562739748507738,-0.00011723488569259644,8.781627655029297,0.13758082687854767,0.21874999999999978,0.11617135256528854,0.1718707343707343
108,2.482884645462036,0.006636461708694696,0.00011914968490600586,8.946456909179688,0.15048572421073914,0.11024305555555558,0.11591968685388565,0.17374761124761107
109,2.30891489982605,0.0034321187995374203,-0.00010722130537033081,9.029803276062012,0.15377464890480042,0.15798611111111083,0.11827142536640167,0.16931135681135634
110,2.4868528842926025,0.005625463090837002,-0.00015266239643096924,8.870182037353516,0.12827003002166748,0.12326388888888873,0.11874856054782867,0.17221198471198462
111,2.395045042037964,0.0038230668287724257,1.0661780834197998e-05,8.984335899353027,0.18743903934955597,0.14930555555555558,0.1182183027267456,0.16871416871416856
112,2.094454765319824,0.004124772269278765,-0.00024450570344924927,9.200603485107422,0.16501069068908691,0.15364583333333293,0.11922060698270798,0.16419260169260153
113,2.380659818649292,0.006357784382998943,-1.8633902072906494e-05,9.038068771362305,0.17117084562778473,0.20138888888888873,0.11922074109315872,0.165984165984166
114,2.0297136306762695,0.0029273969121277332,-0.0001698806881904602,9.141684532165527,0.16072146594524384,0.21440972222222188,0.11989887058734894,0.16504572754572733
115,2.3344831466674805,0.00457166600972414,-0.00011314451694488525,8.874076843261719,0.21203000843524933,0.17534722222222188,0.11947091668844223,0.16615479115479115
116,2.3199024200439453,0.0030760429799556732,-0.0003243386745452881,9.028585433959961,0.1779075413942337,0.17534722222222188,0.1209428608417511,0.16879948129948086
117,2.363579750061035,0.0033932379446923733,2.123415470123291e-06,8.933579444885254,0.12899810075759888,0.20138888888888873,0.12000854313373566,0.16879948129948086
118,2.2613368034362793,0.0032722484320402145,-0.000367678701877594,9.086613655090332,0.15413109958171844,0.11458333333333293,0.12083720415830612,0.17161479661479628
119,2.090277910232544,0.0026299813762307167,0.00011625885963439941,9.211202621459961,0.13951240479946136,0.14062499999999978,0.1190689280629158,0.17118823368823366
120,2.360265016555786,0.00369592965580523,3.2573938369750977e-05,9.007182121276855,0.14224675297737122,0.17534722222222188,0.12145430594682693,0.16649604149604147
121,2.092515230178833,0.003670634003356099,-0.0001892372965812683,9.169963836669922,0.07506822049617767,0.16666666666666663,0.11835774034261703,0.16658135408135377
122,1.9820510149002075,0.003947754390537739,-0.00015106052160263062,9.39311408996582,0.13261669874191284,0.24913194444444398,0.11837541311979294,0.16658135408135377
123,2.437946319580078,0.0035910813603550196,-9.442120790481567e-05,8.89775562286377,0.1270757019519806,0.22309027777777768,0.11549867689609528,0.16078009828009832
124,2.0795578956604004,0.0030012994538992643,0.00020202994346618652,9.22753620147705,0.15498602390289307,0.14930555555555558,0.1165841817855835,0.16538697788697765
125,2.263051748275757,0.002990824868902564,0.00028219074010849,9.182641983032227,0.14615164697170258,0.17534722222222188,0.1167725920677185,0.16496041496041447
126,2.337282180786133,0.0028048264794051647,-9.13664698600769e-05,8.869998931884766,0.132411390542984,0.23177083333333293,0.11895502358675003,0.15907384657384616
127,2.194270133972168,0.002898840932175517,8.220970630645752e-05,9.141606330871582,0.1430591642856598,0.21440972222222188,0.11471657454967499,0.16205978705978674
128,2.3987598419189453,0.0030099344439804554,-0.00014653056859970093,8.84257984161377,0.17143310606479645,0.11892361111111083,0.11472484469413757,0.16487510237510217
129,2.178553581237793,0.0024833830539137125,-7.366389036178589e-05,9.177759170532227,0.16165652871131897,0.11458333333333293,0.11724260449409485,0.16086541086541062
130,2.295736074447632,0.004915785044431686,4.114210605621338e-05,9.025781631469727,0.1779634952545166,0.17968749999999978,0.11658089607954025,0.16530166530166535
131,2.3225109577178955,0.0023407801054418087,0.00013966113328933716,9.027819633483887,0.16601385176181793,0.11458333333333293,0.11567934602499008,0.16376603876603835
132,2.334329128265381,0.002786492696031928,-2.171844244003296e-05,9.097859382629395,0.13882730901241302,0.17968749999999978,0.11302647739648819,0.16419260169260153
133,2.238452672958374,0.0021870643831789494,0.00014622509479522705,9.16272258758545,0.15545181930065155,0.07552083333333293,0.1196291372179985,0.16248634998634992
134,2.3628110885620117,0.0031768381595611572,-0.00019937008619308472,9.068572044372559,0.17358295619487762,0.07118055555555558,0.11751142144203186,0.16820229320229307
135,1.8269766569137573,0.002571852644905448,6.779283285140991e-05,9.49113941192627,0.12606927752494812,0.17968749999999978,0.11757358908653259,0.1612919737919738
136,2.236185312271118,0.003179060062393546,5.655735731124878e-05,9.062862396240234,0.15841886401176453,0.21874999999999978,0.11714302003383636,0.1669226044226041
137,2.391848087310791,0.002454024739563465,0.0002929419279098511,8.860210418701172,0.17728058993816376,0.10156249999999978,0.11873949319124222,0.16649604149604147
138,2.0376060009002686,0.0034113076981157064,-0.00010166317224502563,9.247438430786133,0.15037932991981506,0.24913194444444398,0.11707194894552231,0.16956729456729436
139,2.463646173477173,0.002783857984468341,8.516013622283936e-06,8.879549980163574,0.1313028782606125,0.12326388888888873,0.11754325032234192,0.1647897897897893
140,2.400582790374756,0.0035565607249736786,-0.00025932490825653076,8.92123794555664,0.176916241645813,0.09288194444444398,0.1203765720129013,0.16820229320229307
141,1.894086480140686,0.003063048468902707,-7.103383541107178e-05,9.405657768249512,0.1664627492427826,0.24479166666666663,0.11911364644765854,0.16274228774228738
142,2.340816020965576,0.003999071195721626,5.1081180572509766e-05,8.938666343688965,0.16534315049648285,0.18402777777777768,0.12009032070636749,0.16316885066885056
143,2.658550262451172,0.0017693424597382545,-3.402680158615112e-05,8.614081382751465,0.20178063213825226,0.07986111111111083,0.1174619048833847,0.1647897897897893
144,1.8991210460662842,0.00309355603531003,0.00011736154556274414,9.373476028442383,0.14541219174861908,0.2664930555555556,0.1188833937048912,0.16794635544635506
145,2.272930860519409,0.002615596866235137,1.3813376426696777e-05,9.040182113647461,0.11429021507501602,0.16232638888888873,0.11532166600227356,0.16879948129948086
146,2.3358542919158936,0.002338205697014928,7.62641429901123e-05,9.02763843536377,0.13240934908390045,0.14496527777777768,0.11740312725305557,0.1676904176904176
147,2.2938175201416016,0.002095937728881836,-2.6844441890716553e-05,8.898979187011719,0.11443721503019333,0.22309027777777768,0.11659391969442368,0.16897010647010602
148,2.3830626010894775,0.0036707893013954163,-3.774464130401611e-05,8.951245307922363,0.1847759187221527,0.09722222222222188,0.11784869432449341,0.17067635817635818
149,2.0037894248962402,0.002064364729449153,3.4570693969726562e-06,9.297090530395508,0.1842540204524994,0.08854166666666663,0.1197221651673317,0.1749419874419872
150,1.9913557767868042,0.0025995736941695213,-5.9098005294799805e-05,9.379645347595215,0.12174070626497269,0.22309027777777768,0.11922560632228851,0.16342478842478803
151,2.2417500019073486,0.002202147152274847,8.137524127960205e-05,9.011795997619629,0.1400323361158371,0.16232638888888873,0.11787030845880508,0.16820229320229307
152,2.1991684436798096,0.0020674988627433777,7.08848237991333e-05,9.124253273010254,0.18491655588150024,0.19270833333333293,0.11956634372472763,0.16922604422604404
153,2.3669519424438477,0.0021407839376479387,-0.0001432672142982483,9.004836082458496,0.12816356122493744,0.14930555555555558,0.11944344639778137,0.17161479661479628
154,2.25860333442688,0.0021771653555333614,0.00033292919397354126,8.99414348602295,0.20794397592544556,0.13628472222222188,0.1207214817404747,0.16820229320229307
155,2.054530143737793,0.0018987361108884215,3.486126661300659e-05,9.130608558654785,0.16856049001216888,0.19704861111111083,0.12021572142839432,0.17903699153699104
156,2.5144295692443848,0.0030505796894431114,0.00020708143711090088,8.90372371673584,0.21108181774616241,0.19270833333333293,0.11995496600866318,0.16897010647010602
157,2.465287685394287,0.002235617022961378,-2.0295381546020508e-05,8.843164443969727,0.1695341020822525,0.12760416666666663,0.11849237233400345,0.16837291837291823
158,2.164304494857788,0.002085698302835226,-5.786120891571045e-05,9.31222915649414,0.15000633895397186,0.15798611111111083,0.11952194571495056,0.16649604149604147
159,1.9722301959991455,0.0017382269725203514,3.919750452041626e-05,9.27979850769043,0.10751475393772125,0.18402777777777768,0.12344668060541153,0.17033510783510786
160,2.164842367172241,0.002686118707060814,0.00012893229722976685,9.173446655273438,0.13428667187690735,0.15364583333333293,0.12064236402511597,0.17161479661479628
161,2.1277284622192383,0.001710215350612998,0.0003109946846961975,9.21119213104248,0.1538510024547577,0.2534722222222219,0.1252550184726715,0.17238260988260978
162,2.340693473815918,0.0025556383188813925,-0.00015285611152648926,8.986369132995605,0.1420489251613617,0.17534722222222188,0.12207493931055069,0.16914073164073118
163,2.139082908630371,0.0024251609575003386,5.602836608886719e-06,9.150686264038086,0.14107467234134674,0.22309027777777768,0.12354061007499695,0.17221198471198462
164,2.3802313804626465,0.001991814002394676,-0.00033624470233917236,8.958320617675781,0.17339307069778442,0.18836805555555558,0.1243077889084816,0.16905541905541888
165,2.279437780380249,0.0016179528320208192,4.6037137508392334e-05,8.974990844726562,0.15256629884243011,0.21874999999999978,0.122615747153759,0.1701644826644827
166,2.122246503829956,0.0017900851089507341,0.00023328512907028198,9.095961570739746,0.18764333426952362,0.24479166666666663,0.12498020380735397,0.16828760578760538
167,2.4028329849243164,0.001991200726479292,-0.0001568421721458435,8.873964309692383,0.1734544336795807,0.17534722222222188,0.12343363463878632,0.17843980343980326
168,2.136012554168701,0.002691286150366068,-0.00013910233974456787,9.315773010253906,0.14269189536571503,0.21006944444444398,0.12249648571014404,0.1752832377832375
169,2.4034667015075684,0.0024941577576100826,0.0001279488205909729,8.88185977935791,0.11265358328819275,0.15798611111111083,0.12305653840303421,0.17050573300573302
170,2.517380952835083,0.0015133385313674808,7.959455251693726e-05,8.79175853729248,0.1366918832063675,0.09722222222222188,0.12522900104522705,0.17170010920010914
171,2.15090012550354,0.001361669972538948,0.00017709285020828247,9.10000991821289,0.1471738964319229,0.19270833333333293,0.1225355789065361,0.16828760578760538
172,2.3523125648498535,0.00214892509393394,-2.6151537895202637e-06,8.993226051330566,0.22329822182655334,0.04947916666666663,0.12428008764982224,0.17434479934479885
173,2.145745277404785,0.001547404332086444,-6.470084190368652e-05,9.196979522705078,0.13398133218288422,0.19270833333333293,0.12444184720516205,0.1736622986622982
174,2.259644031524658,0.002456662245094776,6.172060966491699e-05,9.15771198272705,0.1908286064863205,0.18836805555555558,0.12443731725215912,0.16828760578760538
175,2.332326650619507,0.001487007481046021,0.00014162063598632812,8.935102462768555,0.1445578634738922,0.17534722222222188,0.12296988815069199,0.16333947583947572
176,2.1656579971313477,0.001955627929419279,9.926408529281616e-05,9.150837898254395,0.12978270649909973,0.24913194444444398,0.1234617680311203,0.1605241605241603
177,2.3203701972961426,0.0014293261338025331,4.4755637645721436e-05,9.061182022094727,0.16738273203372955,0.11458333333333293,0.12512509524822235,0.16589885339885313
178,2.1711440086364746,0.001389471348375082,-5.893409252166748e-06,9.134675979614258,0.1739557981491089,0.16666666666666663,0.12453299015760422,0.1597563472563468
179,2.3727636337280273,0.002032394288107753,-4.678219556808472e-05,8.96292495727539,0.13746707141399384,0.10590277777777768,0.12350301444530487,0.16751979251979243
180,2.159445285797119,0.002820308320224285,-0.00012166798114776611,9.199658393859863,0.14745154976844788,0.12760416666666663,0.12441498041152954,0.16103603603603578
181,2.034432888031006,0.0015230379067361355,9.240955114364624e-05,9.322843551635742,0.09531250596046448,0.23177083333333293,0.12417950481176376,0.16154791154791126
182,2.1436192989349365,0.0018612314015626907,0.00010172277688980103,9.074699401855469,0.1841801404953003,0.24479166666666663,0.12164172530174255,0.16427791427791383
183,2.199003219604492,0.0028947987593710423,-1.4394521713256836e-05,9.063945770263672,0.15465007722377777,0.13628472222222188,0.12451794743537903,0.16197447447447444
184,2.1182658672332764,0.0014948458410799503,4.4576823711395264e-05,9.187101364135742,0.16505330801010132,0.2925347222222219,0.1253776103258133,0.1621450996450996
185,2.241215944290161,0.0022611012682318687,0.0001443624496459961,9.03625202178955,0.15674686431884766,0.14496527777777768,0.12306167185306549,0.16658135408135377
186,2.623018741607666,0.0020324105862528086,0.00012163817882537842,8.65334415435791,0.14174142479896545,0.12760416666666663,0.12463241815567017,0.1655576030576028
187,2.1630866527557373,0.0021657112520188093,8.760392665863037e-05,9.074378967285156,0.16337664425373077,0.13628472222222188,0.1247127503156662,0.16999385749385754
188,2.5550222396850586,0.002275289734825492,-0.00011231750249862671,8.799483299255371,0.17004020512104034,0.11892361111111083,0.12480397522449493,0.16751979251979243
189,2.3391425609588623,0.002112499438226223,3.8392841815948486e-05,8.92331314086914,0.11944707483053207,0.19270833333333293,0.1273195892572403,0.16879948129948086
190,2.430964946746826,0.00260678818449378,-6.35385513305664e-05,8.937814712524414,0.1730806529521942,0.15798611111111083,0.12425591796636581,0.16700791700791695
191,2.4511759281158447,0.0015890066279098392,0.00022555142641067505,8.878121376037598,0.17049120366573334,0.10156249999999978,0.1257070004940033,0.16316885066885056
192,2.23761248588562,0.001839084317907691,9.079277515411377e-05,9.12259292602539,0.15712831914424896,0.13194444444444398,0.12345384806394577,0.16043884793884744
193,1.9386605024337769,0.0020986797753721476,-4.369765520095825e-05,9.301284790039062,0.13430917263031006,0.21006944444444398,0.1259446144104004,0.16018291018290998
194,2.1387248039245605,0.0019942207727581263,-0.00011260807514190674,9.089648246765137,0.1548040211200714,0.17100694444444398,0.125238835811615,0.1596710346710345
195,2.3973352909088135,0.0025195255875587463,2.8230249881744385e-05,9.009835243225098,0.19035950303077698,0.053819444444443976,0.12217672169208527,0.15924447174447132
196,2.3006110191345215,0.0010437441524118185,-5.023926496505737e-05,9.050825119018555,0.1372493952512741,0.18836805555555558,0.12422885000705719,0.16009759759759712
197,2.114492416381836,0.0018295892514288425,0.00010538101196289062,9.196420669555664,0.14666420221328735,0.09288194444444398,0.12570805847644806,0.1597563472563468
198,2.059971332550049,0.0013374650152400136,7.540732622146606e-05,9.178925514221191,0.1541925072669983,0.12326388888888873,0.12832702696323395,0.15932978432978417
199,2.3811705112457275,0.0017953916685655713,-2.90796160697937e-05,8.839235305786133,0.13771438598632812,0.11892361111111083,0.12565432488918304,0.15924447174447132
200,2.2315192222595215,0.0010634276550263166,0.0002643018960952759,9.113167762756348,0.16161544620990753,0.24479166666666663,0.12367457151412964,0.1558319683319681
201,2.279336452484131,0.0016572133172303438,0.00010816007852554321,8.938309669494629,0.17042124271392822,0.18402777777777768,0.12755562365055084,0.15941509691509648
202,2.0657575130462646,0.0015999096212908626,-4.731863737106323e-05,9.264756202697754,0.12878426909446716,0.21006944444444398,0.12568983435630798,0.16419260169260153
203,2.526311159133911,0.0013500867644324899,9.64626669883728e-05,8.963719367980957,0.15710429847240448,0.15798611111111083,0.12364908307790756,0.1647897897897893
204,2.160238027572632,0.001734575955197215,-1.306086778640747e-05,9.20602798461914,0.1660165935754776,0.14496527777777768,0.12438175827264786,0.15651446901446875
205,2.4690122604370117,0.0020980206318199635,1.064687967300415e-05,8.791868209838867,0.15622200071811676,0.06249999999999978,0.12369520962238312,0.1597563472563468
206,2.2563321590423584,0.0014620308065786958,0.000125005841255188,9.042993545532227,0.14435288310050964,0.08854166666666663,0.12333473563194275,0.16265697515697508
207,2.1363039016723633,0.0015202679205685854,0.00016793608665466309,9.27432918548584,0.15842345356941223,0.14930555555555558,0.12408038228750229,0.16009759759759712
208,2.3532605171203613,0.002298256615176797,0.0001310482621192932,8.984553337097168,0.16809694468975067,0.10590277777777768,0.12223472446203232,0.1629982254982254
209,2.132697820663452,0.0012667023111134768,0.00019219517707824707,9.168743133544922,0.1811339557170868,0.19704861111111083,0.12244007736444473,0.16342478842478803
210,2.3223021030426025,0.0012151901610195637,-5.4970383644104004e-05,8.985099792480469,0.17463916540145874,0.12760416666666663,0.1245521679520607,0.1660694785694783
211,2.1366453170776367,0.0012100571766495705,-3.082305192947388e-05,9.191046714782715,0.1656828671693802,0.14496527777777768,0.12308350950479507,0.16504572754572733
212,2.447507619857788,0.0011079453397542238,1.3709068298339844e-06,8.971586227416992,0.29482847452163696,0.053819444444443976,0.12193377315998077,0.16666666666666663
213,2.217688798904419,0.0015520290471613407,-5.066394805908203e-06,9.270403861999512,0.17864246666431427,0.14062499999999978,0.12208670377731323,0.17076167076167048
214,2.3642303943634033,0.00166988221462816,-0.00012401491403579712,9.01144027709961,0.1614087074995041,0.21874999999999978,0.12252605706453323,0.16786104286104275
215,2.347553014755249,0.0017179464921355247,0.0001268535852432251,8.920390129089355,0.1346573680639267,0.10590277777777768,0.12082632631063461,0.16589885339885313
216,2.08463978767395,0.0013713042717427015,0.00014224648475646973,9.220823287963867,0.15905484557151794,0.13194444444444398,0.1223154067993164,0.16530166530166535
217,2.4175002574920654,0.0010444872314110398,-8.881092071533203e-06,8.970873832702637,0.15598589181900024,0.053819444444443976,0.12458602339029312,0.16879948129948086
218,2.5671565532684326,0.001609291066415608,-2.502650022506714e-05,8.872665405273438,0.14684543013572693,0.04079861111111083,0.12342973798513412,0.16402197652197636
219,2.5974979400634766,0.0010356003185734153,-8.863210678100586e-05,8.684581756591797,0.19261564314365387,-0.03298611111111127,0.12431451678276062,0.16589885339885313
220,2.444295883178711,0.002816805150359869,0.00015544891357421875,8.832975387573242,0.14678876101970673,0.08854166666666663,0.12529170513153076,0.16658135408135377
221,2.4937965869903564,0.0015570386312901974,0.0001069381833076477,8.75940227508545,0.13807477056980133,0.13628472222222188,0.12503939867019653,0.16888479388479372
222,2.441427230834961,0.0014315125299617648,0.00017177313566207886,8.820718765258789,0.21756069362163544,0.14062499999999978,0.12436556071043015,0.16649604149604147
223,2.171522617340088,0.0007297185948118567,0.0002337619662284851,9.111820220947266,0.16332568228244781,0.15798611111111083,0.1232852041721344,0.17050573300573302
224,2.3057196140289307,0.0007573369657620788,0.0001426786184310913,8.957252502441406,0.17061203718185425,0.11024305555555558,0.12267030030488968,0.16828760578760538
225,1.9049158096313477,0.0009674758184701204,0.00022757798433303833,9.467097282409668,0.1380055546760559,0.2664930555555556,0.12322179228067398,0.16982323232323238
226,2.356421947479248,0.000974710681475699,0.0001032799482345581,9.051942825317383,0.1432434618473053,0.17100694444444398,0.12119494378566742,0.16888479388479372
227,2.034764528274536,0.0010456080781295896,0.0002555251121520996,9.243424415588379,0.15353189408779144,0.23177083333333293,0.12417731434106827,0.1766482391482388
228,2.0923032760620117,0.0009064268670044839,4.3451786041259766e-05,9.149556159973145,0.15769188106060028,0.15798611111111083,0.12329307943582535,0.17118823368823366
229,2.239992141723633,0.001214060466736555,7.528811693191528e-05,9.121345520019531,0.1767043024301529,0.09722222222222188,0.12059491872787476,0.17289448539448526
230,2.4023845195770264,0.001678934320807457,-0.00010496377944946289,8.916138648986816,0.2560126781463623,0.08420138888888873,0.12420801818370819,0.16581354081354083
231,2.201375961303711,0.0012251894222572446,9.913742542266846e-05,9.076001167297363,0.1806938648223877,0.14496527777777768,0.12261556088924408,0.17170010920010914
232,2.114546060562134,0.0008432959439232945,0.0002569332718849182,9.240341186523438,0.1385374516248703,0.17534722222222188,0.12308881431818008,0.16461916461916415
233,2.515481472015381,0.001834141556173563,0.00016444921493530273,8.84697437286377,0.18096286058425903,0.16666666666666663,0.12014072388410568,0.16820229320229307
234,2.196226119995117,0.0014178878627717495,0.00020736455917358398,9.094389915466309,0.14268675446510315,0.12326388888888873,0.12305133044719696,0.17007917007916984
235,2.3901705741882324,0.0011966254096478224,7.062405347824097e-05,9.026252746582031,0.17585602402687073,0.14496527777777768,0.12390079349279404,0.17681886431886396
236,2.494290828704834,0.0018728640861809254,0.00016136467456817627,8.803457260131836,0.1809922307729721,0.14062499999999978,0.1259998381137848,0.17349167349167305
237,2.4427897930145264,0.0009246284607797861,0.00012153387069702148,8.88442611694336,0.16746313869953156,0.17534722222222188,0.1251411736011505,0.18108449358449352
238,2.259976625442505,0.0008173103560693562,0.00013130158185958862,9.073005676269531,0.1806105077266693,0.24913194444444398,0.12639223039150238,0.1765629265629265
239,2.230022430419922,0.0007233134238049388,0.00011970847845077515,9.166037559509277,0.16045311093330383,0.15798611111111083,0.12441467493772507,0.1775013650013646
240,2.225734233856201,0.0010927310213446617,0.00021585077047348022,9.152359008789062,0.20166827738285065,0.11458333333333293,0.12388564646244049,0.1766482391482388
241,2.66774320602417,0.0013206946896389127,8.751451969146729e-05,8.643717765808105,0.24483948945999146,0.036458333333332926,0.12570297718048096,0.16504572754572733
242,2.3878443241119385,0.0018974534468725324,4.18052077293396e-05,8.874860763549805,0.18593540787696838,0.09288194444444398,0.12690334022045135,0.1719560469560466
243,2.047856330871582,0.001010760897770524,0.00026335567235946655,9.226007461547852,0.1679130345582962,0.15798611111111083,0.12750950455665588,0.1663254163254163
244,2.3233001232147217,0.0008716745069250464,2.2776424884796143e-05,9.068603515625,0.220109224319458,0.17968749999999978,0.12828049063682556,0.16658135408135377
245,2.4182608127593994,0.002361534396186471,0.00022026151418685913,8.951855659484863,0.2065638154745102,0.053819444444443976,0.12797144055366516,0.170249795249795
246,2.2902543544769287,0.0006788972532376647,0.0001110658049583435,8.88882827758789,0.1639920324087143,0.19270833333333293,0.12850533425807953,0.17306511056511042
247,2.099141836166382,0.0007228173781186342,0.00017421692609786987,9.13302993774414,0.13445499539375305,0.22743055555555558,0.12663941085338593,0.17289448539448526
248,2.26875901222229,0.0011281444458290935,5.940347909927368e-05,8.896951675415039,0.12342561781406403,0.17100694444444398,0.12701663374900818,0.1680316680316679
249,1.9881643056869507,0.0009906559716910124,0.00010769069194793701,9.399325370788574,0.12862490117549896,0.3402777777777777,0.12736305594444275,0.16572822822822797
250,2.3788537979125977,0.0011806054972112179,-1.2598931789398193e-05,9.00436019897461,0.16981478035449982,0.15798611111111083,0.12690718472003937,0.16624010374010345
251,2.2506206035614014,0.000916061457246542,0.0001239776611328125,8.950675964355469,0.13686178624629974,0.15364583333333293,0.12940995395183563,0.16504572754572733
252,2.3986594676971436,0.0009981190087273717,0.00010979175567626953,8.883546829223633,0.1983209103345871,0.15364583333333293,0.12864094972610474,0.16615479115479115
253,2.0880329608917236,0.0008981696446426213,9.909272193908691e-07,9.285411834716797,0.17616188526153564,0.08420138888888873,0.1273725926876068,0.16188916188916158
254,2.0124597549438477,0.0008843077812343836,9.504705667495728e-05,9.308365821838379,0.1254013329744339,0.22743055555555558,0.1283368468284607,0.17084698334698334
255,2.11721134185791,0.0008577196858823299,0.0001459941267967224,9.155810356140137,0.18680250644683838,0.23177083333333293,0.13040702044963837,0.17374761124761107
256,2.18731427192688,0.0007146332645788789,-2.175569534301758e-06,9.267033576965332,0.17345686256885529,0.18836805555555558,0.127799391746521,0.17340636090636075
257,2.2479352951049805,0.0008426994318142533,4.192441701889038e-05,9.05997085571289,0.2109265774488449,0.12326388888888873,0.1268904209136963,0.17639230139230133
258,2.3666841983795166,0.0028738975524902344,9.113550186157227e-05,8.930265426635742,0.11660488694906235,0.19704861111111083,0.12788735330104828,0.16931135681135634
259,2.4501121044158936,0.000972310546785593,0.00013143569231033325,8.98912525177002,0.15989616513252258,0.14930555555555558,0.12825100123882294,0.1711029211029208
260,2.30478572845459,0.0008106809109449387,0.00013605505228042603,9.08407974243164,0.1921045184135437,0.07118055555555558,0.12876001000404358,0.17076167076167048
261,2.1805057525634766,0.0008538104593753815,0.00015861541032791138,9.220414161682129,0.17480157315731049,0.16666666666666663,0.13076841831207275,0.16845823095823054
262,2.042797327041626,0.0005141364526934922,0.0001682192087173462,9.274516105651855,0.16464395821094513,0.23177083333333293,0.12782594561576843,0.1668372918372918
263,2.4324750900268555,0.0007697076071053743,0.00014860183000564575,8.86443042755127,0.17464813590049744,0.16666666666666663,0.13062892854213715,0.1621450996450996
264,2.3329548835754395,0.001130912103690207,8.560717105865479e-06,8.944353103637695,0.16468465328216553,0.16232638888888873,0.12839317321777344,0.16530166530166535
265,2.353132724761963,0.0014895276399329305,-7.081776857376099e-05,9.074047088623047,0.14614690840244293,0.11024305555555558,0.13034339249134064,0.16376603876603835
266,2.4421935081481934,0.0015077427960932255,1.4133751392364502e-05,8.78547191619873,0.1354421228170395,0.15364583333333293,0.12934158742427826,0.16197447447447444
267,2.15763521194458,0.0008079394465312362,0.0002536773681640625,9.125083923339844,0.16317668557167053,0.23177083333333293,0.13012820482254028,0.15864728364728353
268,2.0953447818756104,0.0005948619218543172,0.00016405433416366577,9.101970672607422,0.18630535900592804,0.17100694444444398,0.12991967797279358,0.16487510237510217
269,2.416574239730835,0.0009615542367100716,9.682029485702515e-05,8.90108871459961,0.0996834859251976,0.19704861111111083,0.13149507343769073,0.1541257166257165
270,2.608917474746704,0.0010752715170383453,5.840510129928589e-05,8.694360733032227,0.15997011959552765,0.04513888888888873,0.13011375069618225,0.15702634452634423
271,2.233891010284424,0.0006711788009852171,0.0001881718635559082,9.072832107543945,0.18174247443675995,0.17968749999999978,0.13141444325447083,0.1549788424788423
272,2.1272850036621094,0.0007975018816068769,0.00021334737539291382,9.086199760437012,0.14524394273757935,0.14496527777777768,0.12997031211853027,0.15992697242697196
273,2.352023124694824,0.0008675878634676337,0.00017771869897842407,8.847606658935547,0.1771078258752823,0.15798611111111083,0.13057726621627808,0.16240103740103706
274,2.094546318054199,0.0005369479767978191,0.00017151236534118652,9.120325088500977,0.1644970327615738,0.20572916666666663,0.12990809977054596,0.15822072072072035
275,2.4989707469940186,0.0011010237503796816,0.00011032074689865112,8.901232719421387,0.1730344593524933,0.12326388888888873,0.13140590488910675,0.1588179088179087
276,2.2677323818206787,0.0008968631736934185,3.427267074584961e-05,9.0462007522583,0.18038669228553772,0.13628472222222188,0.13308866322040558,0.16666666666666663
277,2.2208335399627686,0.0008409806760028005,0.00024925172328948975,9.175025939941406,0.22707462310791016,0.07986111111111083,0.1315942108631134,0.16351010101010088
278,2.068927764892578,0.0006088363588787615,0.0001858547329902649,9.258831024169922,0.15222327411174774,0.20572916666666663,0.13144418597221375,0.16265697515697508
279,2.3073577880859375,0.000620473176240921,0.00027446448802948,9.012927055358887,0.24853099882602692,0.17100694444444398,0.13359065353870392,0.16581354081354083
280,2.180518627166748,0.0007514543831348419,0.00011373311281204224,9.181923866271973,0.22768767178058624,0.10590277777777768,0.1314006894826889,0.170249795249795
281,2.089592933654785,0.0012107656802982092,0.00021713227033615112,9.269582748413086,0.18365417420864105,0.23177083333333293,0.12900219857692719,0.16513104013104019
282,2.3048110008239746,0.0006574667058885098,0.00023874640464782715,8.970766067504883,0.1296164095401764,0.11892361111111083,0.12914061546325684,0.1629982254982254
283,2.490140199661255,0.0009413446532562375,0.0001148805022239685,8.813678741455078,0.20596741139888763,0.04079861111111083,0.12916181981563568,0.16001228501228482
284,1.9198601245880127,0.0012231923174113035,0.00021844357252120972,9.425817489624023,0.10385522991418839,0.2925347222222219,0.13042110204696655,0.1550641550641546
285,2.175300359725952,0.0004971730522811413,0.0002594292163848877,9.209558486938477,0.17669855058193207,0.04079861111111083,0.1326812207698822,0.15856197106197067
286,2.096874475479126,0.0006872938247397542,5.478411912918091e-05,9.242616653442383,0.1270243525505066,0.16666666666666663,0.1287919282913208,0.1571969696969694
287,2.319502115249634,0.0015672199660912156,0.00017149001359939575,8.862184524536133,0.13879166543483734,0.16666666666666663,0.12796786427497864,0.15762353262353257
288,2.253657102584839,0.0008100014529190958,4.264712333679199e-05,9.072513580322266,0.17420415580272675,0.15364583333333293,0.12557147443294525,0.159159159159159
289,2.321868419647217,0.0014526034938171506,0.0003344491124153137,8.975229263305664,0.17644666135311127,0.11458333333333293,0.12724646925926208,0.15259009009009006
290,2.205784320831299,0.0006202126387506723,0.00018543750047683716,9.10989761352539,0.16136892139911652,0.17534722222222188,0.1288292557001114,0.15352852852852816
291,2.382871150970459,0.0007633501663804054,0.0001623108983039856,8.989450454711914,0.16630977392196655,0.10590277777777768,0.12759406864643097,0.159159159159159
292,2.399252414703369,0.00040507438825443387,0.00019898265600204468,8.854951858520508,0.15661248564720154,0.14062499999999978,0.12911850214004517,0.15608790608790613
293,2.1666252613067627,0.0005878483643755317,3.974884748458862e-05,9.082423210144043,0.1652548909187317,0.08420138888888873,0.1268298476934433,0.15523478023477977
294,2.704988479614258,0.0007757823914289474,1.714378595352173e-05,8.649282455444336,0.17628245055675507,0.07118055555555558,0.12776745855808258,0.15651446901446875
295,2.1713602542877197,0.0006411452777683735,0.0002282857894897461,9.271288871765137,0.13175354897975922,0.17100694444444398,0.12947189807891846,0.15950040950040933
296,2.2319438457489014,0.0006769330939278007,0.00021152198314666748,9.192126274108887,0.21524712443351746,0.24479166666666663,0.1281348019838333,0.15310196560196554
297,2.0809736251831055,0.0005126468022353947,0.00015100091695785522,9.190814971923828,0.2039046734571457,0.21006944444444398,0.12987521290779114,0.15898853398853385
298,2.2007246017456055,0.0003927910584025085,0.00028852373361587524,9.031357765197754,0.1519906222820282,0.15364583333333293,0.13003511726856232,0.15293134043134038
299,2.5421462059020996,0.0007513166638091207,0.00012231618165969849,8.85830020904541,0.19502294063568115,0.14930555555555558,0.1261938512325287,0.15617321867321843
300,2.164004325866699,0.00032847007969394326,0.00024189800024032593,9.230731010437012,0.1944642961025238,0.22743055555555558,0.1290663182735443,0.15148102648102624
301,2.114778518676758,0.00024176965234801173,0.0003299117088317871,9.250632286071777,0.14390413463115692,0.21874999999999978,0.1281691938638687,0.15011602511602495
302,1.9997289180755615,0.00047061487566679716,0.00023102015256881714,9.345670700073242,0.1586643010377884,0.15798611111111083,0.13005787134170532,0.14934821184821145
303,2.306626796722412,0.0008194477995857596,0.0002017095685005188,9.028271675109863,0.1734798550605774,0.15798611111111083,0.1252281218767166,0.14926289926289915
304,2.293687105178833,0.0005886192666366696,9.060651063919067e-05,8.935354232788086,0.17339138686656952,0.04079861111111083,0.12972640991210938,0.1565997815997816
305,2.2559094429016113,0.0008705093059688807,3.797560930252075e-05,9.049308776855469,0.1454898864030838,0.17968749999999978,0.12764796614646912,0.1515663390663391
306,2.1221964359283447,0.00027271348517388105,0.0002495795488357544,9.114094734191895,0.20491549372673035,0.20572916666666663,0.12825118005275726,0.15224883974883974
307,2.2417097091674805,0.0005018091760575771,0.0003104209899902344,9.05888843536377,0.17142054438591003,0.16666666666666663,0.12763550877571106,0.1563438438438436
308,2.4888877868652344,0.0005722582573071122,0.00017173588275909424,8.930339813232422,0.2059178203344345,0.16666666666666663,0.1255771368741989,0.15540540540540493
309,2.5661914348602295,0.0006725269486196339,0.00016717612743377686,8.767454147338867,0.1422627717256546,0.12326388888888873,0.12735889852046967,0.15318727818727784
310,2.3728034496307373,0.0007552361348643899,0.00016396492719650269,9.046525001525879,0.2516738176345825,0.10590277777777768,0.1262979954481125,0.15293134043134038
311,2.3013288974761963,0.00027524284087121487,0.000250205397605896,9.089366912841797,0.13224318623542786,0.15798611111111083,0.1256570965051651,0.15037196287196242
312,2.34395694732666,0.000781425042077899,0.00020319968461990356,8.939736366271973,0.14050395786762238,0.17968749999999978,0.1259862631559372,0.14951883701883661
313,2.41565203666687,0.0010102209635078907,9.841471910476685e-05,8.963765144348145,0.1367795616388321,0.19704861111111083,0.12530499696731567,0.14875102375102367
314,2.357417583465576,0.00042738340562209487,0.00014281272888183594,8.965448379516602,0.18117988109588623,0.19270833333333293,0.12744463980197906,0.14499726999726958
315,2.1992926597595215,0.0004846786614507437,0.00021939724683761597,9.051871299743652,0.16505704820156097,0.11024305555555558,0.12640681862831116,0.14840977340977335
316,2.4119694232940674,0.0005552531220018864,0.000282876193523407,8.93299388885498,0.1552104651927948,0.10590277777777768,0.12690789997577667,0.14653289653289658
317,2.317847728729248,0.0005903443670831621,0.00022953003644943237,9.01529312133789,0.23555156588554382,0.14496527777777768,0.1293879747390747,0.14840977340977335
318,2.464637517929077,0.001065746764652431,0.0001200363039970398,8.845331192016602,0.17922447621822357,0.13628472222222188,0.12897616624832153,0.14934821184821145
319,2.491297721862793,0.0007981194648891687,0.00014244019985198975,8.932578086853027,0.14065013825893402,0.09288194444444398,0.12468287348747253,0.14593570843570824
320,2.155168294906616,0.0005746279493905604,0.0001627504825592041,9.122665405273438,0.14708516001701355,0.09288194444444398,0.1292482316493988,0.1500307125307121
321,2.1855714321136475,0.0009383927099406719,5.206465721130371e-05,9.209031105041504,0.18377670645713806,0.036458333333332926,0.12877504527568817,0.15037196287196242
322,2.487553119659424,0.0007243689033202827,4.9836933612823486e-05,8.743274688720703,0.13695737719535828,0.18836805555555558,0.13254180550575256,0.147812585312585
323,2.2657103538513184,0.00046141573693603277,0.0002546235918998718,9.034263610839844,0.17267854511737823,0.08854166666666663,0.12737411260604858,0.1547229047229043
324,2.4916088581085205,0.0003978629829362035,0.00028224289417266846,8.818774223327637,0.19770953059196472,0.04513888888888873,0.1303408145904541,0.1499453999453998
325,2.286008358001709,0.00036623439518734813,0.00021317601203918457,9.047453880310059,0.18664447963237762,0.17534722222222188,0.12829138338565826,0.15284602784602752
326,2.200983762741089,0.0011575045064091682,0.00026107579469680786,9.061882972717285,0.147604301571846,0.16232638888888873,0.12942323088645935,0.1491775866775863
327,2.1644399166107178,0.0005186236812733114,4.0203332901000977e-05,9.150077819824219,0.2897188067436218,0.17100694444444398,0.1312582939863205,0.147812585312585
328,2.371758460998535,0.00045417307410389185,0.00024206191301345825,8.94444751739502,0.12620308995246887,0.11892361111111083,0.13067883253097534,0.14499726999726958
329,2.0503604412078857,0.0005733722355216742,0.00015388429164886475,9.238895416259766,0.09593194723129272,0.3098958333333329,0.13098949193954468,0.1486657111657108
330,2.257075548171997,0.00038403639337047935,0.00018619000911712646,8.969271659851074,0.17954301834106445,0.15798611111111083,0.13064157962799072,0.1558319683319681
331,2.3971190452575684,0.0005627697100862861,0.00018724799156188965,8.961230278015137,0.1956341564655304,0.19270833333333293,0.1316470503807068,0.15020133770133726
332,2.3766868114471436,0.00066836376208812,0.00014495849609375,8.831664085388184,0.1490744650363922,0.10156249999999978,0.13241739571094513,0.15131040131040108
333,2.404076337814331,0.0005882413825020194,0.00023775547742843628,8.987122535705566,0.17351052165031433,0.11892361111111083,0.13340778648853302,0.14414414414414378
334,2.583984136581421,0.00038026017136871815,0.00025716423988342285,8.660941123962402,0.20071592926979065,0.08854166666666663,0.13192453980445862,0.1469594594594592
335,2.436380386352539,0.0009374469518661499,0.00011974573135375977,8.852973937988281,0.15857461094856262,0.11892361111111083,0.13194915652275085,0.14218195468195471
336,2.1929187774658203,0.0005892080953344703,9.07406210899353e-05,9.119111061096191,0.20023995637893677,0.17534722222222188,0.13381727039813995,0.14346164346164314
337,2.113118886947632,0.0005701365298591554,0.00012714415788650513,9.292657852172852,0.13007478415966034,0.20572916666666663,0.133637472987175,0.14883633633633597
338,2.174961805343628,0.0006804299773648381,0.00032373517751693726,9.138771057128906,0.1568705439567566,0.11892361111111083,0.12946265935897827,0.1477272727272727
339,2.3690855503082275,0.0002486543671693653,0.00016757845878601074,9.063016891479492,0.21431343257427216,0.12760416666666663,0.13056021928787231,0.1486657111657108
340,2.3209476470947266,0.00028384674806147814,0.00022111833095550537,9.046615600585938,0.1218317449092865,0.11024305555555558,0.13216355443000793,0.1461063336063334
341,2.2242205142974854,0.0009799266699701548,9.550154209136963e-05,9.135815620422363,0.16225536167621613,0.2664930555555556,0.12833288311958313,0.14627695877695857
342,1.8884694576263428,0.0005423511029221117,0.00018812716007232666,9.41232681274414,0.1285242736339569,0.21874999999999978,0.12746673822402954,0.1508838383838379
343,2.212815761566162,0.0006110073300078511,0.00019513815641403198,9.102639198303223,0.16536544263362885,0.23177083333333293,0.13046741485595703,0.14508258258258244
344,2.210984945297241,0.0004013173747807741,0.0002577155828475952,9.110976219177246,0.23032823204994202,0.18402777777777768,0.12634052336215973,0.1524194649194649
345,2.6961071491241455,0.0004153057234361768,0.000248640775680542,8.608817100524902,0.17746137082576752,0.06684027777777768,0.12824083864688873,0.1483244608244605
346,2.2947328090667725,0.00047534925397485495,0.00020112842321395874,9.044061660766602,0.14080283045768738,0.13194444444444398,0.12690524756908417,0.14755664755664755
347,2.4949402809143066,0.0005981656140647829,0.0003144368529319763,8.830117225646973,0.2284298837184906,0.06684027777777768,0.1277562975883484,0.14806852306852303
348,2.18074631690979,0.0004368191584944725,0.00024703890085220337,9.259387016296387,0.1127035990357399,0.15364583333333293,0.12871401011943817,0.14875102375102367
349,2.473296642303467,0.00047395285218954086,0.00021025538444519043,8.852100372314453,0.2655717730522156,0.08420138888888873,0.12761417031288147,0.15429634179634166
350,2.4907398223876953,0.00026398454792797565,0.00023124366998672485,8.82375717163086,0.1755983680486679,0.019097222222221877,0.1270570456981659,0.15071321321321274
351,2.0882933139801025,0.0001952017773874104,0.00029735267162323,9.290610313415527,0.15363764762878418,0.21006944444444398,0.12914630770683289,0.15139571389571393
352,2.29415225982666,0.0003855505492538214,0.0002336353063583374,9.070442199707031,0.16236837208271027,0.19270833333333293,0.12761333584785461,0.15020133770133726
353,2.470576763153076,0.0005708360113203526,0.0003100261092185974,8.83680248260498,0.12262653559446335,0.13628472222222188,0.12603631615638733,0.15694103194103193
354,2.42903208732605,0.000322293839417398,0.0003289654850959778,8.913680076599121,0.1873597502708435,0.14496527777777768,0.12772870063781738,0.15011602511602495
355,2.100268602371216,0.0003200534265488386,0.00017080456018447876,9.193845748901367,0.16649948060512543,0.09288194444444398,0.12786716222763062,0.15540540540540493
356,2.219843864440918,0.0004052278818562627,0.0002228468656539917,8.989633560180664,0.16570986807346344,0.16232638888888873,0.12506702542304993,0.15685571935571907
357,2.1239845752716064,0.0006771666812710464,0.00021297484636306763,9.289196968078613,0.18783245980739594,0.15798611111111083,0.12804502248764038,0.1525047775047772
358,2.216121196746826,0.0007362781907431781,0.0002064332365989685,8.949740409851074,0.13763049244880676,0.17534722222222188,0.12885074317455292,0.1508838383838379
359,2.168076992034912,0.00010645770817063749,0.0003252178430557251,9.109126091003418,0.11901713907718658,0.12760416666666663,0.12911821901798248,0.15173696423696426
360,2.5805912017822266,0.0009144550422206521,0.00027864426374435425,8.651655197143555,0.16573065519332886,0.15364583333333293,0.1298172026872635,0.15105446355446306
361,2.157487154006958,0.00011481609544716775,0.0003042742609977722,9.168115615844727,0.16744397580623627,0.21006944444444398,0.1317429542541504,0.15941509691509648
362,2.666116952896118,0.00038491562008857727,0.00023274868726730347,8.601175308227539,0.1902046948671341,0.17100694444444398,0.13064248859882355,0.15352852852852816
363,2.6222236156463623,0.0005748692783527076,0.00038871169090270996,8.705229759216309,0.17506355047225952,0.11458333333333293,0.1327083706855774,0.14968946218946177
364,2.2094788551330566,0.000536600942723453,0.00017182528972625732,9.136019706726074,0.15188249945640564,0.17968749999999978,0.13199998438358307,0.14670352170352174
365,2.3473870754241943,0.0003642170340754092,0.00023001432418823242,8.923232078552246,0.22317709028720856,0.11024305555555558,0.13239067792892456,0.14474133224133212
366,2.187849760055542,0.00023383169900625944,0.00035072118043899536,9.145049095153809,0.17695893347263336,0.21440972222222188,0.13334178924560547,0.14329101829101798
367,2.123905658721924,0.0003245176048949361,0.00034868717193603516,9.22548770904541,0.18702784180641174,0.21440972222222188,0.13286344707012177,0.1402197652197651
368,2.0914855003356934,0.0004337326972745359,0.00016158074140548706,9.285000801086426,0.17754586040973663,0.14496527777777768,0.13131658732891083,0.13987851487851477
369,2.180936336517334,0.00043349817860871553,0.0001601576805114746,8.998618125915527,0.15799404680728912,0.14930555555555558,0.13354739546775818,0.14329101829101798
370,2.1383190155029297,0.00037724297726526856,0.0002788528800010681,9.241410255432129,0.1578693389892578,0.04513888888888873,0.13449521362781525,0.13911070161070127
371,2.077194929122925,8.034924394451082e-05,0.0003792494535446167,9.212644577026367,0.2780781686306,0.17534722222222188,0.13392949104309082,0.1427791427791425
372,2.0762131214141846,0.00043214147444814444,0.00029155611991882324,9.212675094604492,0.17174796760082245,0.14062499999999978,0.1322350949048996,0.1403050778050774
373,2.2150676250457764,0.00028174591716378927,0.0003702715039253235,9.150834083557129,0.1772461086511612,0.14496527777777768,0.13134455680847168,0.1418407043407044
374,1.942984938621521,0.00039014004869386554,8.842349052429199e-05,9.478529930114746,0.12641948461532593,0.2534722222222219,0.1318381130695343,0.13842820092820063
375,2.4009523391723633,0.00013617725926451385,0.00024944543838500977,8.95897388458252,0.13030998408794403,0.13194444444444398,0.13413849472999573,0.1380869505869503
376,2.082099676132202,0.0006056467536836863,5.804002285003662e-05,9.212992668151855,0.1100388616323471,0.17534722222222188,0.13247114419937134,0.14132882882882836
377,2.4966654777526855,9.435135871171951e-05,0.0004992485046386719,8.897421836853027,0.17164388298988342,-0.015625000000000222,0.13540703058242798,0.14508258258258244
378,2.133282423019409,0.0001972305472008884,0.0002771914005279541,9.241381645202637,0.14169132709503174,0.12760416666666663,0.13709023594856262,0.14004914004913993
379,2.2788093090057373,0.0008885017596185207,0.0004235208034515381,9.002254486083984,0.16518160700798035,0.12326388888888873,0.1323477178812027,0.14371758121758116
380,2.0806939601898193,0.00042504468001425266,0.000159338116645813,9.28136157989502,0.1757349669933319,0.21006944444444398,0.13334165513515472,0.14670352170352174
381,2.121832847595215,0.0006377692916430533,0.0002112165093421936,9.21893310546875,0.20113353431224823,0.17968749999999978,0.13145776093006134,0.14986008736008694
382,2.2816014289855957,9.946495993062854e-05,0.00035518407821655273,9.04884147644043,0.19041655957698822,0.06249999999999978,0.13221055269241333,0.14798321048321017
383,2.5343568325042725,0.0003201264189556241,0.00027649104595184326,8.738929748535156,0.16144366562366486,0.04947916666666663,0.13309940695762634,0.14644758394758373
384,2.0389764308929443,0.0002280243206769228,0.00020629912614822388,9.339140892028809,0.2343980371952057,0.19704861111111083,0.13192906975746155,0.14516789516789474
385,1.9175838232040405,0.0012654145248234272,0.00028783828020095825,9.329134941101074,0.18422284722328186,0.14062499999999978,0.13131242990493774,0.1403050778050774
386,2.306196928024292,0.0002061842824332416,0.00028508156538009644,9.055729866027832,0.16562794148921967,0.12760416666666663,0.13329826295375824,0.14294976794976766
387,1.767688512802124,0.0003463819739408791,0.0003650486469268799,9.477579116821289,0.1546267867088318,0.2708333333333329,0.13453803956508636,0.13433319683319678
388,2.155773639678955,0.00010346094495616853,0.0003239437937736511,9.112174034118652,0.19105704128742218,0.11892361111111083,0.1334208995103836,0.1426938301938302
389,2.494338035583496,0.00024413189385086298,0.0002423301339149475,8.831220626831055,0.20385250449180603,0.08854166666666663,0.13238947093486786,0.14243789243789218
390,2.2043278217315674,0.0002187754726037383,0.00033383816480636597,9.12746524810791,0.1376701444387436,0.21440972222222188,0.13312239944934845,0.14081695331695288
391,2.1949241161346436,0.00026608287589624524,0.00021810829639434814,8.922736167907715,0.1579156517982483,0.14930555555555558,0.1342475712299347,0.14201132951132955
392,2.4117965698242188,0.0003254504408687353,0.000247269868850708,8.900083541870117,0.09371008723974228,0.11458333333333293,0.13426494598388672,0.14098757848757804
393,2.1210381984710693,0.00018817454110831022,0.00024627894163131714,9.155932426452637,0.16316787898540497,0.09722222222222188,0.13470713794231415,0.1388547638547638
394,2.2661118507385254,0.00043636345071718097,0.00015474110841751099,9.029993057250977,0.15443943440914154,0.20572916666666663,0.1346583217382431,0.13237100737100715
395,2.3260350227355957,0.0001669126795604825,0.00026873499155044556,9.00839614868164,0.15310177206993103,0.11458333333333293,0.13308843970298767,0.1314325689325685
396,2.309340238571167,0.0005942806601524353,0.00015173852443695068,8.984589576721191,0.3205067217350006,0.06684027777777768,0.13533508777618408,0.13365069615069614
397,2.162473440170288,0.00031241937540471554,0.00028171390295028687,9.22347354888916,0.17982245981693268,0.11892361111111083,0.13481131196022034,0.13271225771225748
398,2.4322898387908936,0.00019694340880960226,0.0003810897469520569,8.961251258850098,0.14890262484550476,0.08420138888888873,0.13515996932983398,0.126655064155064
399,2.3253679275512695,0.0003088678349740803,0.0002724453806877136,9.034200668334961,0.18595251441001892,0.12760416666666663,0.13627959787845612,0.1275935025935021
