,loss_g,loss_d,train_wd,train_ce_d,train_mse,train_acc,test_mse,test_acc
0,1.3085705041885376,6.055897235870361,-0.00031554698944091797,0.7041827440261841,0.28373828530311584,0.3012152777777777,0.21352970600128174,0.40520065520065485
1,1.4008190631866455,0.09964736551046371,-0.0007859766483306885,0.7410444617271423,0.22719044983386993,0.4965277777777777,0.2019587755203247,0.5504879879879876
2,1.4659332036972046,0.04883565753698349,-0.0011655092239379883,0.7547134757041931,0.1883944869041443,0.5963541666666666,0.1829812228679657,0.5634555009555009
3,1.3232829570770264,0.018618276342749596,-0.0013240277767181396,0.7652543187141418,0.18942856788635254,0.47482638888888873,0.17619916796684265,0.5634555009555009
4,1.3430651426315308,0.008891531266272068,-0.0016589462757110596,0.763990044593811,0.20477423071861267,0.6440972222222219,0.17672863602638245,0.5645645645645642
5,1.2613028287887573,0.008270601741969585,-0.0013799965381622314,0.7696592807769775,0.19369085133075714,0.6050347222222219,0.1769898235797882,0.5788970788970788
6,1.330946445465088,0.006340018007904291,-0.001101076602935791,0.7676039338111877,0.2501021921634674,0.44010416666666663,0.17095091938972473,0.58026208026208
7,1.2192801237106323,0.00462720450013876,-0.0009338259696960449,0.7655708193778992,0.2053280919790268,0.4921874999999998,0.1727844774723053,0.5804327054327052
8,1.3045756816864014,0.004612970165908337,-0.0007109642028808594,0.7649388313293457,0.20667162537574768,0.5138888888888887,0.196696475148201,0.5800914550914549
9,1.3226983547210693,0.0037600426003336906,-0.0005355477333068848,0.7685683965682983,0.29947519302368164,0.6310763888888887,0.23194588720798492,0.5788970788970788
10,1.3087968826293945,0.0028187399730086327,-0.00028002262115478516,0.768923282623291,0.21893182396888733,0.6180555555555556,0.23522666096687317,0.5797502047502046
11,1.2253614664077759,0.0021874282974749804,0.00022712349891662598,0.7662423253059387,0.2896912097930908,0.6223958333333329,0.23065266013145447,0.5799208299208297
12,1.3897987604141235,0.0015352156478911638,0.0004736185073852539,0.7670192122459412,0.2145097404718399,0.6223958333333329,0.22761490941047668,0.5778733278733278
13,1.146404504776001,0.0015074596740305424,0.0008086264133453369,0.7696413397789001,0.2257433533668518,0.5572916666666666,0.22803403437137604,0.5795795795795794
14,1.2629120349884033,0.001210661605000496,0.0011515617370605469,0.7702293395996094,0.3530399799346924,0.5789930555555556,0.2269292175769806,0.5800914550914549
15,1.4072251319885254,0.0006718707736581564,0.0017677843570709229,0.7752180695533752,0.34052345156669617,0.4965277777777777,0.22553957998752594,0.5794942669942665
16,1.3991928100585938,0.0007469817064702511,0.001896291971206665,0.7759538292884827,0.2746901214122772,0.6484374999999998,0.23158684372901917,0.5800914550914549
17,1.2936897277832031,0.0009203655645251274,0.0026153922080993652,0.7723953723907471,0.25610312819480896,0.5789930555555556,0.22339491546154022,0.5799208299208297
18,1.1986854076385498,-0.0003985438961535692,0.002405613660812378,0.7708724737167358,0.24180428683757782,0.6310763888888887,0.2156512439250946,0.5775320775320775
19,1.306203842163086,-0.0013224247377365828,0.0033812224864959717,0.7674575448036194,0.22603237628936768,0.4965277777777777,0.21074703335762024,0.5796648921648917
20,1.2590636014938354,-0.0015291546005755663,0.003004997968673706,0.7691912055015564,0.21735899150371552,0.5876736111111108,0.20744062960147858,0.58026208026208
21,1.2977640628814697,-0.0015303082764148712,0.0034849047660827637,0.7687371969223022,0.2740059494972229,0.6354166666666666,0.19998173415660858,0.5799208299208297
22,1.311015009880066,-0.002090767025947571,0.00380551815032959,0.7730467319488525,0.2044912576675415,0.6137152777777777,0.1698721945285797,0.580006142506142
23,1.3183313608169556,-0.0033405115827918053,0.004425257444381714,0.7680968642234802,0.28663358092308044,0.5312499999999998,0.19116373360157013,0.58026208026208
24,1.2883286476135254,-0.0030358941294252872,0.004491955041885376,0.7709510922431946,0.1976749747991562,0.5920138888888887,0.17601802945137024,0.5801767676767672
25,1.2184799909591675,0.0026414990425109863,0.004527568817138672,0.7687073349952698,0.239764004945755,0.6267361111111108,0.17823925614356995,0.58026208026208
26,1.269938349723816,-0.0025687580928206444,0.004763752222061157,0.7621670961380005,0.19605328142642975,0.6050347222222219,0.17031127214431763,0.580006142506142
27,1.4176712036132812,-0.002415965311229229,0.004269212484359741,0.7651055455207825,0.17994050681591034,0.639756944444444,0.16940779983997345,0.5778733278733278
28,1.3820093870162964,-0.003121870569884777,0.004545450210571289,0.7632867693901062,0.2627335786819458,0.5963541666666666,0.1704384982585907,0.5765083265083265
29,1.2308127880096436,-0.0034303427673876286,0.004358738660812378,0.7569822669029236,0.20220515131950378,0.6093749999999998,0.17669358849525452,0.5694273819273815
30,1.3328185081481934,-0.004027157090604305,0.004893511533737183,0.7611897587776184,0.19013819098472595,0.5703124999999998,0.17562419176101685,0.5676358176358176
31,1.2832444906234741,-0.003732129465788603,0.004568129777908325,0.7598025798797607,0.2242775410413742,0.5876736111111108,0.1609298437833786,0.5467342342342341
32,1.2831201553344727,-0.0035253509413450956,0.004578351974487305,0.7618609070777893,0.21383695304393768,0.4965277777777777,0.161220982670784,0.5696833196833195
33,1.2589625120162964,-0.0035479292273521423,0.004656761884689331,0.7550258040428162,0.2374478429555893,0.5052083333333329,0.17808307707309723,0.5625170625170622
34,1.287308692932129,-0.0036545649636536837,0.004725992679595947,0.750603437423706,0.23065631091594696,0.5529513888888887,0.1815461665391922,0.5717308217308215
35,1.2646855115890503,-0.0032796869054436684,0.00415879487991333,0.7506213188171387,0.11272458732128143,0.5399305555555556,0.12317446619272232,0.5467342342342341
36,1.3261752128601074,-0.0032687631901353598,0.004143476486206055,0.7555956244468689,0.2204526662826538,0.639756944444444,0.18020057678222656,0.5771055146055143
37,1.3396480083465576,-0.0034960368648171425,0.004424333572387695,0.7543049454689026,0.18575920164585114,0.522569444444444,0.14872457087039948,0.5483551733551734
38,1.27993905544281,-0.004215851426124573,0.005003750324249268,0.7490219473838806,0.24568453431129456,0.522569444444444,0.17983408272266388,0.5768495768495768
39,1.352031946182251,-0.004499297123402357,0.005078434944152832,0.7591111063957214,0.20711666345596313,0.47916666666666663,0.18059277534484863,0.5495495495495495
40,1.2412962913513184,-0.004364610183984041,0.005460798740386963,0.7547181248664856,0.20014414191246033,0.47482638888888873,0.17088794708251953,0.5741195741195737
41,1.4878395795822144,-0.0032194091472774744,0.004273712635040283,0.7493140697479248,0.20619191229343414,0.522569444444444,0.17764344811439514,0.5486111111111108
42,1.4019031524658203,-0.004086900968104601,0.004822850227355957,0.7518818378448486,0.1997472047805786,0.5789930555555556,0.17244672775268555,0.5630289380289377
43,1.2245244979858398,-0.003833741182461381,0.0045588016510009766,0.751039981842041,0.14721103012561798,0.5746527777777777,0.16632133722305298,0.5559479934479933
44,1.3165370225906372,-0.004313149955123663,0.005234479904174805,0.7537572979927063,0.20444521307945251,0.5746527777777777,0.17622777819633484,0.5782998907998904
45,1.3761382102966309,-0.0023455023765563965,0.005241096019744873,0.7467280030250549,0.16770906746387482,0.5486111111111108,0.17649134993553162,0.571218946218946
46,1.251666784286499,-0.0043938783928751945,0.005018770694732666,0.7486088871955872,0.23973175883293152,0.5052083333333329,0.16909180581569672,0.5274535899535898
47,1.090031385421753,-0.0049437531270086765,0.005519509315490723,0.7514111399650574,0.19952256977558136,0.5529513888888887,0.174621120095253,0.5568864318864314
48,1.0312697887420654,-0.004760872106999159,0.005326211452484131,0.7513813376426697,0.22719734907150269,0.4921874999999998,0.17523093521595,0.5631995631995629
49,1.4418723583221436,-0.004208034835755825,0.004797160625457764,0.7458238005638123,0.15639156103134155,0.5486111111111108,0.1737380176782608,0.5324017199017195
50,1.1598460674285889,-0.0036905850283801556,0.004755377769470215,0.7454328536987305,0.1888527274131775,0.5182291666666666,0.15705683827400208,0.5367526617526613
51,1.2595486640930176,-0.002974904142320156,0.00493091344833374,0.7476350665092468,0.15754260122776031,0.5312499999999998,0.15759792923927307,0.5560333060333056
52,1.142334222793579,-0.004508843179792166,0.005174875259399414,0.7484130859375,0.2592258155345917,0.4314236111111108,0.1573532074689865,0.5491229866229863
53,1.320509672164917,-0.004244986921548843,0.004667699337005615,0.7430785894393921,0.1825411021709442,0.6354166666666666,0.1547868698835373,0.5740342615342614
54,1.1927167177200317,-0.00449123652651906,0.00482487678527832,0.7482255697250366,0.20982564985752106,0.4878472222222219,0.1735754758119583,0.5289892164892163
55,1.2354055643081665,-0.0042094881646335125,0.004665791988372803,0.7462829947471619,0.2206105887889862,0.4878472222222219,0.1723613291978836,0.5559479934479933
56,1.276618242263794,-0.004187088925391436,0.004580557346343994,0.7446556687355042,0.15681707859039307,0.5789930555555556,0.15948998928070068,0.5627730002730003
57,1.2609336376190186,-0.00430227629840374,0.0047165751457214355,0.7486037611961365,0.21302048861980438,0.5312499999999998,0.17267313599586487,0.5524501774501772
58,1.0975151062011719,-0.004401100799441338,0.004800558090209961,0.7467405200004578,0.15400514006614685,0.5876736111111108,0.16599562764167786,0.5663561288561286
59,1.1552908420562744,-0.0037799105048179626,0.004606366157531738,0.7471877932548523,0.18340669572353363,0.6137152777777777,0.15838582813739777,0.5459664209664206
60,1.2303165197372437,-0.003719594795256853,0.004701554775238037,0.7469702363014221,0.21145091950893402,0.522569444444444,0.16115033626556396,0.546478296478296
61,1.321880578994751,-0.0027317798230797052,0.0049155354499816895,0.7460048198699951,0.18418803811073303,0.561631944444444,0.16022008657455444,0.5608961233961229
62,1.4117457866668701,-0.0032697904389351606,0.004170477390289307,0.7439231872558594,0.20832397043704987,0.561631944444444,0.16890746355056763,0.5474167349167347
63,1.3387086391448975,-0.004947332199662924,0.0053299665451049805,0.7454061508178711,0.19743116199970245,0.4661458333333329,0.1736927628517151,0.5439189189189186
64,1.4468417167663574,-0.0044811260886490345,0.004884660243988037,0.745933473110199,0.23983334004878998,0.4921874999999998,0.17421093583106995,0.5279654654654653
65,1.1427571773529053,-0.004077221266925335,0.004448890686035156,0.747151792049408,0.2134271115064621,0.5703124999999998,0.17070868611335754,0.5499761124761121
66,1.2825963497161865,-0.0036952258087694645,0.004287600517272949,0.7450424432754517,0.18983440101146698,0.561631944444444,0.16395874321460724,0.5608108108108106
67,1.1421473026275635,-0.0042442502453923225,0.00464099645614624,0.7458378672599792,0.18162848055362701,0.5659722222222219,0.16838866472244263,0.5343639093639091
68,1.2547924518585205,-0.004058149643242359,0.004356980323791504,0.7426416277885437,0.17448167502880096,0.6050347222222219,0.167033389210701,0.5548389298389295
69,1.1542729139328003,-0.003991268575191498,0.004439353942871094,0.7472631335258484,0.2778015434741974,0.4878472222222219,0.17546142637729645,0.5202873327873325
70,1.224994421005249,-0.004114351700991392,0.004487276077270508,0.7472434639930725,0.19293291866779327,0.561631944444444,0.16797231137752533,0.5521089271089269
71,1.3167530298233032,-0.004069254267960787,0.004433751106262207,0.7476416230201721,0.21590259671211243,0.4965277777777777,0.1714126467704773,0.5183251433251429
72,1.3328232765197754,-0.0038889767602086067,0.004238724708557129,0.7432231307029724,0.16867846250534058,0.5833333333333329,0.15678544342517853,0.5332548457548453
73,1.2269365787506104,-0.003535500494763255,0.004104554653167725,0.7441459894180298,0.19231681525707245,0.5442708333333329,0.15665781497955322,0.5393120393120393
74,1.2913204431533813,-0.0038885832764208317,0.004188239574432373,0.7456164956092834,0.18854384124279022,0.561631944444444,0.1401715874671936,0.5282214032214028
75,1.2213056087493896,-0.003651767037808895,0.004083871841430664,0.7494351267814636,0.23744046688079834,0.5876736111111108,0.16040098667144775,0.51525389025389
76,1.3579026460647583,-0.003325185738503933,0.004514098167419434,0.7451675534248352,0.2638469934463501,0.5182291666666666,0.16428722441196442,0.533169533169533
77,1.350100040435791,-0.0033590607345104218,0.0037896037101745605,0.7466615438461304,0.19131943583488464,0.5789930555555556,0.1594061553478241,0.5271123396123395
78,1.0602657794952393,-0.0037832760717719793,0.0040389299392700195,0.7429820895195007,0.19308318197727203,0.5529513888888887,0.15814518928527832,0.5242970242970241
79,1.2703580856323242,-0.0038421377539634705,0.004166364669799805,0.7445701360702515,0.17001326382160187,0.5269097222222219,0.16309913992881775,0.5161923286923287
80,1.124654769897461,-0.003863187739625573,0.004121541976928711,0.7481189966201782,0.15787765383720398,0.4965277777777777,0.1660655438899994,0.5074051324051321
81,1.3513169288635254,-0.00386249553412199,0.00419539213180542,0.7440122961997986,0.18760892748832703,0.5572916666666666,0.1634017676115036,0.5287332787332782
82,1.227818489074707,-0.003533546347171068,0.0042078495025634766,0.744422197341919,0.19279733300209045,0.5442708333333329,0.16624420881271362,0.5234438984438983
83,1.1356993913650513,-0.00395117187872529,0.004145503044128418,0.7466713190078735,0.24315354228019714,0.4965277777777777,0.14816492795944214,0.5206285831285828
84,1.209324836730957,-0.0039895144291222095,0.004256725311279297,0.747693657875061,0.19713476300239563,0.4965277777777777,0.164260134100914,0.5192635817635816
85,1.2148005962371826,-0.004065795801579952,0.004446685314178467,0.7464408874511719,0.18112784624099731,0.522569444444444,0.16110455989837646,0.5206285831285828
86,1.1801426410675049,-0.0035223904997110367,0.004718780517578125,0.744558572769165,0.21280404925346375,0.5182291666666666,0.16294245421886444,0.5211404586404583
87,1.2714948654174805,-0.004061564337462187,0.004733622074127197,0.7469263672828674,0.17809469997882843,0.4878472222222219,0.16201046109199524,0.5225907725907725
88,1.2987287044525146,-0.003993071615695953,0.004299521446228027,0.7435397505760193,0.18836946785449982,0.5008680555555556,0.16173255443572998,0.5193488943488939
89,1.2437465190887451,-0.0036247537937015295,0.003976047039031982,0.7487945556640625,0.17420919239521027,0.5442708333333329,0.17111940681934357,0.5204579579579577
90,1.0511817932128906,-0.004097263794392347,0.004315614700317383,0.7474944591522217,0.21643327176570892,0.47916666666666663,0.15905919671058655,0.5132063882063881
91,1.247440218925476,-0.0038574282079935074,0.004480600357055664,0.7455747127532959,0.15724730491638184,0.5008680555555556,0.15214604139328003,0.5065520065520063
92,1.3019165992736816,-0.004196639638394117,0.004496872425079346,0.7458292841911316,0.2023802101612091,0.5008680555555556,0.16483503580093384,0.4963144963144961
93,1.261924386024475,-0.004042146727442741,0.004401981830596924,0.7469783425331116,0.14884671568870544,0.4704861111111108,0.15542709827423096,0.5101351351351346
94,1.1473057270050049,-0.0032943543046712875,0.0037041306495666504,0.7467116713523865,0.1934821605682373,0.5572916666666666,0.16702687740325928,0.5279654654654653
95,1.226020336151123,-0.004000131040811539,0.004280686378479004,0.7464919686317444,0.24793741106987,0.483506944444444,0.1647181659936905,0.5102204477204475
96,1.2561547756195068,-0.0039450195617973804,0.004164218902587891,0.7447448968887329,0.2235114723443985,0.5052083333333329,0.15927280485630035,0.5021157521157521
97,1.2213821411132812,-0.0017039028462022543,0.004130363464355469,0.7442525029182434,0.15670612454414368,0.5052083333333329,0.1685066819190979,0.49349918099918066
98,1.3558058738708496,-0.003500166116282344,0.003899216651916504,0.74408358335495,0.19103184342384338,0.5095486111111108,0.16459870338439941,0.4929019929019929
99,1.1664378643035889,-0.002376474905759096,0.003840208053588867,0.7482267618179321,0.16452887654304504,0.5399305555555556,0.15341392159461975,0.48761261261261235
100,1.313859462738037,-0.0037045730277895927,0.0038799047470092773,0.7457293272018433,0.1744217574596405,0.4965277777777777,0.15785294771194458,0.49691168441168443
101,1.3128724098205566,-0.004035139922052622,0.0043218135833740234,0.7513592839241028,0.15602152049541473,0.522569444444444,0.1531110256910324,0.49981231231231216
102,1.0502607822418213,-0.003895265283063054,0.004090428352355957,0.7477179765701294,0.1927993893623352,0.5052083333333329,0.14434021711349487,0.47012353262353257
103,1.3780558109283447,-0.004247706849128008,0.004419684410095215,0.7479247450828552,0.22777654230594635,0.483506944444444,0.15887615084648132,0.5120973245973243
104,1.1804707050323486,-0.0040648276917636395,0.004263699054718018,0.7451198101043701,0.15278711915016174,0.5095486111111108,0.14939410984516144,0.47916666666666663
105,1.2539252042770386,-0.0039221798069775105,0.004158079624176025,0.7433668971061707,0.39230963587760925,0.47482638888888873,0.1530904471874237,0.4891482391482388
106,1.1134226322174072,-0.0038389447145164013,0.004029631614685059,0.7485328912734985,0.1776541918516159,0.5312499999999998,0.16061823070049286,0.5053576303576301
107,1.3353114128112793,-0.003670730395242572,0.004066765308380127,0.745078444480896,0.20953722298145294,0.444444444444444,0.15983954071998596,0.4661991536991533
108,1.2555415630340576,-0.003658600617200136,0.0038850903511047363,0.7469921112060547,0.19708919525146484,0.5182291666666666,0.15281112492084503,0.47063540813540805
109,1.13688325881958,-0.003441727953031659,0.003848731517791748,0.7471857666969299,0.1554369032382965,0.5269097222222219,0.14245714247226715,0.4764366639366635
110,1.3314900398254395,-0.003823192324489355,0.0039948225021362305,0.7477356195449829,0.18650344014167786,0.4704861111111108,0.15906266868114471,0.4796785421785421
111,1.29471755027771,-0.00329910172149539,0.0039435625076293945,0.7456946969032288,0.1578768789768219,0.5095486111111108,0.15769439935684204,0.4569853944853941
112,1.1196823120117188,-0.003890922525897622,0.00433725118637085,0.7457615733146667,0.18850259482860565,0.5008680555555556,0.15162387490272522,0.47746041496041447
113,1.1925289630889893,-0.0036196555010974407,0.004113674163818359,0.7456637620925903,0.15411098301410675,0.405381944444444,0.1533699333667755,0.45954477204477207
114,1.155052900314331,-0.0037993453443050385,0.004041135311126709,0.7453835010528564,0.21255750954151154,0.36197916666666663,0.15504400432109833,0.45382882882882836
115,1.2509924173355103,-0.003566928906366229,0.0037253499031066895,0.7447220087051392,0.1328369826078415,0.47482638888888873,0.15436169505119324,0.4621041496041495
116,1.1870205402374268,-0.003542292397469282,0.003975987434387207,0.745333194732666,0.19929127395153046,0.4618055555555556,0.15518982708454132,0.47822822822822797
117,1.230590581893921,-0.0027931758668273687,0.003661811351776123,0.7440903186798096,0.1474533975124359,0.47482638888888873,0.15740182995796204,0.4737919737919738
118,1.3263083696365356,-0.002319003688171506,0.0038399696350097656,0.7444239258766174,0.1482560783624649,0.4487847222222219,0.15088249742984772,0.4616775866775863
119,1.1838479042053223,-0.0033565801568329334,0.004013001918792725,0.7426020503044128,0.21023181080818176,0.4487847222222219,0.15391473472118378,0.46901446901446875
120,1.1368597745895386,-0.003384517738595605,0.0039920806884765625,0.7449622750282288,0.16869805753231049,0.4140624999999998,0.15683463215827942,0.4469185094185091
121,1.2590762376785278,-0.0028648748993873596,0.004360198974609375,0.7405973672866821,0.21530185639858246,0.43576388888888873,0.15535256266593933,0.45766789516789474
122,1.2962977886199951,-0.0037887035869061947,0.00396120548248291,0.7460978627204895,0.18114924430847168,0.43576388888888873,0.15576709806919098,0.42652880152880157
123,1.1243565082550049,-0.003952886443585157,0.004137873649597168,0.7448658347129822,0.1770903319120407,0.47482638888888873,0.1520000398159027,0.48838042588042585
124,1.2911818027496338,-0.003753604367375374,0.004067897796630859,0.7466924786567688,0.1930037885904312,0.4661458333333329,0.15480752289295197,0.48010510510510473
125,1.2884082794189453,-0.0037538581527769566,0.0044029951095581055,0.746275007724762,0.17258593440055847,0.36197916666666663,0.15531930327415466,0.4366809991809989
126,1.162611484527588,-0.0029343850910663605,0.004222512245178223,0.7478575110435486,0.14975005388259888,0.405381944444444,0.155081644654274,0.4563882063882063
127,1.1855242252349854,-0.004154904745519161,0.004365086555480957,0.7476142644882202,0.180569127202034,0.444444444444444,0.14646443724632263,0.4394963144963143
128,1.1560624837875366,-0.00400965241715312,0.004154384136199951,0.7473831176757812,0.21428276598453522,0.4184027777777777,0.14689305424690247,0.4546819546819547
129,1.1449003219604492,-0.003513954346999526,0.003644227981567383,0.7473986744880676,0.16072694957256317,0.5095486111111108,0.15364208817481995,0.45886227136227087
130,1.029203176498413,-0.004072772804647684,0.004298031330108643,0.748724639415741,0.22786067426204681,0.4097222222222219,0.1505126953125,0.461592274092274
131,1.2016172409057617,-0.004057480487972498,0.004294216632843018,0.7450166344642639,0.18979746103286743,0.44010416666666663,0.14589887857437134,0.45118413868413865
132,1.1126627922058105,-0.00393538037315011,0.0042626261711120605,0.7475650310516357,0.1455417275428772,0.4270833333333329,0.1543225347995758,0.43437755937755895
133,1.1223280429840088,-0.0035888480488210917,0.00378262996673584,0.7464359998703003,0.22370487451553345,0.3402777777777777,0.14998163282871246,0.428064428064428
134,1.1417181491851807,-0.0035885765682905912,0.0037377476692199707,0.749586284160614,0.1677456796169281,0.4531249999999998,0.1482744663953781,0.4311356811356809
135,1.141014575958252,-0.004035040270537138,0.004411935806274414,0.7481614351272583,0.17774853110313416,0.3706597222222219,0.1498539000749588,0.44094662844662846
136,1.167752981185913,-0.004140300676226616,0.004344761371612549,0.7458584904670715,0.16477346420288086,0.444444444444444,0.145464226603508,0.4273819273819274
137,1.1925139427185059,-0.004299345426261425,0.004481971263885498,0.7424827814102173,0.14867264032363892,0.36197916666666663,0.14373277127742767,0.4467478842478839
138,1.0306084156036377,-0.004051403608173132,0.004452764987945557,0.7496868371963501,0.16519784927368164,0.3706597222222219,0.14198018610477448,0.4290028665028661
139,1.1721837520599365,-0.0036794296465814114,0.003890812397003174,0.7445194721221924,0.19817416369915009,0.4618055555555556,0.14721503853797913,0.43429224679224665
140,1.1941567659378052,-0.00328129343688488,0.0037595629692077637,0.7458279132843018,0.201936274766922,0.3489583333333329,0.15295761823654175,0.41654722904722885
141,1.3451261520385742,-0.004257728811353445,0.0044738054275512695,0.7424013614654541,0.20854440331459045,0.47482638888888873,0.15226353704929352,0.4636397761397759
142,1.3732013702392578,-0.0031662241090089083,0.0040634870529174805,0.7462927103042603,0.20629030466079712,0.3315972222222219,0.142081618309021,0.41740035490035465
143,1.1448978185653687,-0.0035536650102585554,0.0037113428115844727,0.746416449546814,0.19148005545139313,0.4097222222222219,0.14507745206356049,0.4358278733278731
144,1.2730815410614014,-0.00404341658577323,0.004286468029022217,0.7485193014144897,0.21800734102725983,0.5355902777777777,0.15434956550598145,0.46560196560196554
145,1.2236645221710205,-0.002444818615913391,0.0037633776664733887,0.7484982013702393,0.22006899118423462,0.43576388888888873,0.15061749517917633,0.43122099372099376
146,1.3097782135009766,-0.004138381220400333,0.004279732704162598,0.746670663356781,0.18589305877685547,0.4487847222222219,0.1471967101097107,0.4350600600600596
147,1.1876606941223145,-0.003944218158721924,0.004238545894622803,0.7478064894676208,0.20339511334896088,0.39670138888888873,0.1409531831741333,0.4185947310947308
148,1.1402446031570435,-0.0022594998590648174,0.0037029385566711426,0.7504361271858215,0.1894964575767517,0.44010416666666663,0.14682987332344055,0.4370222495222492
149,1.1810860633850098,-0.0036685136146843433,0.004338443279266357,0.7449029088020325,0.1385606825351715,0.47482638888888873,0.1474323868751526,0.44700382200382194
150,1.2276711463928223,-0.0037431062664836645,0.003915190696716309,0.7499293088912964,0.19303640723228455,0.4140624999999998,0.1521700918674469,0.44649194649194646
151,1.1494567394256592,-0.0036689634434878826,0.0038323402404785156,0.7511707544326782,0.1571090966463089,0.47482638888888873,0.15349309146404266,0.4185947310947308
152,1.2278199195861816,-0.0037921008188277483,0.003906846046447754,0.7464373111724854,0.15669023990631104,0.4531249999999998,0.15030725300312042,0.4408613158613156
153,1.2693307399749756,-0.003481250023469329,0.0038201212882995605,0.7444817423820496,0.18823595345020294,0.4661458333333329,0.1466328501701355,0.42516380016379973
154,1.1979362964630127,-0.002727378159761429,0.003998935222625732,0.7479658722877502,0.1836959719657898,0.444444444444444,0.150765061378479,0.43983756483756464
155,1.2868108749389648,-0.0035597593523561954,0.0039193034172058105,0.7455694675445557,0.1678364872932434,0.4227430555555556,0.15196020901203156,0.416717854217854
156,1.155198335647583,-0.002400764264166355,0.0036374926567077637,0.7455573081970215,0.1305101364850998,0.4097222222222219,0.1469849944114685,0.42081285831285786
157,1.3017945289611816,-0.0027855425141751766,0.003871917724609375,0.7492296099662781,0.20222213864326477,0.3880208333333329,0.1465490460395813,0.42516380016379973
158,1.1062519550323486,-0.003659425536170602,0.004446923732757568,0.7404171824455261,0.1425885558128357,0.3098958333333329,0.1510295420885086,0.4316475566475564
159,1.3190147876739502,-0.003303099423646927,0.00359421968460083,0.7479490637779236,0.1886049211025238,0.4314236111111108,0.14515289664268494,0.40187346437346394
160,1.2496025562286377,-0.0032657734118402004,0.0033690929412841797,0.7469922304153442,0.16865108907222748,0.3446180555555556,0.14914119243621826,0.4315622440622441
161,1.2729955911636353,-0.0033037387765944004,0.0034708380699157715,0.741012692451477,0.1780574470758438,0.5182291666666666,0.1602787971496582,0.4536582036582032
162,1.1873648166656494,-0.003862739307805896,0.004143476486206055,0.74796062707901,0.17154306173324585,0.366319444444444,0.15586736798286438,0.41654722904722885
163,1.1512646675109863,-0.0035717152059078217,0.003749668598175049,0.7479132413864136,0.21975380182266235,0.39670138888888873,0.15460094809532166,0.41603535353535337
164,1.0483412742614746,-0.004216431174427271,0.004379093647003174,0.7440178990364075,0.17765897512435913,0.36197916666666663,0.16066299378871918,0.42627286377286355
165,1.1932168006896973,-0.003594243200495839,0.003899514675140381,0.7463851571083069,0.20879295468330383,0.3446180555555556,0.15624168515205383,0.42576098826098807
166,1.2688679695129395,-0.0035163639113307,0.0036814212799072266,0.7432948350906372,0.1708131730556488,0.4314236111111108,0.15615710616111755,0.43301255801255767
167,1.2377251386642456,-0.003858902957290411,0.00398409366607666,0.750975489616394,0.21217183768749237,0.47916666666666663,0.1493827998638153,0.42038629538629524
168,1.1352088451385498,-0.003936177119612694,0.0042362213134765625,0.7434375286102295,0.14412954449653625,0.36197916666666663,0.1560041308403015,0.4369369369369369
169,1.21294105052948,-0.0028568070847541094,0.0034299492835998535,0.7430848479270935,0.19156654179096222,0.4574652777777777,0.15815119445323944,0.42038629538629524
170,1.2152602672576904,-0.004059742204844952,0.004330992698669434,0.7500489950180054,0.204391211271286,0.3749999999999998,0.15725919604301453,0.4189359814359811
171,1.2318031787872314,-0.002731411950662732,0.003433048725128174,0.7482194304466248,0.19167935848236084,0.4314236111111108,0.15658393502235413,0.4303678678678674
172,1.3599896430969238,-0.003435170976445079,0.0036359429359436035,0.745415449142456,0.13146944344043732,0.39670138888888873,0.15159334242343903,0.4464066339066336
173,1.1088438034057617,-0.0038736870046705008,0.0041901469230651855,0.7438620924949646,0.20474828779697418,0.4878472222222219,0.15610234439373016,0.4243959868959868
174,1.3284378051757812,-0.0036101662553846836,0.003824293613433838,0.74964839220047,0.1926201581954956,0.3793402777777777,0.15153490006923676,0.4189359814359811
175,1.1586065292358398,-0.00296012032777071,0.0038564205169677734,0.7477924227714539,0.18898631632328033,0.3706597222222219,0.15298305451869965,0.4226044226044223
176,1.1218740940093994,-0.004170306492596865,0.004378318786621094,0.751060962677002,0.18647462129592896,0.43576388888888873,0.15533414483070374,0.43480412230412213
177,1.2121059894561768,-0.003586424048990011,0.0039206743240356445,0.7469328045845032,0.19019410014152527,0.2925347222222219,0.14468345046043396,0.4057978432978432
178,1.1027570962905884,-0.0035145021975040436,0.004542052745819092,0.7464399337768555,0.2430138885974884,0.444444444444444,0.14882409572601318,0.433609746109746
179,1.102665901184082,-0.004387227352708578,0.004531383514404297,0.741590678691864,0.21322742104530334,0.4618055555555556,0.15221932530403137,0.4400081900081898
180,1.2042393684387207,-0.0029435083270072937,0.0035098791122436523,0.7434994578361511,0.11637260019779205,0.4270833333333329,0.15537744760513306,0.41868004368004363
181,1.1914193630218506,-0.004134916700422764,0.004447519779205322,0.742475688457489,0.165239617228508,0.3706597222222219,0.1506468653678894,0.4032384657384658
182,0.983004629611969,-0.0036087529733777046,0.0038787126541137695,0.749931812286377,0.1678592711687088,0.4574652777777777,0.15468572080135345,0.438899126399126
183,1.100499153137207,-0.004139620345085859,0.004588067531585693,0.7517841458320618,0.14865678548812866,0.3836805555555556,0.1570156216621399,0.4481128856128852
184,1.1160216331481934,-0.0041010379791259766,0.004275262355804443,0.7502714991569519,0.22461716830730438,0.32291666666666663,0.15593788027763367,0.4353159978159976
185,1.1939406394958496,-0.00429115816950798,0.004433810710906982,0.7477081418037415,0.1874832659959793,0.4140624999999998,0.1485925018787384,0.43463349713349697
186,1.090463638305664,-0.0038108646403998137,0.00405430793762207,0.7508988380432129,0.2520269453525543,0.3836805555555556,0.15031561255455017,0.4274672399672397
187,1.0446292161941528,-0.00402207113802433,0.004218459129333496,0.7498884797096252,0.17014853656291962,0.4487847222222219,0.14976784586906433,0.4258463008463004
188,1.2002335786819458,-0.0035029444843530655,0.0036298632621765137,0.7484127283096313,0.2184397429227829,0.4574652777777777,0.15458662807941437,0.4319888069888067
189,1.2092492580413818,-0.004450559616088867,0.004956662654876709,0.7471721768379211,0.13998360931873322,0.4227430555555556,0.15561774373054504,0.4201303576303572
190,1.2733768224716187,-0.004444577265530825,0.004648566246032715,0.7497215270996094,0.19435541331768036,0.3793402777777777,0.15655706822872162,0.42294567294567265
191,1.0465514659881592,-0.0030838213860988617,0.0045871734619140625,0.7481358647346497,0.19656136631965637,0.4618055555555556,0.15664325654506683,0.43403630903630863
192,1.3197453022003174,-0.0035055361222475767,0.003918707370758057,0.7497320175170898,0.1865004599094391,0.444444444444444,0.15534043312072754,0.43292724542724537
193,1.0807685852050781,-0.003846094012260437,0.004380702972412109,0.746823251247406,0.12468640506267548,0.405381944444444,0.15093179047107697,0.4169737919737915
194,1.2781834602355957,-0.002032135147601366,0.004029333591461182,0.7467949390411377,0.151182621717453,0.4227430555555556,0.1508583128452301,0.4310503685503686
195,1.1754783391952515,-0.0028407638892531395,0.003871917724609375,0.7449548244476318,0.18368174135684967,0.31857638888888873,0.15678267180919647,0.4226897351897352
196,1.1890581846237183,-0.002938600489869714,0.004191875457763672,0.7500095963478088,0.17060016095638275,0.444444444444444,0.15562120079994202,0.42516380016379973
197,1.2471258640289307,-0.003995211329311132,0.004175961017608643,0.7510800957679749,0.17390203475952148,0.4270833333333329,0.1571824997663498,0.4261022386022384
198,1.1209118366241455,-0.0038006266113370657,0.0040544867515563965,0.7519341707229614,0.2052409052848816,0.3836805555555556,0.1563989520072937,0.4185094185094185
199,1.198081612586975,-0.003873393638059497,0.0042375922203063965,0.7497939467430115,0.1815645396709442,0.4227430555555556,0.15416240692138672,0.42968536718536676
200,1.1372582912445068,-0.004415122326463461,0.004565536975860596,0.7479974627494812,0.1830071061849594,0.366319444444444,0.15403831005096436,0.4128787878787876
201,1.2134432792663574,-0.003685514209792018,0.0037946105003356934,0.7499027848243713,0.21846206486225128,0.5095486111111108,0.15346898138523102,0.43181818181818155
202,1.2675334215164185,-0.00398565549403429,0.004494667053222656,0.751406192779541,0.14671865105628967,0.4661458333333329,0.15049609541893005,0.42652880152880157
203,1.154205560684204,-0.004528057295829058,0.004657268524169922,0.7476024031639099,0.17595121264457703,0.4270833333333329,0.1620577573776245,0.42123942123942104
204,1.2660675048828125,-0.0036795020569115877,0.004037320613861084,0.7471253871917725,0.19458501040935516,0.44010416666666663,0.16659468412399292,0.4295147420147416
205,1.1894171237945557,-0.0038080252707004547,0.004037141799926758,0.7524915933609009,0.23902718722820282,0.39670138888888873,0.15622736513614655,0.4201303576303572
206,1.3265395164489746,-0.004640993196517229,0.004806458950042725,0.74818354845047,0.16509310901165009,0.4531249999999998,0.15177461504936218,0.4114284739284735
207,1.129617691040039,-0.003959586378186941,0.004267573356628418,0.7522416114807129,0.21044686436653137,0.4618055555555556,0.15713118016719818,0.4300266175266171
208,1.1321786642074585,-0.004389942158013582,0.0045896172523498535,0.7476313710212708,0.1614283174276352,0.4140624999999998,0.1575695276260376,0.4416291291291291
209,1.1653366088867188,-0.004422460682690144,0.004625856876373291,0.7464148998260498,0.16804318130016327,0.47916666666666663,0.15578390657901764,0.4360838110838111
210,1.1615748405456543,-0.0037135633174329996,0.004416167736053467,0.7526936531066895,0.18357692658901215,0.4574652777777777,0.15683647990226746,0.42456661206661195
211,1.3059272766113281,-0.003449201351031661,0.0043888092041015625,0.7477001547813416,0.14713098108768463,0.3402777777777777,0.15559013187885284,0.4120256620256618
212,1.1503491401672363,-0.003119460539892316,0.0037911534309387207,0.7504451274871826,0.203080415725708,0.3446180555555556,0.15562859177589417,0.4313916188916189
213,1.1176486015319824,-0.004010600037872791,0.004203140735626221,0.7499301433563232,0.25920167565345764,0.3749999999999998,0.15628156065940857,0.41569410319410305
214,1.262403964996338,-0.004275900777429342,0.004565596580505371,0.7536697387695312,0.1600809246301651,0.4227430555555556,0.15732301771640778,0.40793065793065797
215,1.1649894714355469,-0.003497376572340727,0.004479885101318359,0.7525069713592529,0.19594897329807281,0.4184027777777777,0.15722492337226868,0.4266141141141139
216,1.1342461109161377,-0.003972744103521109,0.004453837871551514,0.7483891248703003,0.1531180888414383,0.3880208333333329,0.1549505591392517,0.42789380289380285
217,1.0434738397598267,-0.004033389035612345,0.004257917404174805,0.7482614517211914,0.15960948169231415,0.444444444444444,0.15242668986320496,0.411172536172536
218,1.120483160018921,-0.0032737073488533497,0.0041481852531433105,0.7522850632667542,0.17478545010089874,0.4140624999999998,0.15213723480701447,0.42601692601692553
219,1.1639957427978516,-0.004016859456896782,0.004217267036437988,0.7519068121910095,0.19485080242156982,0.3532986111111108,0.15474198758602142,0.42251911001911
220,1.2284451723098755,-0.0041851564310491085,0.004385471343994141,0.7512386441230774,0.1993025541305542,0.4140624999999998,0.15332767367362976,0.41185503685503666
221,1.3674602508544922,-0.004257885739207268,0.004457950592041016,0.749688982963562,0.1649605631828308,0.5312499999999998,0.15344490110874176,0.4300266175266171
222,1.2988197803497314,-0.0043705785647034645,0.004607260227203369,0.7495020627975464,0.1354827582836151,0.5008680555555556,0.15690582990646362,0.4242253617253616
223,1.2896103858947754,-0.004577259067445993,0.004731893539428711,0.749535322189331,0.1734011024236679,0.44010416666666663,0.15669341385364532,0.4264434889434887
224,1.14879310131073,-0.004022469278424978,0.004300475120544434,0.7522702813148499,0.18218407034873962,0.4140624999999998,0.15528428554534912,0.4210687960687959
225,0.9915679693222046,-0.0044709681533277035,0.004650115966796875,0.75014328956604,0.20478281378746033,0.47482638888888873,0.15659169852733612,0.4205569205569204
226,0.9949856996536255,-0.004419130738824606,0.00459134578704834,0.7534541487693787,0.19457513093948364,0.5008680555555556,0.1570434719324112,0.42849099099099064
227,1.2219442129135132,-0.004603167530149221,0.004805564880371094,0.7508541345596313,0.13221514225006104,0.39670138888888873,0.15446089208126068,0.4083572208572206
228,1.0799964666366577,-0.004732259549200535,0.004885435104370117,0.7523475885391235,0.15804024040699005,0.36197916666666663,0.1585007905960083,0.41765629265629267
229,1.3093650341033936,-0.0039259446784853935,0.004280984401702881,0.7506998777389526,0.1515377163887024,0.4184027777777777,0.1603756844997406,0.4379606879606879
230,1.2996726036071777,-0.003638096619397402,0.004717707633972168,0.7528647780418396,0.22917607426643372,0.3359374999999998,0.15864521265029907,0.42874692874692866
231,1.189162015914917,-0.0034598016645759344,0.004094481468200684,0.7516118884086609,0.14232055842876434,0.405381944444444,0.1553860604763031,0.42780849030849
232,1.31406569480896,-0.004765136167407036,0.0051108598709106445,0.7498040199279785,0.17233110964298248,0.4140624999999998,0.1512025147676468,0.4281497406497403
233,1.1800130605697632,-0.0044611250050365925,0.004672646522521973,0.754953145980835,0.16473056375980377,0.4270833333333329,0.15537521243095398,0.42431067431067393
234,1.2616074085235596,-0.0046307239681482315,0.004783809185028076,0.7522961497306824,0.17209020256996155,0.4227430555555556,0.15636642277240753,0.4214953589953585
235,1.2360286712646484,-0.004706447012722492,0.004927694797515869,0.7530779838562012,0.17705626785755157,0.4184027777777777,0.15846148133277893,0.4310503685503686
236,1.1637396812438965,-0.004746527411043644,0.005277872085571289,0.7503501176834106,0.1635761857032776,0.4965277777777777,0.15616562962532043,0.4252491127491126
237,1.1836521625518799,-0.004616146441549063,0.004858613014221191,0.7526217103004456,0.17266109585762024,0.3489583333333329,0.15587618947029114,0.4244812994812991
238,1.3052680492401123,-0.00396775035187602,0.004833698272705078,0.751042902469635,0.1935848742723465,0.3880208333333329,0.15009091794490814,0.4133906633906631
239,1.3182613849639893,-0.004927976056933403,0.00515371561050415,0.7556400895118713,0.21889638900756836,0.5008680555555556,0.15604251623153687,0.42371348621348615
240,1.1896711587905884,-0.003952606115490198,0.004191160202026367,0.7543467283248901,0.1252262443304062,0.47916666666666663,0.16082191467285156,0.4180828555828553
241,1.2483482360839844,-0.004712036810815334,0.005110561847686768,0.750675618648529,0.17682744562625885,0.4140624999999998,0.15886835753917694,0.41961848211848174
242,1.078110933303833,-0.004917229060083628,0.005138278007507324,0.7517868280410767,0.14624609053134918,0.4531249999999998,0.1547447144985199,0.42541973791973775
243,1.3542439937591553,-0.004185591824352741,0.004534900188446045,0.7522584199905396,0.20810146629810333,0.40104166666666663,0.1575968861579895,0.4290028665028661
244,1.092952013015747,-0.0036382987163960934,0.0042798519134521484,0.7539307475090027,0.21390439569950104,0.4227430555555556,0.15759064257144928,0.41432910182910176
245,1.1888446807861328,-0.003745988942682743,0.004453778266906738,0.7560715675354004,0.16886474192142487,0.4661458333333329,0.1563713699579239,0.4261022386022384
246,1.250641942024231,-0.00400896929204464,0.004377484321594238,0.7488219738006592,0.20431962609291077,0.43576388888888873,0.15675461292266846,0.4252491127491126
247,1.1819791793823242,-0.004493334796279669,0.00471729040145874,0.7514531016349792,0.18024183809757233,0.47916666666666663,0.15537618100643158,0.41612066612066567
248,1.3020200729370117,-0.0041478523053228855,0.004308223724365234,0.7548738121986389,0.1539989709854126,0.483506944444444,0.1565837413072586,0.4282350532350532
249,0.9600017666816711,-0.004552542231976986,0.004792451858520508,0.7552528381347656,0.20464932918548584,0.3706597222222219,0.1581534743309021,0.4258463008463004
250,1.152862548828125,-0.004528368357568979,0.00479578971862793,0.753679096698761,0.19951628148555756,0.39670138888888873,0.15878339111804962,0.4194478569478566
251,1.1586863994598389,-0.0051988097839057446,0.005468428134918213,0.7492079734802246,0.2086409330368042,0.35763888888888873,0.16005291044712067,0.42431067431067393
252,1.1399765014648438,-0.004520584363490343,0.00480574369430542,0.7545382976531982,0.15127705037593842,0.4184027777777777,0.15693055093288422,0.42755255255255253
253,1.2470465898513794,-0.003717154497280717,0.003876626491546631,0.7539560198783875,0.18335779011249542,0.3749999999999998,0.15565817058086395,0.42251911001911
254,1.2816476821899414,-0.004492773208767176,0.004796802997589111,0.7564759254455566,0.24470873177051544,0.4487847222222219,0.15551647543907166,0.42431067431067393
255,1.214331865310669,-0.004074038006365299,0.00490570068359375,0.7572709321975708,0.16162069141864777,0.31857638888888873,0.15695400536060333,0.4314769314769312
256,1.1690208911895752,-0.004331716801971197,0.004450798034667969,0.7574936151504517,0.21195736527442932,0.405381944444444,0.15882839262485504,0.4289175539175538
257,1.3139150142669678,-0.004487295635044575,0.004799365997314453,0.7551045417785645,0.20173242688179016,0.3706597222222219,0.15718473494052887,0.42371348621348615
258,1.2126778364181519,-0.004235350526869297,0.004697680473327637,0.7556353211402893,0.1700921505689621,0.3315972222222219,0.15954703092575073,0.4197891072891069
259,1.1318033933639526,-0.00469024246558547,0.004887402057647705,0.753939151763916,0.1831471174955368,0.3489583333333329,0.15489864349365234,0.4299413049413048
260,1.1498390436172485,-0.004489096812903881,0.004740357398986816,0.7548474073410034,0.17638719081878662,0.483506944444444,0.15535381436347961,0.42371348621348615
261,1.1452140808105469,-0.00406936090439558,0.004220545291900635,0.752397358417511,0.1594233512878418,0.444444444444444,0.15544384717941284,0.4217512967512965
262,1.1098177433013916,-0.0034016454592347145,0.004417359828948975,0.7542489171028137,0.23192137479782104,0.3359374999999998,0.15462109446525574,0.42593161343161323
263,1.2210077047348022,-0.004467150196433067,0.004925787448883057,0.7541377544403076,0.19759570062160492,0.3359374999999998,0.15306173264980316,0.42593161343161323
264,1.2005358934402466,-0.002949821064248681,0.004604160785675049,0.757088303565979,0.2137986272573471,0.5442708333333329,0.15624350309371948,0.42123942123942104
265,1.0597236156463623,-0.004244261886924505,0.004846036434173584,0.7534012794494629,0.18890394270420074,0.405381944444444,0.1556955724954605,0.41910660660660626
266,1.236161470413208,-0.004464318044483662,0.004697084426879883,0.7533161044120789,0.18588532507419586,0.4704861111111108,0.1562299281358719,0.42209254709254684
267,1.2112689018249512,-0.004541345406323671,0.0046675801277160645,0.748241126537323,0.1874578446149826,0.483506944444444,0.15794427692890167,0.4206422331422327
268,1.1691999435424805,-0.004894237034022808,0.005171656608581543,0.7545944452285767,0.2359476089477539,0.3880208333333329,0.15699230134487152,0.42465192465192425
269,1.197177529335022,-0.004611429758369923,0.00489199161529541,0.7535667419433594,0.21864287555217743,0.47482638888888873,0.15626458823680878,0.41654722904722885
270,1.224256992340088,-0.005099570844322443,0.00540471076965332,0.7512919902801514,0.19667063653469086,0.40104166666666663,0.15578293800354004,0.4189359814359811
271,1.0823761224746704,-0.004465713165700436,0.004876554012298584,0.7550386190414429,0.18333685398101807,0.3793402777777777,0.15744845569133759,0.4297706797706796
272,1.316431999206543,-0.0036735357716679573,0.0047043561935424805,0.7579993605613708,0.19002807140350342,0.4097222222222219,0.1566501408815384,0.4272966147966145
273,1.2117178440093994,-0.0041636331006884575,0.004696786403656006,0.7569903135299683,0.18984158337116241,0.4140624999999998,0.1552194356918335,0.41782691782691783
274,1.3169374465942383,-0.0041816052980721,0.004392802715301514,0.7576717734336853,0.15938621759414673,0.44010416666666663,0.15723121166229248,0.42243379743379716
275,1.1920061111450195,-0.0027408255264163017,0.004756271839141846,0.7545303106307983,0.16237299144268036,0.43576388888888873,0.15582385659217834,0.40929565929565925
276,1.3058371543884277,-0.003902961267158389,0.004465818405151367,0.7546753883361816,0.19254839420318604,0.4878472222222219,0.15851762890815735,0.4272113022113022
277,1.0646944046020508,-0.004704662598669529,0.005228281021118164,0.7509481310844421,0.1767980307340622,0.5269097222222219,0.15310336649417877,0.43011193011192994
278,1.2439072132110596,-0.004459683317691088,0.004764914512634277,0.7556102275848389,0.17386825382709503,0.40104166666666663,0.15272292494773865,0.4180828555828553
279,1.241173267364502,-0.0038283884059637785,0.004427671432495117,0.7553125023841858,0.1932467669248581,0.36197916666666663,0.1546308547258377,0.4230309855309855
280,1.2005705833435059,-0.0044045778922736645,0.005106508731842041,0.751606285572052,0.14562973380088806,0.4574652777777777,0.15314477682113647,0.4189359814359811
281,1.2357871532440186,-0.0037480720784515142,0.004772603511810303,0.7580977082252502,0.21250401437282562,0.39670138888888873,0.1547420471906662,0.4314769314769312
282,1.13822340965271,-0.002537704072892666,0.004226744174957275,0.7556495666503906,0.16786766052246094,0.4704861111111108,0.1520708203315735,0.4243959868959868
283,1.1188621520996094,-0.004970031790435314,0.005341708660125732,0.7553595900535583,0.12906232476234436,0.43576388888888873,0.1520511507987976,0.4242253617253616
284,1.2772481441497803,-0.004627053160220385,0.005115151405334473,0.7560875415802002,0.15432089567184448,0.3446180555555556,0.1522607058286667,0.42925880425880414
285,1.2062909603118896,-0.0041126469150185585,0.004530847072601318,0.754194974899292,0.22768603265285492,0.4487847222222219,0.15711797773838043,0.4211541086541082
286,1.2704365253448486,-0.004517788533121347,0.004760921001434326,0.7529690861701965,0.19808951020240784,0.4097222222222219,0.15876053273677826,0.42550505050505005
287,1.2345154285430908,-0.004965092055499554,0.005146920680999756,0.7557951211929321,0.13207043707370758,0.40104166666666663,0.16002854704856873,0.43215943215943187
288,1.107226848602295,-0.00545112881809473,0.005630075931549072,0.7563755512237549,0.21420922875404358,0.47916666666666663,0.15988481044769287,0.4281497406497403
289,1.2054013013839722,-0.004689526278525591,0.0051631927490234375,0.7557937502861023,0.19778470695018768,0.3793402777777777,0.15616855025291443,0.4289175539175538
290,1.068173885345459,-0.004665210843086243,0.005449056625366211,0.7550551295280457,0.21198515594005585,0.3315972222222219,0.15878768265247345,0.42678473928473903
291,1.0318607091903687,-0.004722076002508402,0.005235493183135986,0.7542263865470886,0.2134391814470291,0.3359374999999998,0.1608230620622635,0.4264434889434887
292,1.2940025329589844,-0.002420059870928526,0.00478893518447876,0.7606677412986755,0.1812436580657959,0.3532986111111108,0.15813259780406952,0.42047160797160754
293,1.1267409324645996,-0.004564773291349411,0.005159497261047363,0.7559083700180054,0.21554414927959442,0.4227430555555556,0.1556161642074585,0.4141584766584766
294,1.1229233741760254,-0.004641412757337093,0.005060732364654541,0.7580170631408691,0.15396428108215332,0.4140624999999998,0.15625,0.4194478569478566
295,1.073076605796814,-0.004766489379107952,0.005116879940032959,0.7628308534622192,0.17508187890052795,0.4140624999999998,0.15420247614383698,0.4239694239694236
296,1.140768051147461,-0.004726020153611898,0.005044817924499512,0.7580462098121643,0.21403421461582184,0.44010416666666663,0.15428465604782104,0.4336950586950583
297,1.277125597000122,-0.0037720364052802324,0.003888845443725586,0.7559864521026611,0.18834540247917175,0.35763888888888873,0.15636681020259857,0.42251911001911
298,1.1704319715499878,-0.004500396549701691,0.0051729679107666016,0.7561748027801514,0.25426769256591797,0.4531249999999998,0.1553443968296051,0.42209254709254684
299,1.2286964654922485,-0.004249243531376123,0.004644989967346191,0.757373571395874,0.1458718627691269,0.4140624999999998,0.156658336520195,0.4247372372372371
300,1.1470656394958496,-0.005168265663087368,0.005355954170227051,0.7540618777275085,0.21397431194782257,0.44010416666666663,0.15817426145076752,0.42541973791973775
301,1.0616941452026367,-0.005093553569167852,0.005347549915313721,0.7573676705360413,0.19176526367664337,0.3402777777777777,0.1567053496837616,0.42652880152880157
302,1.1357847452163696,-0.005296348128467798,0.005455195903778076,0.7548064589500427,0.16605991125106812,0.4618055555555556,0.1562192142009735,0.42234848484848486
303,1.29634690284729,-0.004965237341821194,0.005438089370727539,0.7588514089584351,0.2449081838130951,0.3359374999999998,0.15773838758468628,0.4274672399672397
304,1.2290475368499756,-0.003340568859130144,0.0050209760665893555,0.7537484169006348,0.17895103991031647,0.3142361111111108,0.1545208841562271,0.4256756756756752
305,1.3166037797927856,-0.005113029386848211,0.005583226680755615,0.7511241436004639,0.18560399115085602,0.4314236111111108,0.15716998279094696,0.4203009828009824
306,1.18679940700531,-0.004459922201931477,0.005016505718231201,0.7563735246658325,0.16149695217609406,0.43576388888888873,0.15706530213356018,0.4188506688506688
307,1.0781593322753906,-0.0037491025868803263,0.00484919548034668,0.7562780380249023,0.18632960319519043,0.47482638888888873,0.15621033310890198,0.4210687960687959
308,1.2977420091629028,-0.004380152560770512,0.004651188850402832,0.7535857558250427,0.18723036348819733,0.43576388888888873,0.15782397985458374,0.42499317499317457
309,1.2313212156295776,-0.004556396976113319,0.0047675371170043945,0.7529435753822327,0.16389548778533936,0.4878472222222219,0.15474344789981842,0.4264434889434887
310,1.1103923320770264,-0.004759451374411583,0.004942357540130615,0.7589555382728577,0.3789435029029846,0.4270833333333329,0.1567867249250412,0.42371348621348615
311,1.1837701797485352,-0.005491876974701881,0.005661427974700928,0.7541764378547668,0.2027357965707779,0.3532986111111108,0.1555371880531311,0.4193625443625443
312,1.235388994216919,-0.004855763632804155,0.005028963088989258,0.757134735584259,0.19915618002414703,0.3836805555555556,0.15326569974422455,0.4290028665028661
313,1.215369701385498,-0.004992980044335127,0.005112648010253906,0.7567207217216492,0.21883082389831543,0.4574652777777777,0.15772971510887146,0.43053849303849256
314,1.2144477367401123,-0.004636482335627079,0.004744410514831543,0.7547255754470825,0.211886927485466,0.3880208333333329,0.159190371632576,0.42797911547911516
315,1.2537055015563965,-0.004889925941824913,0.0050116777420043945,0.7568876147270203,0.2374139428138733,0.4097222222222219,0.15774263441562653,0.42320161070161066
316,1.2993831634521484,-0.004511179402470589,0.005097448825836182,0.7529223561286926,0.1639249473810196,0.3315972222222219,0.15753282606601715,0.417997542997543
317,1.1757667064666748,-0.004399826284497976,0.004802584648132324,0.7553185224533081,0.1870870292186737,0.3706597222222219,0.15746913850307465,0.4189359814359811
318,1.161227822303772,-0.004150462802499533,0.004511117935180664,0.7584292888641357,0.23274043202400208,0.4097222222222219,0.1567322015762329,0.42669942669942673
319,1.0844671726226807,-0.004335946869105101,0.005837559700012207,0.7565290331840515,0.16546931862831116,0.4270833333333329,0.1597484052181244,0.4291734916734913
320,1.3019077777862549,-0.005165053531527519,0.005580127239227295,0.7558441758155823,0.21917720139026642,0.3923611111111108,0.15643072128295898,0.4272966147966145
321,1.3042114973068237,-0.0036304062232375145,0.004796743392944336,0.7571197152137756,0.2263321429491043,0.444444444444444,0.15364080667495728,0.4203009828009824
322,1.1955573558807373,-0.0034590831492096186,0.003914952278137207,0.7527230978012085,0.23178313672542572,0.40104166666666663,0.1548844575881958,0.42158067158067136
323,1.1238963603973389,-0.004209266509860754,0.004490375518798828,0.7568772435188293,0.18740703165531158,0.3706597222222219,0.15583010017871857,0.42431067431067393
324,1.195318579673767,-0.004868393298238516,0.0051348209381103516,0.7521176338195801,0.18051990866661072,0.39670138888888873,0.15506838262081146,0.4233722358722358
325,1.2331467866897583,-0.004733923356980085,0.004890859127044678,0.7580874562263489,0.24620869755744934,0.3793402777777777,0.1551336646080017,0.4247372372372371
326,1.2125438451766968,-0.005155669990926981,0.005520462989807129,0.7546766996383667,0.17938879132270813,0.3532986111111108,0.15814360976219177,0.41825348075348046
327,1.1932556629180908,-0.004371513146907091,0.004646182060241699,0.7608534693717957,0.21645107865333557,0.483506944444444,0.15725195407867432,0.42960005460005446
328,1.247154951095581,-0.004835648462176323,0.0052790045738220215,0.7544826865196228,0.16254176199436188,0.4618055555555556,0.15588080883026123,0.42158067158067136
329,1.3437104225158691,-0.00500353192910552,0.005179166793823242,0.7578862309455872,0.19029998779296875,0.4618055555555556,0.1545947939157486,0.432330057330057
330,1.1337623596191406,-0.005729639437049627,0.005919456481933594,0.7573835253715515,0.22376619279384613,0.366319444444444,0.15339750051498413,0.42763786513786484
331,1.170706033706665,-0.0044588735327124596,0.004851937294006348,0.7526010274887085,0.13632552325725555,0.3793402777777777,0.15353015065193176,0.4233722358722358
332,1.2424964904785156,-0.004072602838277817,0.0047740936279296875,0.7595342397689819,0.2415248155593872,0.3706597222222219,0.15579146146774292,0.4268700518700519
333,1.1437394618988037,-0.0029252246022224426,0.00471043586730957,0.7574889659881592,0.15534093976020813,0.4314236111111108,0.15580172836780548,0.42286036036036034
334,1.1265695095062256,-0.00398600148037076,0.00515371561050415,0.7565191388130188,0.18194477260112762,0.3880208333333329,0.1560547947883606,0.4095515970515967
335,1.2020432949066162,-0.003841816447675228,0.004366278648376465,0.7541385889053345,0.22042693197727203,0.4314236111111108,0.15352056920528412,0.4185947310947308
336,1.2179079055786133,-0.004784695338457823,0.005363285541534424,0.7547785639762878,0.15494975447654724,0.4140624999999998,0.15891267359256744,0.42593161343161323
337,1.3135764598846436,-0.004875190556049347,0.005008339881896973,0.7566636204719543,0.19226212799549103,0.3532986111111108,0.15877094864845276,0.42251911001911
338,1.1532256603240967,-0.004949570633471012,0.005214571952819824,0.755358874797821,0.1854882687330246,0.43576388888888873,0.15458109974861145,0.4330978705978705
339,1.1892213821411133,-0.00534574082121253,0.005510091781616211,0.7563639879226685,0.262270987033844,0.3402777777777777,0.1547246277332306,0.4298559923559919
340,1.3660767078399658,-0.004617716651409864,0.004868209362030029,0.7525992393493652,0.19927054643630981,0.5182291666666666,0.15603816509246826,0.41577941577941535
341,1.1957828998565674,-0.005102972500026226,0.005273282527923584,0.7571977972984314,0.1493198573589325,0.3532986111111108,0.15595343708992004,0.42243379743379716
342,1.189595341682434,-0.0050781359896063805,0.0054762959480285645,0.7592809200286865,0.1896725744009018,0.405381944444444,0.15296941995620728,0.4233722358722358
343,1.256706714630127,-0.004408157896250486,0.0046689510345458984,0.7556398510932922,0.19234929978847504,0.43576388888888873,0.1529649943113327,0.42371348621348615
344,1.242493748664856,-0.005325059872120619,0.0054541826248168945,0.7587928771972656,0.1886492371559143,0.4618055555555556,0.15637832880020142,0.4243959868959868
345,1.1529486179351807,-0.004624353721737862,0.0048621296882629395,0.7525078058242798,0.18704438209533691,0.4704861111111108,0.15354445576667786,0.4188506688506688
346,1.2667105197906494,-0.004990151152014732,0.005732595920562744,0.7529759407043457,0.2552248537540436,0.4574652777777777,0.15543507039546967,0.4297706797706796
347,1.2438362836837769,-0.0044690268114209175,0.004783570766448975,0.75372314453125,0.1977996677160263,0.39670138888888873,0.1525346040725708,0.4211541086541082
348,1.3244807720184326,-0.004509976599365473,0.005456149578094482,0.7552689909934998,0.1953788697719574,0.3793402777777777,0.15651005506515503,0.4306238056238054
349,1.3069820404052734,-0.004470592364668846,0.004792153835296631,0.7600189447402954,0.21980498731136322,0.4140624999999998,0.15595492720603943,0.43019724269724224
350,1.231614351272583,-0.0054602716118097305,0.005630195140838623,0.7591848373413086,0.2043682038784027,0.31857638888888873,0.15677104890346527,0.4200450450450449
351,1.2544472217559814,-0.004996233154088259,0.00511622428894043,0.7567228674888611,0.20101869106292725,0.3793402777777777,0.1564539074897766,0.429088179088179
352,1.1518312692642212,-0.005086642224341631,0.005524158477783203,0.7572991847991943,0.1978156417608261,0.43576388888888873,0.15470269322395325,0.43122099372099376
353,1.0979918241500854,-0.004982728511095047,0.00514906644821167,0.7550688982009888,0.15070702135562897,0.43576388888888873,0.15589341521263123,0.42200723450723454
354,1.187727689743042,-0.004995702765882015,0.005427062511444092,0.7539632320404053,0.218014657497406,0.4184027777777777,0.15651489794254303,0.42158067158067136
355,1.2967627048492432,-0.004281932022422552,0.005032539367675781,0.7561577558517456,0.17270241677761078,0.4704861111111108,0.1554087996482849,0.4163766038766037
356,1.3581476211547852,-0.004599439911544323,0.004717588424682617,0.7566766142845154,0.1637931764125824,0.5008680555555556,0.1532798409461975,0.4261875511875507
357,1.1133840084075928,-0.0038366192020475864,0.005227208137512207,0.7544304132461548,0.17474640905857086,0.39670138888888873,0.154290109872818,0.4342069342069338
358,1.2484407424926758,-0.005503424443304539,0.005605459213256836,0.758537232875824,0.1351865977048874,0.4661458333333329,0.15613709390163422,0.41740035490035465
359,1.1311805248260498,-0.00489411735907197,0.005531609058380127,0.7509424090385437,0.18443083763122559,0.4097222222222219,0.15885241329669952,0.4203009828009824
360,1.0449999570846558,-0.0049451794475317,0.005509316921234131,0.7546947002410889,0.19998662173748016,0.3923611111111108,0.15685589611530304,0.4226044226044223
361,1.1110950708389282,-0.005084953270852566,0.005289912223815918,0.7559651732444763,0.14023754000663757,0.405381944444444,0.15709173679351807,0.42934411684411644
362,1.3391170501708984,-0.004838411696255207,0.005311489105224609,0.7591645121574402,0.14447438716888428,0.4097222222222219,0.15798833966255188,0.4231162981162978
363,1.1397325992584229,-0.003936843480914831,0.004540562629699707,0.7616486549377441,0.2134234607219696,0.4227430555555556,0.15936946868896484,0.42286036036036034
364,1.1820080280303955,-0.0036724540404975414,0.005165755748748779,0.7581963539123535,0.459987610578537,0.5008680555555556,0.15606363117694855,0.42465192465192425
365,1.1492533683776855,-0.005351136904209852,0.005644857883453369,0.7556787729263306,0.16376656293869019,0.2968749999999998,0.15171048045158386,0.4216659841659842
366,1.1419320106506348,-0.004902586340904236,0.005226433277130127,0.7585081458091736,0.14861154556274414,0.4531249999999998,0.15728959441184998,0.4242253617253616
367,1.2646434307098389,-0.005043688230216503,0.005256295204162598,0.7512320876121521,0.23710285127162933,0.3880208333333329,0.15431779623031616,0.4180828555828553
368,1.2973335981369019,-0.004399063531309366,0.004767239093780518,0.7598732113838196,0.19641681015491486,0.44010416666666663,0.1542329639196396,0.4272113022113022
369,1.1854450702667236,-0.004313968122005463,0.005581557750701904,0.7534692883491516,0.20439137518405914,0.5052083333333329,0.15683969855308533,0.42243379743379716
370,1.0460591316223145,-0.004678650759160519,0.0049446821212768555,0.7589622139930725,0.14132340252399445,0.40104166666666663,0.15274997055530548,0.4202156702156701
371,1.2485265731811523,-0.005231934133917093,0.005438268184661865,0.751580536365509,0.15802612900733948,0.4097222222222219,0.15572161972522736,0.42465192465192425
372,1.128030776977539,-0.004375671502202749,0.004788458347320557,0.7557417154312134,0.18065813183784485,0.4097222222222219,0.15917246043682098,0.41654722904722885
373,1.319948673248291,-0.004290482494980097,0.004420220851898193,0.7584020495414734,0.24895647168159485,0.3793402777777777,0.1606774628162384,0.42541973791973775
374,1.3084136247634888,-0.004490412771701813,0.005092442035675049,0.7558519244194031,0.15867070853710175,0.4097222222222219,0.1587420105934143,0.42200723450723454
375,1.1491948366165161,-0.0045489054173231125,0.004661083221435547,0.7615485191345215,0.2174149602651596,0.366319444444444,0.15799561142921448,0.42200723450723454
376,1.0689425468444824,-0.005018212832510471,0.005210995674133301,0.7610350251197815,0.22044093906879425,0.405381944444444,0.1594022512435913,0.416717854217854
377,1.3072781562805176,-0.00505027873441577,0.0051877498626708984,0.7548796534538269,0.1781417578458786,0.4574652777777777,0.15786966681480408,0.42456661206661195
378,1.2016990184783936,-0.005311939865350723,0.005558907985687256,0.7567670345306396,0.20414456725120544,0.4921874999999998,0.1571921557188034,0.42934411684411644
379,1.228602647781372,-0.005140069406479597,0.005768120288848877,0.7551687359809875,0.21148720383644104,0.3749999999999998,0.15964266657829285,0.4219219219219217
380,1.0971052646636963,-0.005048777442425489,0.00560760498046875,0.752655565738678,0.1499416083097458,0.3793402777777777,0.16015827655792236,0.41432910182910176
381,1.2715059518814087,-0.0049565983936190605,0.005318641662597656,0.758912980556488,0.21098271012306213,0.4574652777777777,0.16076093912124634,0.4193625443625443
382,1.2289958000183105,-0.003973072394728661,0.005095005035400391,0.7521321177482605,0.18231521546840668,0.4878472222222219,0.1580205261707306,0.4208981708981707
383,1.133392333984375,-0.004871722310781479,0.005894839763641357,0.756889283657074,0.26856812834739685,0.3836805555555556,0.15781937539577484,0.428064428064428
384,1.1439924240112305,-0.0036585743073374033,0.004759609699249268,0.7525923848152161,0.18498124182224274,0.4704861111111108,0.15445125102996826,0.432330057330057
385,1.2082182168960571,-0.004482542630285025,0.005090951919555664,0.7535813450813293,0.47031843662261963,0.4661458333333329,0.15950198471546173,0.4188506688506688
386,1.225358486175537,-0.004955424927175045,0.005829036235809326,0.7524570822715759,0.335173636674881,0.4531249999999998,0.15960735082626343,0.42320161070161066
387,1.2864912748336792,-0.004764394368976355,0.005096435546875,0.7607339024543762,0.19491586089134216,0.40104166666666663,0.15842749178409576,0.4253344253344249
388,1.255150556564331,-0.004287580959498882,0.004837155342102051,0.7580955028533936,0.21017864346504211,0.4097222222222219,0.15856358408927917,0.4242253617253616
389,1.2778314352035522,-0.005185963120311499,0.005500733852386475,0.7532749772071838,0.16363005340099335,0.405381944444444,0.16022829711437225,0.4188506688506688
390,1.1872966289520264,-0.004900848958641291,0.005201101303100586,0.7520124316215515,0.26807737350463867,0.4227430555555556,0.1608799546957016,0.42294567294567265
391,1.1808793544769287,-0.004208034835755825,0.004601716995239258,0.7569606304168701,0.5838693976402283,0.366319444444444,0.15839125216007233,0.43173286923286924
392,1.236639380455017,-0.00539192371070385,0.005540430545806885,0.7546514868736267,0.17125137150287628,0.4487847222222219,0.15846467018127441,0.42780849030849
393,1.1717504262924194,-0.005039935000240803,0.005545318126678467,0.7556504607200623,0.22351130843162537,0.32291666666666663,0.158667653799057,0.4247372372372371
394,1.2052381038665771,-0.005246386397629976,0.005377709865570068,0.7561948895454407,0.19300471246242523,0.4574652777777777,0.15791870653629303,0.4248225498225494
395,1.1725425720214844,-0.005699839908629656,0.005830943584442139,0.7605803608894348,0.21833398938179016,0.40104166666666663,0.1569337397813797,0.42123942123942104
396,1.075237512588501,-0.005283290054649115,0.005482852458953857,0.75775146484375,0.18236951529979706,0.3749999999999998,0.1572144329547882,0.4238841113841113
397,1.2254536151885986,-0.004783399868756533,0.00516510009765625,0.7587912678718567,0.15240629017353058,0.4574652777777777,0.1580677181482315,0.4219219219219217
398,1.2586592435836792,-0.004279366694390774,0.004856586456298828,0.7566148638725281,0.16912299394607544,0.4227430555555556,0.15469622611999512,0.42132473382473334
399,1.1561660766601562,-0.005941597744822502,0.00623553991317749,0.7582929730415344,0.17549005150794983,0.405381944444444,0.15668386220932007,0.42669942669942673
