,loss_g,loss_d,train_wd,train_ce_d,train_mse,train_acc,test_mse,test_acc
0,0.14516834914684296,6.663917541503906,-0.00030410289764404297,0.7048236727714539,0.3204333782196045,0.18836805555555558,0.24796630442142487,0.27450177450177415
1,0.1415855437517166,0.09707413613796234,-0.0004950761795043945,0.7309591770172119,0.12884797155857086,0.43576388888888873,0.11151962727308273,0.36655405405405406
2,0.14603736996650696,0.04494752362370491,-0.0011708736419677734,0.7394518852233887,0.10591030865907669,0.2708333333333329,0.09986179322004318,0.3386568386568384
3,0.14663788676261902,0.02380216121673584,-0.0012971758842468262,0.7395275831222534,0.12348894774913788,0.35763888888888873,0.10141365975141525,0.2984746109746106
4,0.1403837949037552,0.00982968881726265,-0.0012115836143493652,0.7417513728141785,0.08501005917787552,0.2751736111111108,0.09915025532245636,0.23423423423423406
5,0.15003225207328796,0.011173210106790066,-0.0009451508522033691,0.7388371229171753,0.10880343616008759,0.19704861111111083,0.09849748015403748,0.24361861861861844
6,0.14827880263328552,0.0060880775563418865,-0.0003414750099182129,0.7434504628181458,0.11048443615436554,0.2925347222222219,0.0978650450706482,0.2584630084630085
7,0.15249399840831757,0.005738789215683937,0.00013393163681030273,0.7414713501930237,0.18696272373199463,0.18402777777777768,0.10179882496595383,0.29531804531804484
8,0.14887970685958862,0.0031516272574663162,0.0007621645927429199,0.7427323460578918,0.09939660131931305,0.2621527777777777,0.10292412340641022,0.31220993720993684
9,0.14797577261924744,0.002642917912453413,0.0013134479522705078,0.7405701875686646,0.12940862774848938,0.28385416666666663,0.13457238674163818,0.30947993447993427
10,0.14300411939620972,0.0020384956151247025,0.0018955469131469727,0.744133472442627,0.17811089754104614,0.327256944444444,0.13461993634700775,0.31459868959868964
11,0.14589957892894745,0.00036616018041968346,0.0029724836349487305,0.7430279850959778,0.15011581778526306,0.2621527777777777,0.1333853006362915,0.30333742833742794
12,0.15275217592716217,0.0033323545940220356,0.003284454345703125,0.7458891272544861,0.15842899680137634,0.3098958333333329,0.130129873752594,0.30615274365274336
13,0.15146075189113617,-0.001266368431970477,0.004006683826446533,0.7471218705177307,0.1763019561767578,0.32291666666666663,0.13138379156589508,0.3031668031668028
14,0.12786780297756195,-0.002053222618997097,0.003920018672943115,0.7511587142944336,0.1736983060836792,0.27951388888888873,0.13154591619968414,0.2729661479661477
15,0.1684691607952118,-0.0017980537377297878,0.0046645402908325195,0.7446860671043396,0.18177099525928497,0.14930555555555558,0.1321491003036499,0.22450859950859936
16,0.14479389786720276,-0.0026619937270879745,0.004336893558502197,0.748664915561676,0.18375816941261292,0.11458333333333293,0.12271234393119812,0.22169328419328393
17,0.14787906408309937,-0.0030366675928235054,0.004182696342468262,0.7491188645362854,0.16547425091266632,0.24913194444444398,0.1353529393672943,0.21597734097734078
18,0.129153773188591,-0.0023978811223059893,0.0038430094718933105,0.7484443187713623,0.13926962018013,0.21440972222222188,0.1392519623041153,0.2201576576576575
19,0.12701083719730377,-0.0024894592352211475,0.0037657618522644043,0.7459379434585571,0.15617121756076813,0.22743055555555558,0.14087854325771332,0.2154654654654653
20,0.14288736879825592,-0.003142458386719227,0.004181921482086182,0.7465825080871582,0.20215825736522675,0.14496527777777768,0.14161819219589233,0.19592888342888304
21,0.15447589755058289,-0.0030480343848466873,0.004528045654296875,0.7459791302680969,0.16446204483509064,0.13628472222222188,0.1329798549413681,0.20232732732732683
22,0.14164502918720245,-0.001840811688452959,0.004532873630523682,0.7473324537277222,0.16837069392204285,0.14930555555555558,0.08993791788816452,0.14713008463008437
23,0.13928328454494476,-0.003004638943821192,0.004170060157775879,0.7474042177200317,0.16837924718856812,0.19704861111111083,0.10777038335800171,0.12392506142506143
24,0.15028227865695953,-0.0042650653049349785,0.004870474338531494,0.7474529147148132,0.23072776198387146,0.14930555555555558,0.11841826885938644,0.12068318318318283
25,0.14538437128067017,-0.003894919529557228,0.004647791385650635,0.7454977631568909,0.17530980706214905,0.10590277777777768,0.11988004297018051,0.12059787059787053
26,0.1530534327030182,-0.004397430457174778,0.0053057074546813965,0.7445430159568787,0.20891976356506348,-0.011284722222222321,0.12695609033107758,0.12179224679224665
27,0.14492057263851166,-0.003952311351895332,0.004985034465789795,0.7488065958023071,0.1936882734298706,0.14930555555555558,0.13518594205379486,0.12486349986349954
28,0.1463312804698944,-0.00143334548920393,0.005361735820770264,0.7442899942398071,0.2354561686515808,0.053819444444443976,0.1403752565383911,0.15071321321321274
29,0.13728731870651245,-0.0034938487224280834,0.004996359348297119,0.744856595993042,0.24369068443775177,0.13194444444444398,0.15484647452831268,0.18569137319137285
30,0.14526119828224182,-0.004282133653759956,0.0052086710929870605,0.7485558986663818,0.2540196478366852,0.19704861111111083,0.1520318239927292,0.18432637182637157
31,0.14726607501506805,-0.004651538096368313,0.005243360996246338,0.747068464756012,0.18299600481987,0.2534722222222219,0.160977303981781,0.1887626262626263
32,0.13825897872447968,-0.004403144121170044,0.004895925521850586,0.7445780634880066,0.200713649392128,0.14930555555555558,0.15699884295463562,0.19737919737919718
33,0.13607120513916016,-0.005015518516302109,0.005536019802093506,0.7470343112945557,0.2160191684961319,0.22743055555555558,0.1568419188261032,0.1938813813813811
34,0.14763380587100983,-0.004724668338894844,0.005610823631286621,0.7461740374565125,0.18696734309196472,0.18836805555555558,0.1642562299966812,0.19157794157794117
35,0.1327769160270691,-0.004146208520978689,0.005034685134887695,0.7469576001167297,0.199891597032547,0.24045138888888873,0.15417788922786713,0.1960995085995082
36,0.14411169290542603,-0.004521654453128576,0.005082547664642334,0.7472535967826843,0.22361963987350464,0.20138888888888873,0.1739359349012375,0.21495358995358982
37,0.14264799654483795,-0.00484002660959959,0.00526350736618042,0.7454209327697754,0.22253048419952393,0.15364583333333293,0.18254466354846954,0.20121826371826357
38,0.1366347074508667,-0.003188475500792265,0.004210293292999268,0.7463526129722595,0.21550597250461578,0.24913194444444398,0.17756932973861694,0.21154108654108605
39,0.14983631670475006,-0.003966609947383404,0.004874110221862793,0.7475505471229553,0.2158290147781372,0.17100694444444398,0.17312723398208618,0.20812858312858284
40,0.14140743017196655,-0.0030864886939525604,0.004481256008148193,0.747053325176239,0.1673746258020401,0.21440972222222188,0.1515287309885025,0.19166325416325403
41,0.15390875935554504,-0.004343230277299881,0.0048452019691467285,0.7455716133117676,0.1466183364391327,0.14062499999999978,0.12785029411315918,0.1910660660660657
42,0.1486905962228775,-0.004383702762424946,0.005181431770324707,0.7432485818862915,0.12336675822734833,0.21006944444444398,0.1120419055223465,0.19550232050232041
43,0.13795284926891327,-0.004360982682555914,0.005076587200164795,0.7449386119842529,0.14311330020427704,0.22309027777777768,0.11814029514789581,0.19737919737919718
44,0.14943015575408936,-0.0036250255070626736,0.005335330963134766,0.7441844344139099,0.14179880917072296,0.07986111111111083,0.11172456294298172,0.196952634452634
45,0.15556125342845917,-0.00493414094671607,0.005326688289642334,0.7458325028419495,0.14878211915493011,0.12760416666666663,0.11223135888576508,0.19763513513513464
46,0.15035037696361542,-0.00393692497164011,0.005522608757019043,0.7471042275428772,0.18926875293254852,0.12760416666666663,0.1185162216424942,0.1938813813813811
47,0.13239634037017822,-0.004910684190690517,0.005522549152374268,0.7482379078865051,0.12321551144123077,0.2534722222222219,0.11902061104774475,0.21017608517608477
48,0.14008121192455292,-0.00535324402153492,0.005661487579345703,0.7484370470046997,0.1904795914888382,0.19270833333333293,0.12269686907529831,0.2007917007917004
49,0.1533326506614685,-0.005341194570064545,0.005666851997375488,0.7461210489273071,0.1723458617925644,0.19704861111111083,0.11680462211370468,0.20275389025389
50,0.13451096415519714,-0.0050353133119642735,0.005345523357391357,0.7476930022239685,0.152009516954422,0.2664930555555556,0.12848535180091858,0.21614796614796594
51,0.15404242277145386,-0.0046923803165555,0.005346059799194336,0.744996964931488,0.17230837047100067,0.21440972222222188,0.12397681176662445,0.20565451815451774
52,0.1335756480693817,-0.005246386397629976,0.005516350269317627,0.7474799156188965,0.14212046563625336,0.19270833333333293,0.1241571381688118,0.20446014196014162
53,0.14526328444480896,-0.005134114064276218,0.005509912967681885,0.7442646622657776,0.14800147712230682,0.2664930555555556,0.1294010430574417,0.21819546819546787
54,0.12956082820892334,-0.005091328639537096,0.005531907081604004,0.7465487122535706,0.16905514895915985,0.17968749999999978,0.13108253479003906,0.21009077259077247
55,0.14550206065177917,-0.005520910490304232,0.006000339984893799,0.7460819482803345,0.18078838288784027,0.19270833333333293,0.13643193244934082,0.2121382746382744
56,0.14708340167999268,-0.005017553921788931,0.005598187446594238,0.7469394207000732,0.1503313034772873,0.12326388888888873,0.1216263622045517,0.21435640185640148
57,0.1445210576057434,-0.005023809615522623,0.005955338478088379,0.7467326521873474,0.13254660367965698,0.21874999999999978,0.12845702469348907,0.2202429702429698
58,0.14396755397319794,-0.003819678444415331,0.006188571453094482,0.7430299520492554,0.1334916204214096,0.04947916666666663,0.13876985013484955,0.2234848484848484
59,0.1384652853012085,-0.005096210166811943,0.0053795576095581055,0.7442274689674377,0.15641354024410248,0.2578124999999998,0.1300373524427414,0.22450859950859936
60,0.13656264543533325,-0.0036152901593595743,0.005612492561340332,0.7456232309341431,0.13904789090156555,0.20572916666666663,0.12951424717903137,0.22143734643734647
61,0.14954505860805511,-0.0053155855275690556,0.005809187889099121,0.7463802695274353,0.20243817567825317,0.17100694444444398,0.1390891969203949,0.21529484029484014
62,0.15238222479820251,-0.0052137416787445545,0.00575709342956543,0.7489140033721924,0.21220490336418152,0.22743055555555558,0.14346635341644287,0.24012080262080238
63,0.13999097049236298,-0.005256392993032932,0.005716264247894287,0.7529222369194031,0.20685432851314545,0.21874999999999978,0.1321311593055725,0.23380767130767088
64,0.14322902262210846,-0.005228275898844004,0.005464017391204834,0.7496386170387268,0.21417200565338135,0.21006944444444398,0.14124064147472382,0.22834766584766575
65,0.14409717917442322,-0.004945127293467522,0.005249679088592529,0.7468426823616028,0.13515108823776245,0.2534722222222219,0.1419590413570404,0.22220515970515942
66,0.14437676966190338,-0.005522726569324732,0.005686402320861816,0.7512179017066956,0.19665659964084625,0.24045138888888873,0.14238564670085907,0.2382439257439256
67,0.14026935398578644,-0.0054300823248922825,0.005633294582366943,0.7484189867973328,0.30311229825019836,0.2534722222222219,0.145334392786026,0.23013923013922966
68,0.16001079976558685,-0.004739695694297552,0.005147814750671387,0.7454060912132263,0.18111702799797058,0.20138888888888873,0.1248975321650505,0.2396089271089269
69,0.13593414425849915,-0.004765775520354509,0.005480527877807617,0.7490146160125732,0.2802460491657257,0.23177083333333293,0.1300945281982422,0.2390970515970514
70,0.15704330801963806,-0.005281531251966953,0.005702793598175049,0.7465746402740479,0.12819485366344452,0.14062499999999978,0.1296817660331726,0.24020611520611523
71,0.14004752039909363,-0.004984712693840265,0.0052176713943481445,0.7483438849449158,0.16850270330905914,0.2578124999999998,0.14357228577136993,0.24728705978705967
72,0.15086622536182404,-0.005333578679710627,0.005773305892944336,0.7489566206932068,0.18703100085258484,0.2968749999999998,0.1452573537826538,0.2438745563745559
73,0.13182029128074646,-0.005339265801012516,0.005576670169830322,0.7503722906112671,0.15783384442329407,0.22309027777777768,0.13403582572937012,0.23611111111111083
74,0.13875380158424377,-0.004932553041726351,0.005428016185760498,0.7521750926971436,0.2331628054380417,0.20572916666666663,0.14155025780200958,0.22314359814359808
75,0.1309381127357483,-0.004845223855227232,0.00531238317489624,0.7465898394584656,0.17950662970542908,0.3012152777777777,0.13303285837173462,0.24566612066612037
76,0.14018703997135162,-0.004976985510438681,0.00518035888671875,0.7489482164382935,0.18945306539535522,0.288194444444444,0.14205920696258545,0.2357698607698605
77,0.13660287857055664,-0.005281709134578705,0.005472540855407715,0.7494800090789795,0.19894231855869293,0.3012152777777777,0.13313405215740204,0.2349167349167347
78,0.13700881600379944,-0.005099872127175331,0.005703747272491455,0.7497512698173523,0.16468459367752075,0.22309027777777768,0.13130000233650208,0.2398648648648649
79,0.15008185803890228,-0.003702598623931408,0.005720555782318115,0.7492058873176575,0.20543815195560455,0.14496527777777768,0.1401805877685547,0.24174174174174168
80,0.1520383507013321,-0.0053439014591276646,0.0056983232498168945,0.7470167875289917,0.14621587097644806,0.21874999999999978,0.14503338932991028,0.24003549003549007
81,0.13241812586784363,-0.004792952444404364,0.005328059196472168,0.7532835602760315,0.1971273273229599,0.23611111111111083,0.15012039244174957,0.23918236418236372
82,0.14143821597099304,-0.005492015276104212,0.005734384059906006,0.7518993020057678,0.20580463111400604,0.21440972222222188,0.15083424746990204,0.23611111111111083
83,0.13113552331924438,-0.005255262367427349,0.0059233903884887695,0.7500800490379333,0.20671744644641876,0.20572916666666663,0.1623663604259491,0.2268973518973516
84,0.14266635477542877,-0.005162958521395922,0.006073415279388428,0.7507331371307373,0.13515549898147583,0.23177083333333293,0.145258367061615,0.23124829374829348
85,0.13650454580783844,-0.005619431845843792,0.006381213665008545,0.751667320728302,0.2084161341190338,0.24913194444444398,0.14229530096054077,0.23892642642642625
86,0.13467128574848175,-0.005069355480372906,0.005665600299835205,0.7501440048217773,0.2019142508506775,0.24479166666666663,0.14816923439502716,0.23449017199017153
87,0.14374233782291412,-0.004938187543302774,0.0058252811431884766,0.748848557472229,0.17101004719734192,0.23177083333333293,0.1591116040945053,0.2285182910182909
88,0.15316368639469147,-0.004543009214103222,0.005744874477386475,0.7494468688964844,0.22863984107971191,0.10590277777777768,0.15419138967990875,0.235002047502047
89,0.14737936854362488,-0.004732115194201469,0.005809485912322998,0.7544214129447937,0.22397691011428833,0.18836805555555558,0.15939970314502716,0.23636704886704885
90,0.15608805418014526,-0.00505349226295948,0.005433559417724609,0.7525652647018433,0.16191083192825317,0.14496527777777768,0.16183650493621826,0.2259589134589135
91,0.14325164258480072,-0.0060135978274047375,0.006401181221008301,0.7543346881866455,0.18933431804180145,0.23611111111111083,0.14437326788902283,0.22484984984984968
92,0.1412210315465927,-0.005253463052213192,0.005898654460906982,0.752119243144989,0.1823028028011322,0.20138888888888873,0.14318501949310303,0.21503890253890212
93,0.15053294599056244,-0.005041188560426235,0.005278646945953369,0.7540052533149719,0.2534903287887573,0.20572916666666663,0.15897537767887115,0.22254641004640974
94,0.12314708530902863,-0.005440737586468458,0.005621910095214844,0.7521963715553284,0.16658318042755127,0.21006944444444398,0.15871499478816986,0.2277504777504774
95,0.14214995503425598,-0.005774251651018858,0.006104409694671631,0.7528823018074036,0.19074992835521698,0.24913194444444398,0.16307565569877625,0.22032828282828265
96,0.14298178255558014,-0.005352014675736427,0.005937814712524414,0.7535802721977234,0.17647574841976166,0.21006944444444398,0.15713725984096527,0.21665984165984142
97,0.14275230467319489,-0.0037682640831917524,0.005595982074737549,0.7559767365455627,0.26373031735420227,0.20572916666666663,0.15981696546077728,0.22288766038766006
98,0.136294886469841,-0.005268697161227465,0.005822360515594482,0.7497159242630005,0.2563330829143524,0.22743055555555558,0.16507697105407715,0.22135203385203361
99,0.11695779114961624,-0.0044696214608848095,0.005488157272338867,0.7534922957420349,0.12551619112491608,0.3836805555555556,0.16370879113674164,0.230992355992356
100,0.14681030809879303,-0.004917788319289684,0.005469024181365967,0.7514746189117432,0.16891977190971375,0.27951388888888873,0.15659718215465546,0.2090670215670215
101,0.12480085343122482,-0.006111133377999067,0.006349802017211914,0.7587713599205017,0.1903400719165802,0.23177083333333293,0.15561221539974213,0.21512421512421498
102,0.14959804713726044,-0.0054571013897657394,0.005639493465423584,0.7557072043418884,0.18386249244213104,0.21874999999999978,0.16110798716545105,0.21392983892983886
103,0.152164027094841,-0.005995252635329962,0.006256818771362305,0.7535176277160645,0.17928335070610046,0.12760416666666663,0.1599579006433487,0.21427108927108918
104,0.15821418166160583,-0.00570369279012084,0.0059623122215271,0.7509663701057434,0.21773655712604523,0.17534722222222188,0.16187205910682678,0.21154108654108605
105,0.14190921187400818,-0.005939234979450703,0.006242632865905762,0.7526922225952148,0.2042628973722458,0.19704861111111083,0.1608109027147293,0.209578897078897
106,0.15090546011924744,-0.006338539067655802,0.00662994384765625,0.7573350071907043,0.19676600396633148,0.14496527777777768,0.15733742713928223,0.21742765492765492
107,0.13692928850650787,-0.0054875030182302,0.005784571170806885,0.7571673393249512,0.18179583549499512,0.19704861111111083,0.16211090981960297,0.20701951951951902
108,0.1536702662706375,-0.005153046455234289,0.0055443644523620605,0.7565035223960876,0.4068610370159149,0.09722222222222188,0.15672999620437622,0.21273546273546273
109,0.1539481282234192,-0.005564263090491295,0.005758404731750488,0.7555432915687561,0.2215004414319992,0.16232638888888873,0.16038008034229279,0.20642233142233124
110,0.14616088569164276,-0.005480187479406595,0.00566554069519043,0.7561514377593994,0.16451522707939148,0.21440972222222188,0.15104129910469055,0.21819546819546787
111,0.15028679370880127,-0.005917450878769159,0.006347000598907471,0.7559805512428284,0.18589365482330322,0.19704861111111083,0.15321190655231476,0.20804327054327054
112,0.1554608792066574,-0.005705604795366526,0.006109356880187988,0.754335880279541,0.20056234300136566,0.13194444444444398,0.15381059050559998,0.20787264537264538
113,0.14311939477920532,-0.0063505712896585464,0.00661700963973999,0.7586671113967896,0.4980185031890869,0.20572916666666663,0.14776550233364105,0.21725702975702976
114,0.14924682676792145,-0.0041570113971829414,0.005981922149658203,0.7577842473983765,0.18245238065719604,0.09722222222222188,0.1654069870710373,0.20522795522795512
115,0.14474326372146606,-0.005539796315133572,0.005790293216705322,0.7552887797355652,0.1610308140516281,0.15798611111111083,0.15452618896961212,0.21444171444171434
116,0.14448124170303345,-0.006091810297220945,0.00644993782043457,0.7571918964385986,0.19503095746040344,0.24045138888888873,0.16174738109111786,0.2057398307398306
117,0.15091827511787415,-0.005782768130302429,0.00605463981628418,0.7556475400924683,0.25129804015159607,0.11024305555555558,0.15687976777553558,0.20761670761670736
118,0.13285090029239655,-0.0035828398540616035,0.00585252046585083,0.7558613419532776,0.18195119500160217,0.2578124999999998,0.15915168821811676,0.20761670761670736
119,0.14031347632408142,-0.005436428822577,0.006286203861236572,0.7561478614807129,0.24605385959148407,0.21440972222222188,0.15608303248882294,0.20608108108108092
120,0.13924257457256317,-0.005756175611168146,0.006187140941619873,0.7569288015365601,0.15391291677951813,0.21874999999999978,0.15215131640434265,0.20710483210483188
121,0.14252248406410217,-0.005846930667757988,0.006205737590789795,0.755985677242279,0.15045508742332458,0.18836805555555558,0.15663385391235352,0.20889639639639634
122,0.13712061941623688,-0.006097039207816124,0.006490111351013184,0.7546926736831665,0.15889853239059448,0.2664930555555556,0.16564910113811493,0.20454545454545447
123,0.13959181308746338,-0.004317537881433964,0.0064740777015686035,0.7549020648002625,0.19885119795799255,0.17968749999999978,0.15756332874298096,0.21265015015014987
124,0.15291687846183777,-0.005907539743930101,0.006442129611968994,0.7547287344932556,0.19169370830059052,0.17968749999999978,0.15708713233470917,0.21418577668577632
125,0.14891213178634644,-0.005743404850363731,0.006609439849853516,0.7597277164459229,0.20627203583717346,0.17100694444444398,0.15849776566028595,0.2074460824460822
126,0.1342010498046875,-0.005601418204605579,0.0059702396392822266,0.7595875859260559,0.15628354251384735,0.3012152777777777,0.16201695799827576,0.2121382746382744
127,0.15567219257354736,-0.005323878023773432,0.006851255893707275,0.7607201933860779,0.15015625953674316,0.15798611111111083,0.16986574232578278,0.20565451815451774
128,0.1463133990764618,-0.0062642088159918785,0.00647205114364624,0.7603878974914551,0.22836551070213318,0.2621527777777777,0.15205448865890503,0.20684889434889386
129,0.13789249956607819,-0.005624871235340834,0.005926966667175293,0.7597846388816833,0.21473248302936554,0.21874999999999978,0.14921438694000244,0.20531326781326742
130,0.14441725611686707,-0.005495949648320675,0.006428956985473633,0.7612713575363159,0.15711379051208496,0.18836805555555558,0.15470728278160095,0.2104320229320228
131,0.1395384520292282,-0.0059716966934502125,0.0063057541847229,0.7575604319572449,0.26546764373779297,0.22309027777777768,0.16740159690380096,0.2164039039039034
132,0.15797904133796692,-0.0065283458679914474,0.00684809684753418,0.7596471905708313,0.17299601435661316,0.14496527777777768,0.17186756432056427,0.20855514605514602
133,0.1519555002450943,-0.005503670312464237,0.006435215473175049,0.7602015137672424,0.20711244642734528,0.23177083333333293,0.16461125016212463,0.21256483756483757
134,0.1491589993238449,-0.00550964567810297,0.006648123264312744,0.7594192624092102,0.2986173629760742,0.16666666666666663,0.15734462440013885,0.20983483483483445
135,0.13909733295440674,-0.005616407375782728,0.006019175052642822,0.7591292858123779,0.14379426836967468,0.2534722222222219,0.15901225805282593,0.20514264264264226
136,0.14345863461494446,-0.0064887856133282185,0.006786763668060303,0.7591360211372375,0.19754578173160553,0.17968749999999978,0.16043886542320251,0.21102921102921057
137,0.1344251036643982,-0.005631083622574806,0.00640946626663208,0.7591773867607117,0.19125723838806152,0.24913194444444398,0.1659667044878006,0.2082138957138957
138,0.11732167750597,-0.005929009523242712,0.006196737289428711,0.7635071873664856,0.21830354630947113,0.32291666666666663,0.16103079915046692,0.209578897078897
139,0.13693125545978546,-0.005592332687228918,0.006337642669677734,0.7624238133430481,0.20006847381591797,0.18402777777777768,0.1586485505104065,0.2035217035217035
140,0.15729500353336334,-0.0055956486612558365,0.006520688533782959,0.7582449913024902,0.18311981856822968,0.14062499999999978,0.15833964943885803,0.21282077532077504
141,0.14321543276309967,-0.006234788801521063,0.0065482258796691895,0.7597134709358215,0.14609897136688232,0.19704861111111083,0.15857820212841034,0.2104320229320228
142,0.13585886359214783,-0.006088552996516228,0.006641387939453125,0.7628560066223145,0.17383044958114624,0.2578124999999998,0.16680900752544403,0.20983483483483445
143,0.14355327188968658,-0.005922609940171242,0.0062833428382873535,0.7644840478897095,0.16713324189186096,0.27951388888888873,0.1598350554704666,0.20795795795795768
144,0.14806610345840454,-0.006146575324237347,0.0064280033111572266,0.7644736170768738,0.17231209576129913,0.17534722222222188,0.14720742404460907,0.2065929565929564
145,0.13074925541877747,-0.00607795175164938,0.0063402652740478516,0.7627274394035339,0.18350274860858917,0.2708333333333329,0.1652040034532547,0.20633701883701838
146,0.14301863312721252,-0.005508016794919968,0.006256222724914551,0.7613360285758972,0.1773514449596405,0.17100694444444398,0.16107450425624847,0.21102921102921057
147,0.15807047486305237,-0.007132144644856453,0.007468163967132568,0.765974223613739,0.2235417515039444,0.17100694444444398,0.16176900267601013,0.2105173355173351
148,0.15571899712085724,-0.006226866506040096,0.007107794284820557,0.7635672688484192,0.2576253116130829,0.14062499999999978,0.16329121589660645,0.20446014196014162
149,0.14896076917648315,-0.006094640586525202,0.006526291370391846,0.7640525102615356,0.1974240243434906,0.16232638888888873,0.16567574441432953,0.20625170625170608
150,0.14804707467556,-0.005649755708873272,0.007088005542755127,0.7616716027259827,0.18315494060516357,0.17534722222222188,0.16024482250213623,0.20394826644826614
151,0.13490211963653564,-0.005544889252632856,0.006615638732910156,0.7627021074295044,0.14259085059165955,0.18402777777777768,0.16742247343063354,0.19891482391482362
152,0.1439269483089447,-0.004573165439069271,0.006450235843658447,0.7648789286613464,0.19148293137550354,0.14062499999999978,0.16403692960739136,0.19985326235326228
153,0.1565958857536316,-0.0056284028105437756,0.006367206573486328,0.7616786360740662,0.20319142937660217,0.11458333333333293,0.1584533452987671,0.2007917007917004
154,0.13678450882434845,-0.006656154058873653,0.006981372833251953,0.7682954668998718,0.22635401785373688,0.17534722222222188,0.1672610640525818,0.19865888615888616
155,0.14766615629196167,-0.006384045816957951,0.006789743900299072,0.7604936361312866,0.16541683673858643,0.21440972222222188,0.16124214231967926,0.20684889434889386
156,0.14355246722698212,-0.00644120667129755,0.007010340690612793,0.7647284865379333,0.20464560389518738,0.16232638888888873,0.1619587391614914,0.20770202020202022
157,0.14002688229084015,-0.006711805239319801,0.006960391998291016,0.7664399743080139,0.20684395730495453,0.18836805555555558,0.17227184772491455,0.2057398307398306
158,0.15380924940109253,-0.006141308229416609,0.0066414475440979,0.7646748423576355,0.24152228236198425,0.21440972222222188,0.17367573082447052,0.20283920283920287
159,0.14923308789730072,-0.005311080254614353,0.006589651107788086,0.7603999972343445,0.21066518127918243,0.16666666666666663,0.1630338579416275,0.20292451542451517
160,0.15368232131004333,-0.005816822871565819,0.006386756896972656,0.760766327381134,0.17027461528778076,0.11892361111111083,0.16241267323493958,0.20650764400764354
161,0.13499502837657928,0.0074532125145196915,0.006770789623260498,0.7689434885978699,0.1655837595462799,0.19270833333333293,0.15456067025661469,0.20787264537264538
162,0.14293158054351807,-0.004994838498532772,0.006786525249481201,0.7718170881271362,0.16893728077411652,0.21440972222222188,0.14952288568019867,0.1985735735735733
163,0.15760332345962524,-0.0037712708581238985,0.0065958499908447266,0.7670229077339172,0.19134016335010529,0.14930555555555558,0.15506570041179657,0.2058251433251429
164,0.15515723824501038,-0.00507123488932848,0.006318449974060059,0.7694224715232849,0.1960379183292389,0.16232638888888873,0.1584654599428177,0.20207138957138937
165,0.1519489586353302,-0.005398391280323267,0.006417214870452881,0.7719510793685913,0.16368572413921356,0.15798611111111083,0.15856438875198364,0.2026685776685777
166,0.1507728099822998,-0.006566448602825403,0.006846725940704346,0.7750823497772217,0.2014174461364746,0.24913194444444398,0.15537457168102264,0.2035217035217035
167,0.1458093374967575,-0.005588529631495476,0.005844593048095703,0.77179354429245,0.16553995013237,0.24479166666666663,0.14792335033416748,0.20386295386295383
168,0.14561015367507935,-0.0064508370123803616,0.006723463535308838,0.7756739258766174,0.2175273895263672,0.16666666666666663,0.14750321209430695,0.20846983346983317
169,0.14628170430660248,-0.00627815630286932,0.006724238395690918,0.7772676348686218,0.1815325915813446,0.22309027777777768,0.13427700102329254,0.20710483210483188
170,0.16463631391525269,-0.0064046080224215984,0.006616711616516113,0.7747864723205566,0.24373602867126465,0.09722222222222188,0.13304148614406586,0.20377764127764098
171,0.1405063420534134,-0.006340881809592247,0.006715118885040283,0.7726539373397827,0.15954279899597168,0.17100694444444398,0.13004110753536224,0.2049720174720171
172,0.1345636546611786,-0.0065987491980195045,0.006808221340179443,0.774255633354187,0.15518298745155334,0.24479166666666663,0.12872567772865295,0.2024126399126397
173,0.1459987908601761,-0.007074587047100067,0.007267117500305176,0.7728008031845093,0.19893330335617065,0.24045138888888873,0.13016870617866516,0.20062107562107523
174,0.14830589294433594,-0.006317675579339266,0.00670546293258667,0.775209367275238,0.16307370364665985,0.18836805555555558,0.12576138973236084,0.20130357630357587
175,0.14828063547611237,-0.005975625012069941,0.006478488445281982,0.772918701171875,0.1308581829071045,0.17968749999999978,0.12458080798387527,0.20096232596232555
176,0.1458178609609604,-0.00653214193880558,0.006827592849731445,0.7756823897361755,0.10203194618225098,0.23611111111111083,0.12635178864002228,0.19797638547638552
177,0.15075799822807312,-0.006514678709208965,0.006966352462768555,0.7744644284248352,0.14965324103832245,0.13628472222222188,0.1211908757686615,0.19592888342888304
178,0.1330285668373108,-0.00639846408739686,0.0069158077239990234,0.7789856195449829,0.16039080917835236,0.23611111111111083,0.12735429406166077,0.2010476385476384
179,0.14992249011993408,-0.006244220770895481,0.006980597972869873,0.7737278342247009,0.2163403481245041,0.21006944444444398,0.1330356001853943,0.2049720174720171
180,0.15923134982585907,-0.006391218397766352,0.006606876850128174,0.7722668647766113,0.27792471647262573,0.14930555555555558,0.12538179755210876,0.20591045591045576
181,0.14697928726673126,-0.006848358549177647,0.007110953330993652,0.774910569190979,0.14603550732135773,0.22309027777777768,0.13114427030086517,0.20096232596232555
182,0.13781288266181946,-0.0061708008870482445,0.006605267524719238,0.773827314376831,0.18609361350536346,0.17100694444444398,0.12616124749183655,0.19985326235326228
183,0.1487141102552414,-0.006482907570898533,0.006889522075653076,0.7763749361038208,0.17566417157649994,0.18836805555555558,0.12486967444419861,0.20232732732732683
184,0.17052806913852692,-0.006398122292011976,0.006686210632324219,0.7719259858131409,0.13643036782741547,0.11458333333333293,0.12823477387428284,0.19737919737919718
185,0.15114222466945648,-0.006792538799345493,0.007115483283996582,0.7708654403686523,0.2216493785381317,0.12326388888888873,0.12572017312049866,0.20010920010919975
186,0.1412462294101715,-0.006382637191563845,0.00680917501449585,0.7740769386291504,0.14328046143054962,0.21440972222222188,0.12609919905662537,0.20437482937482931
187,0.15516436100006104,-0.007049213629215956,0.007294058799743652,0.7763340473175049,0.1566956341266632,0.07986111111111083,0.12152799963951111,0.20215670215670167
188,0.1598765254020691,-0.006003584712743759,0.006487250328063965,0.7686551809310913,0.15218687057495117,0.14930555555555558,0.1246090680360794,0.20420420420420415
189,0.15373778343200684,-0.007364217657595873,0.007599771022796631,0.7748917937278748,0.17030146718025208,0.16232638888888873,0.12359322607517242,0.20898170898170865
190,0.14789870381355286,-0.006674992386251688,0.006968557834625244,0.7740353345870972,0.17476561665534973,0.20572916666666663,0.12539710104465485,0.20420420420420415
191,0.13844147324562073,-0.0057721687480807304,0.006920456886291504,0.7762390375137329,0.17083428800106049,0.21440972222222188,0.11959321051836014,0.2016448266448262
192,0.1262478083372116,-0.006730575114488602,0.007116198539733887,0.7766924500465393,0.15451586246490479,0.2751736111111108,0.11921760439872742,0.20386295386295383
193,0.1561148315668106,-0.007055753841996193,0.007575094699859619,0.7726019620895386,0.16423408687114716,0.17100694444444398,0.12854282557964325,0.20599576849576806
194,0.14267544448375702,-0.00618541007861495,0.006742954254150391,0.7724642157554626,0.1561824232339859,0.21006944444444398,0.13068892061710358,0.20369232869232867
195,0.15455631911754608,-0.0069742947816848755,0.00724947452545166,0.7765142321586609,0.17614257335662842,0.21440972222222188,0.12512843310832977,0.204033579033579
196,0.1446741819381714,-0.005892117042094469,0.006727337837219238,0.7755029201507568,0.15028434991836548,0.14062499999999978,0.12769955396652222,0.2016448266448262
197,0.17149119079113007,-0.0066826799884438515,0.007012486457824707,0.7705458998680115,0.13602840900421143,0.12760416666666663,0.12279997766017914,0.2026685776685777
198,0.14719505608081818,-0.006862515117973089,0.007413983345031738,0.7712954878807068,0.18603138625621796,0.14062499999999978,0.1312181055545807,0.2002798252798249
199,0.1342676281929016,-0.005824364721775055,0.0060768723487854,0.7749722003936768,0.11950650066137314,0.3142361111111108,0.12878035008907318,0.19874419874419846
200,0.14545372128486633,-0.006298219319432974,0.006796717643737793,0.7734749913215637,0.14104220271110535,0.17100694444444398,0.12613926827907562,0.19882951132951132
201,0.14820511639118195,-0.0071265180595219135,0.0075111985206604,0.7751150727272034,0.16546444594860077,0.22743055555555558,0.12967097759246826,0.19396669396669397
202,0.15097330510616302,-0.007405538111925125,0.007675468921661377,0.7773159742355347,0.18454012274742126,0.19270833333333293,0.12243728339672089,0.198488260988261
203,0.15147529542446136,-0.0064574116840958595,0.006800949573516846,0.7746644020080566,0.1379244476556778,0.16666666666666663,0.12222357094287872,0.19968263718263712
204,0.14100277423858643,-0.00567218940705061,0.005985260009765625,0.7763267755508423,0.14842252433300018,0.23177083333333293,0.12937487661838531,0.1946491946491946
205,0.14554546773433685,-0.006606075447052717,0.006834805011749268,0.7738921642303467,0.1364680826663971,0.16232638888888873,0.1290058195590973,0.19780576030576036
206,0.1514708250761032,-0.006650369614362717,0.007074415683746338,0.7764308452606201,0.12470186501741409,0.20572916666666663,0.12087302654981613,0.19908544908544878
207,0.15054930746555328,-0.006248267367482185,0.006889402866363525,0.7727494835853577,0.16558361053466797,0.20138888888888873,0.13125252723693848,0.19644075894075852
208,0.15140220522880554,-0.006793535780161619,0.0070664286613464355,0.7749491930007935,0.14631853997707367,0.13628472222222188,0.1295734941959381,0.20096232596232555
209,0.15851052105426788,-0.006695618387311697,0.0069939494132995605,0.7715355157852173,0.20163294672966003,0.12326388888888873,0.12720483541488647,0.1977204477204475
210,0.14578136801719666,-0.006506661884486675,0.006862044334411621,0.7740342020988464,0.19073770940303802,0.21874999999999978,0.12729470431804657,0.19814701064701068
211,0.15375041961669922,-0.006797231268137693,0.007202208042144775,0.776899516582489,0.1704847663640976,0.24913194444444398,0.13125355541706085,0.20173013923013905
212,0.14125722646713257,-0.006823971401900053,0.007022082805633545,0.7735008001327515,0.15168994665145874,0.24479166666666663,0.12453579902648926,0.20087701337701325
213,0.1653253585100174,-0.005610246676951647,0.007185578346252441,0.7760071754455566,0.1673843264579773,0.01041666666666663,0.11922827363014221,0.19968263718263712
214,0.14447623491287231,-0.005316388327628374,0.006869614124298096,0.7781233191490173,0.1401296705007553,0.20138888888888873,0.12744241952896118,0.1946491946491946
215,0.1396637111902237,-0.005978832952678204,0.007323741912841797,0.7769420146942139,0.2150290161371231,0.16666666666666663,0.13265131413936615,0.2015595140595139
216,0.14933577179908752,-0.006092853844165802,0.00645136833190918,0.7733882665634155,0.1347697675228119,0.2578124999999998,0.13415880501270294,0.20463076713076678
217,0.14486955106258392,-0.007509840652346611,0.007710695266723633,0.7770338654518127,0.1886390745639801,0.14062499999999978,0.12950484454631805,0.2007063882063881
218,0.13571703433990479,-0.007308616302907467,0.007490873336791992,0.7804861068725586,0.17749105393886566,0.23611111111111083,0.12211829423904419,0.2001945126945126
219,0.1419984996318817,-0.006236634682863951,0.006763875484466553,0.7743846774101257,0.16566210985183716,0.2578124999999998,0.12210598587989807,0.20258326508326485
220,0.13962538540363312,-0.006343945860862732,0.0065915584564208984,0.7733897566795349,0.1406255066394806,0.19270833333333293,0.12668752670288086,0.20463076713076678
221,0.15709419548511505,-0.005539813078939915,0.006680905818939209,0.7759127020835876,0.22484779357910156,0.20138888888888873,0.13090135157108307,0.19541700791700756
222,0.1394573152065277,-0.006746497470885515,0.00712960958480835,0.7709776759147644,0.10478448867797852,0.19270833333333293,0.13086175918579102,0.2031804531804532
223,0.1449408084154129,-0.006875729653984308,0.007301926612854004,0.7722720503807068,0.1791059374809265,0.13194444444444398,0.1281786859035492,0.20710483210483188
224,0.15534605085849762,-0.005185696296393871,0.007299482822418213,0.7737619280815125,0.20900703966617584,0.20572916666666663,0.13193775713443756,0.20232732732732683
225,0.15307928621768951,-0.005490369163453579,0.007413506507873535,0.7768326997756958,0.21072208881378174,0.11892361111111083,0.13033749163150787,0.2002798252798249
226,0.16076412796974182,-0.0064003076404333115,0.007025301456451416,0.7727779746055603,0.19109982252120972,0.21440972222222188,0.12764130532741547,0.19737919737919718
227,0.1530296951532364,-0.0063545238226652145,0.006636917591094971,0.7751097083091736,0.13036616146564484,0.22309027777777768,0.1277584731578827,0.19661138411138368
228,0.15623973309993744,-0.007262487895786762,0.007461190223693848,0.7757459878921509,0.16609002649784088,0.15798611111111083,0.1263371706008911,0.19294294294294245
229,0.13640788197517395,-0.005558052100241184,0.0063141584396362305,0.7778655886650085,0.10538217425346375,0.21006944444444398,0.13607576489448547,0.1943079443079443
230,0.15142084658145905,-0.00683245062828064,0.0071032047271728516,0.778986394405365,0.2539348900318146,0.14930555555555558,0.12983642518520355,0.19720857220857202
231,0.16023559868335724,-0.006781996693462133,0.007003366947174072,0.7752021551132202,0.1422150582075119,0.14930555555555558,0.13022559881210327,0.19720857220857202
232,0.14854812622070312,-0.005912800319492817,0.006473243236541748,0.7787556648254395,0.11956906318664551,0.13628472222222188,0.1326465606689453,0.19550232050232041
233,0.15813285112380981,-0.006868863478302956,0.007135868072509766,0.7763440012931824,0.14433033764362335,0.2751736111111108,0.1296093463897705,0.20087701337701325
234,0.14574134349822998,-0.007016368210315704,0.007227778434753418,0.7770182490348816,0.16184256970882416,0.19704861111111083,0.13601002097129822,0.19959732459732427
235,0.14216607809066772,-0.005900319200009108,0.006523549556732178,0.7751261591911316,0.1437329351902008,0.24913194444444398,0.13238407671451569,0.19754982254982234
236,0.13867409527301788,-0.007085271179676056,0.007645547389984131,0.777049720287323,0.17702819406986237,0.22743055555555558,0.1338614821434021,0.19985326235326228
237,0.13685664534568787,-0.006105869542807341,0.0068094730377197266,0.7756179571151733,0.14378079771995544,0.31857638888888873,0.13706950843334198,0.20215670215670167
238,0.1493288278579712,-0.006625171285122633,0.007202088832855225,0.7788330316543579,0.24925746023654938,0.19704861111111083,0.13883943855762482,0.20812858312858284
239,0.15803225338459015,-0.006905567832291126,0.007174074649810791,0.7740842700004578,0.15358248353004456,0.14496527777777768,0.14115330576896667,0.20377764127764098
240,0.15868087112903595,-0.0063935983926057816,0.006688416004180908,0.7750221490859985,0.1349889487028122,0.17100694444444398,0.1321837604045868,0.20096232596232555
241,0.13133661448955536,-0.005878571420907974,0.006724178791046143,0.7801650762557983,0.17726504802703857,0.2968749999999998,0.1360868513584137,0.20300982800982803
242,0.15181611478328705,-0.006503918208181858,0.00696641206741333,0.7789477109909058,0.2796475887298584,0.10156249999999978,0.1450299620628357,0.19806169806169782
243,0.1444111317396164,-0.0069053638726472855,0.007420778274536133,0.7785428166389465,0.1783069223165512,0.17534722222222188,0.13977599143981934,0.19328419328419333
244,0.15879325568675995,-0.006453079171478748,0.007231473922729492,0.7826318740844727,0.18866011500358582,0.20572916666666663,0.13633088767528534,0.2024126399126397
245,0.17190931737422943,-0.006593172904103994,0.007027685642242432,0.7791311740875244,0.2467179298400879,0.12326388888888873,0.13982129096984863,0.2031804531804532
246,0.16072341799736023,-0.006073562894016504,0.0067765116691589355,0.775644838809967,0.1819232702255249,0.11892361111111083,0.13585489988327026,0.1994266994266991
247,0.16446377336978912,-0.006650710944086313,0.00697249174118042,0.77762371301651,0.17504936456680298,0.15364583333333293,0.1373913735151291,0.20437482937482931
248,0.14993877708911896,-0.005983355455100536,0.007321476936340332,0.7786234617233276,0.13224273920059204,0.17534722222222188,0.1362549513578415,0.2035217035217035
249,0.14580592513084412,-0.006206229794770479,0.007287025451660156,0.7839542627334595,0.2292131781578064,0.21874999999999978,0.1476183533668518,0.19763513513513464
250,0.13286079466342926,-0.006906565278768539,0.007240891456604004,0.7834632396697998,0.19935084879398346,0.2621527777777777,0.1428247094154358,0.19661138411138368
251,0.15390832722187042,-0.006665822118520737,0.007205069065093994,0.777407705783844,0.16089552640914917,0.19270833333333293,0.1422431766986847,0.19703794703794686
252,0.16585052013397217,-0.006754171568900347,0.0071634650230407715,0.7815898060798645,0.2242618054151535,0.14930555555555558,0.13959002494812012,0.19737919737919718
253,0.13614948093891144,-0.005242255516350269,0.006944179534912109,0.779076099395752,0.13360993564128876,0.22743055555555558,0.14331679046154022,0.19285763035763015
254,0.13845041394233704,-0.006802346091717482,0.007140636444091797,0.7792351841926575,0.163370281457901,0.2664930555555556,0.14604492485523224,0.19797638547638552
255,0.14233089983463287,-0.006990264169871807,0.0072672367095947266,0.7821149826049805,0.21566005051136017,0.2621527777777777,0.15868958830833435,0.19618482118482106
256,0.145833820104599,-0.006341211963444948,0.006776630878448486,0.783157467842102,0.17593997716903687,0.21006944444444398,0.152370885014534,0.20283920283920287
257,0.14945214986801147,-0.007198834791779518,0.007636368274688721,0.7823361158370972,0.18870548903942108,0.17968749999999978,0.14403998851776123,0.2019007644007642
258,0.13755182921886444,-0.006370183080434799,0.007522642612457275,0.7822675704956055,0.15387901663780212,0.24479166666666663,0.1563374549150467,0.19575825825825788
259,0.12858200073242188,-0.006711102090775967,0.007118880748748779,0.7824888229370117,0.13742628693580627,0.3142361111111108,0.15150055289268494,0.1985735735735733
260,0.14911724627017975,-0.006472683511674404,0.006730973720550537,0.785325288772583,0.15398216247558594,0.09722222222222188,0.14658291637897491,0.1977204477204475
261,0.1606491357088089,-0.007110695354640484,0.00736469030380249,0.7812667489051819,0.19120779633522034,0.14930555555555558,0.14394696056842804,0.19627013377013336
262,0.14525963366031647,-0.0069779157638549805,0.007202267646789551,0.782871663570404,0.1887875497341156,0.24479166666666663,0.15133221447467804,0.19362544362544365
263,0.15480808913707733,-0.006332335993647575,0.006965458393096924,0.7831099033355713,0.20757678151130676,0.14930555555555558,0.14960218966007233,0.20010920010919975
264,0.15834082663059235,-0.006886103190481663,0.007345736026763916,0.7773628234863281,0.18427149951457977,0.13194444444444398,0.15144778788089752,0.1943079443079443
265,0.14150118827819824,-0.005874974653124809,0.007077157497406006,0.782270073890686,0.16672727465629578,0.22309027777777768,0.1432252675294876,0.1999385749385746
266,0.1424032598733902,-0.006064188200980425,0.006869137287139893,0.7780682444572449,0.15602362155914307,0.22309027777777768,0.14385761320590973,0.196952634452634
267,0.15734778344631195,-0.006346911657601595,0.007778644561767578,0.7799557447433472,0.21070384979248047,0.15364583333333293,0.15408670902252197,0.19959732459732427
268,0.1585771143436432,-0.005171344615519047,0.007233679294586182,0.781771183013916,0.15476278960704803,0.24913194444444398,0.15033204853534698,0.19669669669669654
269,0.15681444108486176,-0.006042462773621082,0.0066301822662353516,0.7792977690696716,0.20019413530826569,0.15364583333333293,0.15980513393878937,0.19481981981981977
270,0.1555384397506714,-0.006751714274287224,0.007107973098754883,0.7824920415878296,0.1985158622264862,0.21440972222222188,0.15102073550224304,0.20010920010919975
271,0.16054728627204895,-0.006967066787183285,0.007244110107421875,0.7850871682167053,0.19363082945346832,0.10590277777777768,0.14715386927127838,0.19260169260169213
272,0.14487633109092712,-0.006787661928683519,0.007429778575897217,0.7828158140182495,0.16514310240745544,0.2751736111111108,0.1489475965499878,0.19652607152607138
273,0.13958251476287842,-0.007332928013056517,0.007598578929901123,0.7844579815864563,0.20603016018867493,0.24479166666666663,0.15388593077659607,0.1960995085995082
274,0.1560744345188141,-0.0072764563374221325,0.0075814127922058105,0.7805561423301697,0.1920328289270401,0.17534722222222188,0.14854034781455994,0.19456388206388175
275,0.1391492486000061,-0.00665421225130558,0.007195830345153809,0.7884678840637207,0.20353129506111145,0.19704861111111083,0.14974354207515717,0.19925607425607395
276,0.158294215798378,-0.006562955677509308,0.00699007511138916,0.7784717679023743,0.1396777182817459,0.14496527777777768,0.15648041665554047,0.20275389025389
277,0.13242702186107635,-0.006085052154958248,0.007192373275756836,0.7880540490150452,0.20403125882148743,0.2708333333333329,0.14751306176185608,0.20360701610701581
278,0.1369197815656662,-0.004691966809332371,0.006355345249176025,0.7838406562805176,0.14214354753494263,0.2708333333333329,0.1460915058851242,0.20173013923013905
279,0.1397486925125122,-0.007080286741256714,0.007880926132202148,0.7875152230262756,0.16144360601902008,0.22743055555555558,0.1460738480091095,0.19251638001637983
280,0.14690130949020386,-0.006286232732236385,0.0067269206047058105,0.7812148928642273,0.13928119838237762,0.17534722222222188,0.14447692036628723,0.19004231504231472
281,0.1624174565076828,-0.00686914985999465,0.007167220115661621,0.7879294157028198,0.17856465280056,0.17534722222222188,0.14441633224487305,0.20121826371826357
282,0.14868570864200592,-0.006985494866967201,0.0072463154792785645,0.790499746799469,0.18007303774356842,0.19704861111111083,0.1524626761674881,0.20309514059514033
283,0.18048125505447388,-0.005449219606816769,0.007342219352722168,0.7835298180580139,0.217900350689888,-0.0026041666666670737,0.14512899518013,0.20215670215670167
284,0.15609051287174225,-0.0064926547929644585,0.007129967212677002,0.7805050611495972,0.13030675053596497,0.15798611111111083,0.14910723268985748,0.19840294840294814
285,0.14896264672279358,-0.006369768176227808,0.00696563720703125,0.7801227569580078,0.18154636025428772,0.18836805555555558,0.1571779102087021,0.19644075894075852
286,0.149834543466568,-0.00669183349236846,0.007030606269836426,0.7852432131767273,0.18036268651485443,0.21006944444444398,0.14705057442188263,0.1934548184548185
287,0.1532221883535385,-0.006750084459781647,0.007193207740783691,0.7829651832580566,0.19386422634124756,0.22743055555555558,0.14914098381996155,0.1935401310401308
288,0.15000487864017487,-0.007067408878356218,0.008083701133728027,0.7865144610404968,0.15325385332107544,0.18402777777777768,0.14884603023529053,0.19780576030576036
289,0.1699196696281433,-0.0057296790182590485,0.007085025310516357,0.7883724570274353,0.18054281175136566,0.10590277777777768,0.15179111063480377,0.20045045045045007
290,0.15308502316474915,-0.00650768494233489,0.0072231292724609375,0.7872330546379089,0.19488032162189484,0.15798611111111083,0.15204527974128723,0.20300982800982803
291,0.14539645612239838,-0.00638996809720993,0.007150828838348389,0.7900561690330505,0.1757832169532776,0.23611111111111083,0.138869047164917,0.1994266994266991
292,0.15264549851417542,-0.006299189291894436,0.007428228855133057,0.7890158295631409,0.24659724533557892,0.2751736111111108,0.14656011760234833,0.19652607152607138
293,0.15470951795578003,-0.007184942718595266,0.0077072978019714355,0.7887046337127686,0.17685472965240479,0.17968749999999978,0.14071230590343475,0.196952634452634
294,0.15464527904987335,-0.006357132922858,0.006630957126617432,0.7899841070175171,0.18730202317237854,0.18402777777777768,0.15228666365146637,0.19737919737919718
295,0.15500780940055847,-0.0074110920540988445,0.007694840431213379,0.7880368232727051,0.1972111314535141,0.16232638888888873,0.15914024412631989,0.2007063882063881
296,0.15007759630680084,-0.007029186934232712,0.007488548755645752,0.7863481044769287,0.18465308845043182,0.12760416666666663,0.15052083134651184,0.20215670215670167
297,0.14275600016117096,-0.006418898236006498,0.006635069847106934,0.7883654236793518,0.16570070385932922,0.21440972222222188,0.15212777256965637,0.1934548184548185
298,0.1604137122631073,-0.007008684799075127,0.007258117198944092,0.7874871492385864,0.15994465351104736,0.18402777777777768,0.1531498283147812,0.19413731913731913
299,0.15232302248477936,-0.007171181961894035,0.007510542869567871,0.7911762595176697,0.20400674641132355,0.17100694444444398,0.1506773829460144,0.19490513240513208
300,0.16039955615997314,-0.005498661193996668,0.007100582122802734,0.7885788083076477,0.22304654121398926,0.07118055555555558,0.1475818157196045,0.20215670215670167
301,0.14674995839595795,-0.006593481171876192,0.007035553455352783,0.7876269817352295,0.16881683468818665,0.22309027777777768,0.1520574539899826,0.19678200928200884
302,0.14991824328899384,-0.004845191724598408,0.007235109806060791,0.7889384627342224,0.18019834160804749,0.19704861111111083,0.14458581805229187,0.19098075348075338
303,0.16932593286037445,-0.006827105768024921,0.007166862487792969,0.7792875170707703,0.1878712773323059,0.11892361111111083,0.15483194589614868,0.19644075894075852
304,0.1466914564371109,-0.006897164974361658,0.007471263408660889,0.7912613153457642,0.1733272820711136,0.22309027777777768,0.1466200202703476,0.1934548184548185
305,0.1694992333650589,-0.005474132020026445,0.0069353580474853516,0.7885900139808655,0.19617849588394165,0.16232638888888873,0.1546909064054489,0.19618482118482106
306,0.15570026636123657,-0.005964459851384163,0.006869018077850342,0.791725754737854,0.1745002418756485,0.16232638888888873,0.15066470205783844,0.20121826371826357
307,0.15668390691280365,-0.0069318488240242004,0.007418990135192871,0.786156177520752,0.17100931704044342,0.18836805555555558,0.14791913330554962,0.2002798252798249
308,0.15290559828281403,-0.0058398982509970665,0.006614804267883301,0.7956362366676331,0.22898785769939423,0.15798611111111083,0.15362124145030975,0.19669669669669654
309,0.14531496167182922,-0.005627489648759365,0.007497012615203857,0.7994353771209717,0.2111509144306183,0.21874999999999978,0.14464834332466125,0.19447856947856945
310,0.16898418962955475,-0.006383275613188744,0.007265686988830566,0.7931629419326782,0.20516371726989746,0.11892361111111083,0.14980880916118622,0.1934548184548185
311,0.13617923855781555,-0.005891480948776007,0.0069544315338134766,0.7935223579406738,0.1601307988166809,0.24479166666666663,0.15362954139709473,0.19413731913731913
312,0.15178823471069336,-0.0062795523554086685,0.0068926215171813965,0.7889307737350464,0.16578704118728638,0.15364583333333293,0.14930710196495056,0.19089544089544053
313,0.17227503657341003,-0.00690227746963501,0.0071784257888793945,0.7895605564117432,0.23111194372177124,0.11458333333333293,0.14462240040302277,0.19908544908544878
314,0.13897396624088287,-0.006581736728549004,0.007191300392150879,0.7963681817054749,0.166114941239357,0.18836805555555558,0.147377610206604,0.19865888615888616
315,0.16642238199710846,-0.005893787834793329,0.00707399845123291,0.793663501739502,0.18476927280426025,0.09722222222222188,0.14138220250606537,0.18816543816543796
316,0.1530390977859497,-0.0057478658854961395,0.006857931613922119,0.7916867136955261,0.1529054343700409,0.13194444444444398,0.151309996843338,0.1918338793338792
317,0.1703312247991562,-0.006925370544195175,0.007479488849639893,0.7964544892311096,0.1544230431318283,0.14496527777777768,0.1530512273311615,0.19157794157794117
318,0.15267333388328552,-0.006823736242949963,0.007211565971374512,0.800298273563385,0.22406691312789917,0.14930555555555558,0.15092001855373383,0.19004231504231472
319,0.14623717963695526,-0.007837031036615372,0.008309483528137207,0.7944578528404236,0.21561060845851898,0.20138888888888873,0.13851837813854218,0.1887626262626263
320,0.15556678175926208,-0.007413984276354313,0.007656455039978027,0.7922675609588623,0.19860467314720154,0.15798611111111083,0.15035465359687805,0.192687005187005
321,0.1469912976026535,-0.006949785631150007,0.007178127765655518,0.7960673570632935,0.2229040265083313,0.21874999999999978,0.15169379115104675,0.18867731367731344
322,0.165439173579216,-0.00739913759753108,0.007654130458831787,0.7962834239006042,0.22356422245502472,0.17534722222222188,0.14919139444828033,0.19004231504231472
323,0.15127721428871155,-0.006890293210744858,0.007429897785186768,0.7963173389434814,0.19238430261611938,0.12326388888888873,0.14570701122283936,0.18901856401856376
324,0.16017872095108032,-0.005538168363273144,0.0077544450759887695,0.796521008014679,0.346793532371521,0.07986111111111083,0.14555755257606506,0.192687005187005
325,0.15467490255832672,-0.005372939631342888,0.0067067742347717285,0.7959917783737183,0.17250244319438934,0.23611111111111083,0.1442878693342209,0.19891482391482362
326,0.14312012493610382,-0.006453316193073988,0.006859958171844482,0.797802746295929,0.26360246539115906,0.24045138888888873,0.1367638260126114,0.1968673218673217
327,0.15558703243732452,-0.007695329375565052,0.008001327514648438,0.7985786199569702,0.18445426225662231,0.18402777777777768,0.13274931907653809,0.18944512694512694
328,0.17642222344875336,-0.007335754577070475,0.007760107517242432,0.7946338057518005,0.18677319586277008,0.04079861111111083,0.14301851391792297,0.19157794157794117
329,0.15118160843849182,-0.007014376576989889,0.007426857948303223,0.7980531454086304,0.16048528254032135,0.18402777777777768,0.14770257472991943,0.19123669123669085
330,0.16192539036273956,-0.006496211979538202,0.006791114807128906,0.7958996295928955,0.23850254714488983,0.14930555555555558,0.14582432806491852,0.1910660660660657
331,0.1589488387107849,-0.007258093450218439,0.0077013373374938965,0.8023733496665955,0.24727162718772888,0.15798611111111083,0.14098034799098969,0.19260169260169213
332,0.14466162025928497,-0.0073761967942118645,0.007731974124908447,0.7986292839050293,0.17582954466342926,0.19270833333333293,0.14792008697986603,0.19089544089544053
333,0.16051480174064636,-0.007249938324093819,0.007680237293243408,0.8015032410621643,0.17242217063903809,0.08420138888888873,0.14114326238632202,0.19618482118482106
334,0.16626255214214325,-0.006299860775470734,0.007082223892211914,0.801845371723175,0.16533882915973663,0.14496527777777768,0.14783801138401031,0.19618482118482106
335,0.16615332663059235,-0.006314477883279324,0.007662296295166016,0.7989100813865662,0.17767435312271118,0.10590277777777768,0.13883504271507263,0.1934548184548185
336,0.15449844300746918,-0.00653047626838088,0.007657766342163086,0.8014161586761475,0.171871155500412,0.14930555555555558,0.14245620369911194,0.1904688779688779
337,0.1526273787021637,-0.006797377485781908,0.007178902626037598,0.7972428798675537,0.1808578222990036,0.22743055555555558,0.139942467212677,0.18790950040949994
338,0.16753780841827393,-0.006148326210677624,0.006449639797210693,0.7960346937179565,0.16167598962783813,0.10156249999999978,0.14364996552467346,0.19081012831012822
339,0.1716405749320984,-0.006618136540055275,0.007607936859130859,0.7965019345283508,0.20123110711574554,0.10156249999999978,0.14394986629486084,0.19558763308763272
340,0.1459297090768814,-0.006767389364540577,0.007223784923553467,0.7997403144836426,0.15402363240718842,0.16232638888888873,0.14069484174251556,0.19021294021293988
341,0.1452193558216095,-0.006649528164416552,0.00722503662109375,0.8082202076911926,0.20675909519195557,0.21006944444444398,0.15160001814365387,0.191407316407316
342,0.14563225209712982,-0.006909623276442289,0.007398843765258789,0.8090168833732605,0.2053249627351761,0.288194444444444,0.14801625907421112,0.18850668850668828
343,0.15011398494243622,-0.006947189569473267,0.007490992546081543,0.8011836409568787,0.1569955199956894,0.15798611111111083,0.14042721688747406,0.18893325143325146
344,0.1519937813282013,-0.006377535406500101,0.0071190595626831055,0.8022474646568298,0.16120480000972748,0.19704861111111083,0.1375233680009842,0.18953043953043924
345,0.1563272327184677,-0.007248144131153822,0.007580935955047607,0.8023598790168762,0.21004517376422882,0.17968749999999978,0.14076341688632965,0.1879948129948128
346,0.14965111017227173,-0.007321326527744532,0.007584214210510254,0.799815833568573,0.2645925283432007,0.2708333333333329,0.1431628316640854,0.18867731367731344
347,0.1590414047241211,-0.006783673539757729,0.00725942850112915,0.7977958917617798,0.1725304275751114,0.14062499999999978,0.13736096024513245,0.19413731913731913
348,0.1821368932723999,-0.007021822035312653,0.007509708404541016,0.7973870635032654,0.15195199847221375,0.16232638888888873,0.14230382442474365,0.19669669669669654
349,0.16437627375125885,-0.006213558837771416,0.007124960422515869,0.7975634932518005,0.1523880660533905,0.15798611111111083,0.1411919891834259,0.19038356538356505
350,0.1617896407842636,-0.0067781419493258,0.007403552532196045,0.7956132292747498,0.2130168378353119,0.12760416666666663,0.14210963249206543,0.19294294294294245
351,0.16711601614952087,-0.007652985863387585,0.008089840412139893,0.802100658416748,0.19232714176177979,0.17100694444444398,0.1393461972475052,0.18927450177450178
352,0.14828604459762573,-0.006641880609095097,0.007105529308319092,0.7987275123596191,0.14574216306209564,0.22309027777777768,0.1420682817697525,0.19208981708981665
353,0.15345105528831482,-0.006817020010203123,0.007509350776672363,0.7951771020889282,0.15904971957206726,0.15798611111111083,0.13832294940948486,0.1897010647010644
354,0.16598324477672577,-0.007283780723810196,0.007600188255310059,0.8014489412307739,0.24715472757816315,0.14930555555555558,0.1473889946937561,0.18662981162981152
355,0.14543040096759796,-0.006720294710248709,0.006965339183807373,0.8084878325462341,0.18215493857860565,0.15364583333333293,0.14375591278076172,0.18978637728637726
356,0.1664484292268753,-0.006959513295441866,0.00774228572845459,0.802888035774231,0.17879320681095123,0.07986111111111083,0.14119639992713928,0.19089544089544053
357,0.15317128598690033,-0.006756465416401625,0.007308661937713623,0.8029696941375732,0.18597294390201569,0.19704861111111083,0.1378355473279953,0.18748293748293732
358,0.17250268161296844,-0.006955278106033802,0.007451176643371582,0.7969064712524414,0.1703348308801651,0.17968749999999978,0.13977472484111786,0.19592888342888304
359,0.15612749755382538,-0.006466693244874477,0.006982266902923584,0.7993543744087219,0.16970612108707428,0.21006944444444398,0.1437603384256363,0.19661138411138368
360,0.160895437002182,-0.006126261316239834,0.00729602575302124,0.8013702630996704,0.16817259788513184,0.14496527777777768,0.14685136079788208,0.19550232050232041
361,0.15622636675834656,-0.007215580437332392,0.008280813694000244,0.8014883995056152,0.20211161673069,0.14496527777777768,0.14065298438072205,0.19200450450450435
362,0.1549079716205597,-0.006520203780382872,0.007446765899658203,0.7997521758079529,0.16423402726650238,0.23611111111111083,0.1399698257446289,0.19098075348075338
363,0.15866334736347198,-0.006153438240289688,0.007958292961120605,0.8015156388282776,0.15475544333457947,0.24045138888888873,0.14435331523418427,0.18987168987168956
364,0.14164847135543823,-0.006445294711738825,0.007054388523101807,0.80506831407547,0.15691998600959778,0.24913194444444398,0.14566917717456818,0.1943932568932566
365,0.16201640665531158,-0.0070009841583669186,0.0076718926429748535,0.8069254755973816,0.180847629904747,0.14496527777777768,0.14561451971530914,0.1930282555282553
366,0.15920425951480865,-0.006398420315235853,0.006979227066040039,0.8069018125534058,0.21456101536750793,0.10156249999999978,0.1375828981399536,0.2019007644007642
367,0.15568482875823975,-0.006670182570815086,0.007081031799316406,0.8052635788917542,0.23076610267162323,0.23611111111111083,0.13327732682228088,0.19575825825825788
368,0.16117802262306213,-0.006609384901821613,0.0072196125984191895,0.8048457503318787,0.19644932448863983,0.10590277777777768,0.142145574092865,0.1960995085995082
369,0.15352332592010498,-0.007761252112686634,0.00810331106185913,0.8036365509033203,0.15598458051681519,0.19704861111111083,0.14688944816589355,0.20096232596232555
370,0.16242268681526184,-0.006888441741466522,0.007073104381561279,0.802089512348175,0.18575939536094666,0.12760416666666663,0.14752885699272156,0.20360701610701581
371,0.15900202095508575,-0.005894958041608334,0.0075304508209228516,0.8055185675621033,0.15991555154323578,0.11024305555555558,0.143980011343956,0.19473450723450692
372,0.1446457952260971,-0.006554545368999243,0.00717473030090332,0.8091922998428345,0.24217389523983002,0.17534722222222188,0.1398419737815857,0.19319888069888047
373,0.15679141879081726,-0.007047818507999182,0.007823467254638672,0.8104470372200012,0.15640059113502502,0.20138888888888873,0.14238327741622925,0.19174856674856633
374,0.14402134716510773,-0.006724664941430092,0.007037520408630371,0.8117854595184326,0.1367819458246231,0.23177083333333293,0.14341005682945251,0.19098075348075338
375,0.1647331267595291,-0.006277026608586311,0.007083892822265625,0.8027223944664001,0.2605135440826416,0.14062499999999978,0.14449045062065125,0.19490513240513208
376,0.16306526958942413,-0.007448569405823946,0.007988393306732178,0.8087426424026489,0.24186496436595917,0.07118055555555558,0.15092453360557556,0.19490513240513208
377,0.15351465344429016,-0.006422937382012606,0.007118165493011475,0.8067007660865784,0.15176139771938324,0.24045138888888873,0.14440259337425232,0.1960995085995082
378,0.15846160054206848,-0.006636124104261398,0.007020056247711182,0.803195595741272,0.14272715151309967,0.19270833333333293,0.138213649392128,0.1943932568932566
379,0.15645729005336761,-0.007376488298177719,0.007731020450592041,0.800693690776825,0.1942148208618164,0.14062499999999978,0.14214447140693665,0.19319888069888047
380,0.14953474700450897,-0.005905541125684977,0.007729053497314453,0.8070349097251892,0.21637359261512756,0.20138888888888873,0.14577455818653107,0.1930282555282553
381,0.17622852325439453,-0.0009383750148117542,0.007472336292266846,0.8014169335365295,0.16505149006843567,0.18836805555555558,0.14800028502941132,0.19294294294294245
382,0.17922088503837585,0.5611345767974854,0.0013881325721740723,0.9382490515708923,0.1738879233598709,0.18402777777777768,0.14624829590320587,0.20147420147420103
383,0.4029063880443573,0.01902678608894348,-7.05718994140625e-05,1.8531402349472046,0.2569732666015625,0.15798611111111083,0.19160707294940948,0.19840294840294814
384,0.44601720571517944,0.03916729614138603,9.971857070922852e-05,2.5526819229125977,0.28953224420547485,0.12760416666666663,0.19442065060138702,0.2116263991263989
385,0.5099455118179321,0.003505264176055789,0.00013118982315063477,2.7843949794769287,0.249461829662323,0.14062499999999978,0.19226272404193878,0.2066782691782687
386,0.5437768697738647,0.0023299334570765495,0.0006561279296875,2.8137013912200928,0.2249390035867691,0.21440972222222188,0.196769580245018,0.20719014469014474
387,0.5387918949127197,0.000790803343988955,0.0008726119995117188,2.901496410369873,0.21203668415546417,0.15364583333333293,0.1953706592321396,0.20608108108108092
388,0.5054231286048889,0.00019421486649662256,0.0010437369346618652,2.9993114471435547,0.3410128057003021,0.2968749999999998,0.19608280062675476,0.20539858039858028
389,0.5823142528533936,0.00015560747124254704,0.0010876059532165527,2.900620460510254,0.24178707599639893,0.12760416666666663,0.19674086570739746,0.204033579033579
390,0.5897235870361328,-0.00045021699042990804,0.0012183785438537598,2.9214725494384766,0.2645634412765503,0.17100694444444398,0.19653700292110443,0.20480139230139194
391,0.5380536317825317,-0.0007463055662810802,0.0012607574462890625,2.9976420402526855,0.2873308062553406,0.14062499999999978,0.19230787456035614,0.20522795522795512
392,0.4952884614467621,-0.0009018094278872013,0.0014576315879821777,3.0272605419158936,0.19906431436538696,0.2534722222222219,0.1935737133026123,0.20446014196014162
393,0.5562267899513245,-0.0008231108658947051,0.00155562162399292,2.9701437950134277,0.3009090721607208,0.15364583333333293,0.19412972033023834,0.20505733005732996
394,0.5788140892982483,-0.0006145796505734324,0.0018384456634521484,2.9494192600250244,0.26570942997932434,0.12760416666666663,0.19221371412277222,0.204033579033579
395,0.4975632429122925,-0.0011055831564590335,0.0017393827438354492,3.0531835556030273,0.19349545240402222,0.3012152777777777,0.19141265749931335,0.20522795522795512
396,0.53375643491745,-0.0016284564044326544,0.002198636531829834,2.9547736644744873,0.2072487622499466,0.23611111111111083,0.19194196164608002,0.20548389298389258
397,0.5729464292526245,-0.0014229679945856333,0.0019864439964294434,2.9725592136383057,0.3037741184234619,0.14062499999999978,0.19377905130386353,0.20556920556920544
398,0.5674492120742798,-0.0017772791907191277,0.0023020505905151367,2.9282398223876953,0.24859564006328583,0.14930555555555558,0.19099825620651245,0.20505733005732996
399,0.5744388699531555,-0.0015529780648648739,0.002126753330230713,2.952444553375244,0.22388175129890442,0.17968749999999978,0.19209301471710205,0.2066782691782687
