,loss_g,loss_d,train_wd,train_ce_d,train_mse,train_acc,test_mse,test_acc
0,0.025989355519413948,8.428852081298828,-7.149577140808105e-05,9.0206880569458,0.1997721642255783,0.21874999999999978,0.15757396817207336,0.18918918918918892
1,0.026587961241602898,7.745820999145508,9.579956531524658e-05,8.836250305175781,0.18869245052337646,0.15798611111111083,0.16263142228126526,0.19968263718263712
2,0.026546252891421318,6.961149215698242,0.0002766326069831848,9.1770658493042,0.17600229382514954,0.22309027777777768,0.16138780117034912,0.18927450177450178
3,0.02709222584962845,5.857684135437012,0.00013686716556549072,9.064051628112793,0.2060743272304535,0.21006944444444398,0.1628895252943039,0.18918918918918892
4,0.02696830965578556,4.365184783935547,0.00017486512660980225,8.993412971496582,0.23292423784732819,0.17100694444444398,0.1675345003604889,0.19038356538356505
5,0.0261196568608284,3.010073661804199,-0.00034217536449432373,9.056970596313477,0.1644999384880066,0.24913194444444398,0.17494399845600128,0.18611793611793603
6,0.02663584239780903,2.5976064205169678,-1.5601515769958496e-05,8.99435806274414,0.1672188937664032,0.19270833333333293,0.16861635446548462,0.17809855309855294
7,0.026470640674233437,2.343029260635376,7.921457290649414e-05,9.268034934997559,0.232403963804245,0.18402777777777768,0.17299339175224304,0.17937824187824192
8,0.026884574443101883,2.2505407333374023,5.9485435485839844e-05,8.9216947555542,0.19059063494205475,0.10156249999999978,0.1716260015964508,0.1680316680316679
9,0.026618709787726402,2.026693105697632,-8.597970008850098e-05,9.127141952514648,0.16801734268665314,0.17100694444444398,0.17283093929290771,0.16530166530166535
10,0.026281679049134254,2.1601133346557617,-0.0007299631834030151,9.299894332885742,0.45747044682502747,0.15798611111111083,0.17849071323871613,0.16171853671853642
11,0.026325928047299385,1.8484817743301392,-6.350874900817871e-05,9.418703079223633,0.23626573383808136,0.20572916666666663,0.17771092057228088,0.15950040950040933
12,0.02619524672627449,1.6567493677139282,-0.0007510334253311157,9.23289966583252,0.2497568428516388,0.13628472222222188,0.17761527001857758,0.15310196560196554
13,0.026051530614495277,1.6883902549743652,-0.0007639527320861816,8.8292818069458,0.19017083942890167,0.08854166666666663,0.17268413305282593,0.15369915369915332
14,0.02625289373099804,1.215636968612671,-0.00035596638917922974,9.220487594604492,0.21160785853862762,0.18836805555555558,0.17697840929031372,0.15028665028665011
15,0.02685290202498436,1.1803210973739624,-0.001044638454914093,9.101634979248047,0.21135011315345764,0.17100694444444398,0.17569828033447266,0.14764196014195985
16,0.026635361835360527,1.0451611280441284,-0.00025691837072372437,9.336305618286133,0.23352965712547302,0.14496527777777768,0.17240752279758453,0.14567977067977023
17,0.025376010686159134,1.2119133472442627,-0.000874057412147522,8.928592681884766,0.2117658406496048,0.18836805555555558,0.16853067278862,0.14644758394758373
18,0.02624032273888588,0.8677913546562195,-0.0008838102221488953,8.949951171875,0.14005428552627563,0.14496527777777768,0.17056185007095337,0.14516789516789474
19,0.02623176947236061,0.6847379207611084,-0.0007641911506652832,9.495932579040527,0.19899828732013702,0.19270833333333293,0.17130595445632935,0.1444000819000818
20,0.026516009122133255,0.5002833604812622,-0.0012926310300827026,9.001559257507324,0.22306086122989655,0.07118055555555558,0.16889554262161255,0.14346164346164314
21,0.02615169994533062,0.47160661220550537,-0.0005291923880577087,9.025568962097168,0.16158200800418854,0.15364583333333293,0.17227736115455627,0.14201132951132955
22,0.02607225626707077,0.541537880897522,-0.0016488805413246155,8.972941398620605,0.21341808140277863,0.12326388888888873,0.16970466077327728,0.1402197652197651
23,0.026424990966916084,0.37713783979415894,-0.001256503164768219,8.89378833770752,0.21384142339229584,0.15798611111111083,0.17091356217861176,0.1385988260988258
24,0.025916850194334984,0.2828940153121948,-0.0005648210644721985,9.042448997497559,0.16789232194423676,0.16666666666666663,0.17275044322013855,0.14081695331695288
25,0.02608267404139042,0.2440720796585083,-0.0005214139819145203,8.801384925842285,0.2259475439786911,0.08420138888888873,0.17039848864078522,0.13987851487851477
26,0.025627942755818367,0.2154112458229065,-0.0007694438099861145,9.081419944763184,0.23273663222789764,0.20138888888888873,0.17091242969036102,0.13766038766038768
27,0.02682691253721714,0.20725956559181213,-0.0008744597434997559,9.358345031738281,0.16797587275505066,0.19270833333333293,0.17411887645721436,0.13757507507507483
28,0.02618282102048397,0.1985969841480255,-0.0015070512890815735,8.828879356384277,0.23239679634571075,0.12760416666666663,0.17155784368515015,0.13757507507507483
29,0.026128459721803665,0.13674351572990417,-0.0008498281240463257,9.054865837097168,0.18287360668182373,0.24045138888888873,0.17444516718387604,0.13629538629538585
30,0.026023877784609795,0.1329256296157837,-0.0007720962166786194,8.922309875488281,0.2071702480316162,0.23177083333333293,0.17716063559055328,0.13450382200382194
31,0.026250146329402924,0.13767364621162415,-0.0006295368075370789,8.96911907196045,0.19046378135681152,0.17968749999999978,0.18079784512519836,0.13450382200382194
32,0.026300104334950447,0.09525998681783676,-0.0007768049836158752,9.279413223266602,0.14193372428417206,0.21874999999999978,0.1877952218055725,0.13629538629538585
33,0.025976378470659256,0.07357059419155121,-0.0005672648549079895,8.875885963439941,0.21369630098342896,0.10156249999999978,0.19766129553318024,0.13680726180726133
34,0.026539891958236694,0.1047283411026001,-0.0005617886781692505,9.11010456085205,0.18177466094493866,0.12326388888888873,0.21155549585819244,0.13544226044226004
35,0.02655911073088646,0.06371597945690155,-0.0005688294768333435,9.18089771270752,0.22777532041072845,0.13628472222222188,0.22809059917926788,0.13825757575757547
36,0.026306239888072014,0.057631541043519974,-0.0006590187549591064,9.155957221984863,0.315123975276947,0.09722222222222188,0.24897639453411102,0.1355275730275729
37,0.025981569662690163,0.06751510500907898,-0.0011447295546531677,8.971087455749512,0.2239486277103424,0.11892361111111083,0.25769418478012085,0.13569819819819806
38,0.02646726183593273,0.05805491656064987,-0.00074758380651474,9.114866256713867,0.19468827545642853,0.17100694444444398,0.26239898800849915,0.13629538629538585
39,0.02589898556470871,0.04363249987363815,-0.0005099251866340637,8.973007202148438,0.34402182698249817,0.11892361111111083,0.2633143365383148,0.13535694785694774
40,0.025791238993406296,0.05279819667339325,-0.0005460754036903381,9.122446060180664,0.22519783675670624,0.13194444444444398,0.26323798298835754,0.13518632268632258
41,0.025815486907958984,0.04040094465017319,-0.0005884841084480286,9.313172340393066,0.26288825273513794,0.11458333333333293,0.26687178015708923,0.13544226044226004
42,0.026067467406392097,0.028456345200538635,-0.0005709081888198853,9.237106323242188,0.3019031286239624,0.17100694444444398,0.2663425803184509,0.13441850941850908
43,0.026118917390704155,0.03406922146677971,-0.00036097317934036255,9.109238624572754,0.32618996500968933,0.14062499999999978,0.2616170346736908,0.13484507234507226
44,0.02582523040473461,0.027523759752511978,-0.0008364841341972351,9.00439453125,0.3436366021633148,0.07118055555555558,0.2711295783519745,0.13339475839475812
45,0.02616097405552864,0.03216671198606491,-0.0006414875388145447,8.826857566833496,0.4159232974052429,0.06684027777777768,0.2695557475090027,0.13510101010100972
46,0.026509277522563934,0.026245107874274254,-0.0007559806108474731,9.066408157348633,0.3671630918979645,0.05815972222222188,0.27722927927970886,0.13373600873600844
47,0.026142386719584465,0.029352260753512383,-0.0005299150943756104,9.044509887695312,0.29664233326911926,0.12760416666666663,0.28936126828193665,0.13510101010100972
48,0.026277482509613037,0.026884010061621666,-0.0009147599339485168,8.729987144470215,0.2628352642059326,0.16666666666666663,0.30071771144866943,0.13544226044226004
49,0.025553232058882713,0.020111387595534325,-0.0005576089024543762,9.119455337524414,0.42889493703842163,0.19270833333333293,0.3056366443634033,0.13501569751569742
50,0.026209235191345215,0.024114908650517464,-0.000655733048915863,8.91784954071045,0.3050887882709503,0.17534722222222188,0.3168502748012543,0.13450382200382194
51,0.026369459927082062,0.017663078382611275,-0.0006153210997581482,9.178115844726562,0.4578574299812317,0.12760416666666663,0.31874290108680725,0.13330944580944581
52,0.026002585887908936,0.01616099290549755,-0.0007315203547477722,9.053153991699219,0.3651673197746277,0.15364583333333293,0.3249254524707794,0.1346744471744471
53,0.02604132890701294,0.02161804400384426,-0.0006043240427970886,9.268170356750488,0.4573472738265991,0.14062499999999978,0.3235972821712494,0.13433319683319678
54,0.025695208460092545,0.01744968444108963,-0.0008179843425750732,9.117744445800781,0.35098934173583984,0.17534722222222188,0.3273511528968811,0.13407725907725876
55,0.026251262053847313,0.01738954335451126,-0.000437907874584198,9.038520812988281,0.4840487241744995,0.11458333333333293,0.3226715326309204,0.13339475839475812
56,0.026194924488663673,0.018547743558883667,-0.0007334128022193909,9.163298606872559,0.428384929895401,0.18402777777777768,0.32955461740493774,0.1330535080535078
57,0.026494363322854042,0.01413920521736145,-0.0004323720932006836,8.992542266845703,0.41955456137657166,0.17100694444444398,0.32760462164878845,0.1329681954681955
58,0.026043813675642014,0.014424610882997513,-0.0003729388117790222,9.159317970275879,0.49255773425102234,0.09722222222222188,0.3277501165866852,0.1346744471744471
59,0.02623176760971546,0.0118650421500206,-0.0005584433674812317,9.179789543151855,0.37167108058929443,0.14062499999999978,0.3322976529598236,0.1330535080535078
60,0.0262139979749918,0.015008245594799519,-0.00034702569246292114,8.986516952514648,0.44166454672813416,0.14062499999999978,0.32761168479919434,0.13348007098007098
61,0.02597045712172985,0.012685989961028099,-0.0005921795964241028,8.834495544433594,0.6457195281982422,0.10156249999999978,0.32982969284057617,0.13373600873600844
62,0.026114651933312416,0.00927846971899271,-0.0003435090184211731,8.912592887878418,0.39367982745170593,0.12760416666666663,0.3309871256351471,0.13407725907725876
63,0.02665661834180355,0.012161102145910263,-0.00045032799243927,8.695140838623047,0.3621875047683716,0.02777777777777768,0.3271854817867279,0.13441850941850908
64,0.026084961369633675,0.010120254941284657,-0.0005246475338935852,9.176986694335938,0.3289894759654999,0.12760416666666663,0.3328583836555481,0.13322413322413296
65,0.02621912583708763,0.013992581516504288,9.034574031829834e-05,9.0206298828125,0.35527822375297546,0.11892361111111083,0.329459011554718,0.13254163254163231
66,0.026410946622490883,0.0065444461070001125,-0.0006318539381027222,8.802545547485352,0.4292796552181244,0.13628472222222188,0.33402106165885925,0.13279757029757033
67,0.026691656559705734,0.010479522868990898,-0.00038892775774002075,9.39660930633545,0.4471670985221863,0.22743055555555558,0.32872849702835083,0.13262694512694517
68,0.026660244911909103,0.006798500195145607,-0.00032401084899902344,9.160974502563477,0.34301283955574036,0.10590277777777768,0.32710883021354675,0.13211506961506914
69,0.026246046647429466,0.007236155681312084,-0.00016599148511886597,9.340145111083984,0.32605603337287903,0.16666666666666663,0.3333178758621216,0.13151788151788135
70,0.026142753660678864,0.008333601988852024,-0.00033263862133026123,9.083626747131348,0.3533494472503662,0.19704861111111083,0.33269959688186646,0.13151788151788135
71,0.02621186524629593,0.008782541379332542,-0.0001876428723335266,8.896875381469727,0.39313453435897827,0.11458333333333293,0.3326420783996582,0.13015288015288007
72,0.026094762608408928,0.00907445140182972,-0.000278376042842865,8.885152816772461,0.37133482098579407,0.11458333333333293,0.3347473442554474,0.12810537810537814
73,0.026825925335288048,0.007432388607412577,-0.00023218244314193726,8.959571838378906,0.6142054200172424,0.16666666666666663,0.33040955662727356,0.12682568932568916
74,0.02642138861119747,0.006317971274256706,-0.00023441016674041748,9.049931526184082,0.37763187289237976,0.18402777777777768,0.33145180344581604,0.12435162435162406
75,0.026374682784080505,0.009277258068323135,-0.000380493700504303,9.441376686096191,0.4122399091720581,0.14930555555555558,0.33633288741111755,0.12162162162162149
76,0.026383936405181885,0.006241097114980221,-0.00030757486820220947,8.842768669128418,0.5425960421562195,0.08854166666666663,0.3355216085910797,0.12008599508599505
77,0.026012422516942024,0.007715086452662945,-0.0003386959433555603,9.215057373046875,0.5281891226768494,0.12760416666666663,0.33425623178482056,0.11633224133224096
78,0.026412006467580795,0.00978177972137928,-0.00040002912282943726,9.239055633544922,0.5486806035041809,0.18836805555555558,0.3379838168621063,0.11343161343161323
79,0.026195332407951355,0.0063783153891563416,-0.0003223717212677002,9.027137756347656,0.631479799747467,0.036458333333332926,0.33527684211730957,0.11146942396942361
80,0.02639091946184635,0.005505995824933052,-3.939121961593628e-05,8.798990249633789,0.539264440536499,0.09722222222222188,0.335056871175766,0.10549754299754299
81,0.02620071731507778,0.006453926209360361,-0.0002812594175338745,8.778401374816895,0.32225075364112854,0.04079861111111083,0.33471447229385376,0.09961097461097412
82,0.02655969373881817,0.007394948974251747,3.0517578125e-05,9.278841972351074,0.3829153776168823,0.14062499999999978,0.3353783190250397,0.09253003003002969
83,0.025915149599313736,0.008154613897204399,-0.00029540807008743286,9.14497184753418,0.3220277428627014,0.17100694444444398,0.3409503102302551,0.08724064974064971
84,0.026206137612462044,0.004893300589174032,-0.00015400350093841553,9.100717544555664,0.4806801974773407,0.07986111111111083,0.33927983045578003,0.08425470925470913
85,0.026408422738313675,0.004844620358198881,-5.020946264266968e-05,9.075458526611328,0.4115711748600006,0.06249999999999978,0.3383992910385132,0.08254845754845752
86,0.025943884626030922,0.009019521996378899,-0.00014520436525344849,9.186321258544922,0.4301411807537079,0.06684027777777768,0.34151625633239746,0.08101283101283052
87,0.026364579796791077,0.00535176694393158,-0.00010006129741668701,9.021875381469727,0.4833219349384308,0.07118055555555558,0.3422870635986328,0.08101283101283052
88,0.025948550552129745,0.0054386574774980545,-0.0002761632204055786,8.894298553466797,0.423984557390213,0.09288194444444398,0.33922913670539856,0.08186595686595688
89,0.026163605973124504,0.007034830749034882,-0.0003336668014526367,9.423818588256836,0.4121484160423279,0.08854166666666663,0.34192243218421936,0.08186595686595688
90,0.026157740503549576,0.005573722999542952,-0.00020205974578857422,9.046066284179688,0.41101205348968506,0.06684027777777768,0.34015384316444397,0.07956251706251694
91,0.02626205049455166,0.007960706949234009,-8.079409599304199e-05,8.91471004486084,0.3916623294353485,0.09288194444444398,0.3443581163883209,0.08033033033032988
92,0.026425743475556374,0.004926337860524654,-0.00021197646856307983,9.292513847351074,0.31630146503448486,0.19704861111111083,0.3383866548538208,0.07870939120939113
93,0.02632497437298298,0.004481157287955284,1.3530254364013672e-05,8.847969055175781,0.4114929139614105,0.023437499999999778,0.34301164746284485,0.07922126672126661
94,0.026787320151925087,0.0062480708584189415,-0.0003401041030883789,9.200220108032227,0.46007364988327026,0.08420138888888873,0.3411999046802521,0.07939189189189177
95,0.026313509792089462,0.004839584231376648,-0.00022389739751815796,8.916450500488281,0.37932175397872925,0.07986111111111083,0.3365890085697174,0.08109814359814338
96,0.026078078895807266,0.006577123887836933,-0.0002338513731956482,8.859994888305664,0.35690516233444214,0.0060763888888887285,0.3398575186729431,0.07964782964782924
97,0.02651900425553322,0.006384990178048611,-0.00014390796422958374,8.741032600402832,0.4872562885284424,0.08420138888888873,0.34329909086227417,0.0788800163800163
98,0.026111502200365067,0.004677979275584221,-9.429454803466797e-05,9.373100280761719,0.44040390849113464,0.17968749999999978,0.3408871591091156,0.08033033033032988
99,0.026624705642461777,0.006603793241083622,-3.427267074584961e-05,9.024046897888184,0.32064276933670044,0.08420138888888873,0.34337756037712097,0.0798184548184544
100,0.026646189391613007,0.004069624003022909,-0.00033174455165863037,9.162651062011719,0.33624032139778137,0.18836805555555558,0.34187373518943787,0.0797331422331421
101,0.026091689243912697,0.003595762886106968,-0.0003926679491996765,8.760693550109863,0.34606003761291504,0.02777777777777768,0.34129393100738525,0.08024501774501758
102,0.02656121551990509,0.0035826449748128653,-5.53131103515625e-05,9.253974914550781,0.3508235812187195,0.11458333333333293,0.3452252447605133,0.0797331422331421
103,0.026084065437316895,0.003943483345210552,-6.713718175888062e-05,8.609599113464355,0.4244627058506012,0.06249999999999978,0.3436373174190521,0.0814393939393937
104,0.02701932191848755,0.004469326697289944,-0.0002697110176086426,9.167162895202637,0.46102795004844666,0.11024305555555558,0.34387311339378357,0.08169533169533172
105,0.026069974526762962,0.00328690093010664,-7.350742816925049e-05,9.145732879638672,0.3615390360355377,0.16232638888888873,0.34429773688316345,0.08126876876876854
106,0.026260342448949814,0.004324289038777351,-6.663799285888672e-05,8.935911178588867,0.3988282084465027,0.053819444444443976,0.3440634310245514,0.08178064428064402
107,0.026367586106061935,0.0030667195096611977,7.145106792449951e-06,9.199541091918945,0.42135754227638245,0.09288194444444398,0.3487994074821472,0.08365752115752079
108,0.026648204773664474,0.002956929849460721,-9.930133819580078e-05,9.425046920776367,0.36980825662612915,0.07118055555555558,0.35138794779777527,0.08331627081627047
109,0.026626912876963615,0.0030035441741347313,2.1554529666900635e-05,9.232240676879883,0.5370299816131592,0.07118055555555558,0.34861013293266296,0.08468127218127175
110,0.02642439864575863,0.003094347892329097,1.401454210281372e-05,9.19494342803955,0.4281842112541199,0.05815972222222188,0.3465820550918579,0.08416939666939627
111,0.026389652863144875,0.004735701717436314,-0.0001199766993522644,8.908968925476074,0.38054588437080383,0.04947916666666663,0.3517172038555145,0.08587564837564843
112,0.02630123682320118,0.004545867443084717,-2.0481646060943604e-05,9.195570945739746,0.49496743083000183,0.04513888888888873,0.35053855180740356,0.08843502593502583
113,0.026116326451301575,0.0034785657189786434,-0.00010698288679122925,9.36331558227539,0.40544548630714417,0.12326388888888873,0.3472069501876831,0.09167690417690388
114,0.026017043739557266,0.004626704845577478,-0.0002465099096298218,9.115067481994629,0.4304879903793335,0.16232638888888873,0.35143613815307617,0.09329784329784319
115,0.026168078184127808,0.002624365035444498,-8.76113772392273e-05,8.945761680603027,0.3364146053791046,0.11458333333333293,0.34761613607406616,0.09619847119847091
116,0.02557145431637764,0.0034700233954936266,6.518512964248657e-05,8.861766815185547,0.5681076049804688,-0.03298611111111127,0.3413471579551697,0.09730753480753473
117,0.02602231502532959,0.002915985183790326,-0.00019953399896621704,9.09889030456543,0.5677662491798401,-0.00694444444444442,0.33275943994522095,0.10114660114660112
118,0.026474568992853165,0.002585266251116991,-4.991888999938965e-07,8.95821762084961,0.36622053384780884,0.014756944444443976,0.3095349669456482,0.10353535353535337
119,0.026684042066335678,0.002268831245601177,0.00022810697555541992,9.405644416809082,0.4093366861343384,0.19270833333333293,0.2881220877170563,0.10379129129129083
120,0.026592038571834564,0.0030570586677640676,-0.0001240745186805725,9.013723373413086,0.27058619260787964,0.11024305555555558,0.27580946683883667,0.10345004095004051
121,0.02627922222018242,0.003139861160889268,-4.856288433074951e-05,9.064552307128906,0.36150050163269043,0.14930555555555558,0.2726168632507324,0.10507098007097981
122,0.026684438809752464,0.0036375613417476416,-5.3241848945617676e-05,9.11832046508789,0.34509897232055664,0.16666666666666663,0.27052927017211914,0.10353535353535337
123,0.026179779320955276,0.0023681577295064926,-0.00016408413648605347,8.9165620803833,0.2942724823951721,0.10590277777777768,0.2720320224761963,0.10345004095004051
124,0.02622729167342186,0.0027556167915463448,2.0809471607208252e-05,9.23288345336914,0.28010672330856323,0.11458333333333293,0.27004745602607727,0.10310879060879019
125,0.02643427811563015,0.0033171982504427433,-0.0001361072063446045,9.12838363647461,0.38962292671203613,0.014756944444443976,0.26969096064567566,0.10396191646191599
126,0.026379156857728958,0.0026595345698297024,0.00011461228132247925,9.155771255493164,0.31939896941185,0.09288194444444398,0.2717280387878418,0.10404722904722885
127,0.02629246562719345,0.002191978506743908,0.00014659762382507324,9.04140853881836,0.3016015887260437,0.13194444444444398,0.269357293844223,0.1063506688506688
128,0.026011066511273384,0.003236390883103013,-0.0001332312822341919,9.15106201171875,0.2276393175125122,0.19704861111111083,0.2692834138870239,0.10959254709254684
129,0.02668113261461258,0.002834209706634283,-6.019324064254761e-05,8.989958763122559,0.31700268387794495,0.09288194444444398,0.26608335971832275,0.11044567294567265
130,0.026727689430117607,0.0032172787468880415,-0.000197485089302063,8.777470588684082,0.34531813859939575,0.0060763888888887285,0.26508545875549316,0.11735599235599192
131,0.026365457102656364,0.002480919938534498,-5.976855754852295e-05,9.01308536529541,0.3922455310821533,0.12326388888888873,0.2657465934753418,0.1225600600600596
132,0.025900140404701233,0.004638156853616238,2.7336180210113525e-05,9.210500717163086,0.29317620396614075,0.12760416666666663,0.2642437219619751,0.12460756210756208
133,0.02676127478480339,0.00302462512627244,-0.0001226291060447693,9.017731666564941,0.27433040738105774,0.09722222222222188,0.2628997266292572,0.12682568932568916
134,0.02602273039519787,0.0025716712698340416,0.00013961642980575562,8.974038124084473,0.5652919411659241,0.10590277777777768,0.26135963201522827,0.1313472563472562
135,0.026753639802336693,0.002900084713473916,-0.0001556798815727234,9.087841033935547,0.34009385108947754,0.10590277777777768,0.26037928462028503,0.1299822549822549
136,0.026305092498660088,0.0027488272171467543,-0.00015079230070114136,9.132475852966309,0.33796194195747375,0.11458333333333293,0.26070114970207214,0.13177381927381882
137,0.026258939877152443,0.0020203448366373777,9.967386722564697e-05,9.313616752624512,0.35470423102378845,0.14930555555555558,0.2593371570110321,0.13185913185913167
138,0.02592565305531025,0.002745250705629587,-0.0001621544361114502,9.055072784423828,0.2951490879058838,0.15364583333333293,0.2587015926837921,0.132200382200382
139,0.026414966210722923,0.0018980950117111206,-4.887580871582031e-06,9.086601257324219,0.24163657426834106,0.21874999999999978,0.2589063346385956,0.13194444444444398
140,0.026476187631487846,0.0017573668155819178,6.300210952758789e-05,9.167593002319336,0.34268540143966675,0.10590277777777768,0.25938504934310913,0.1322856947856943
141,0.026239270344376564,0.002207214245572686,0.00012969970703125,9.341059684753418,0.2700962424278259,0.13628472222222188,0.2573719322681427,0.13245631995631946
142,0.026635199785232544,0.002195521257817745,-0.00011394917964935303,9.206807136535645,0.3442245423793793,0.17534722222222188,0.25621357560157776,0.13262694512694517
143,0.0262442734092474,0.0028870359528809786,-0.00021770596504211426,9.106308937072754,0.24061807990074158,0.2751736111111108,0.25444164872169495,0.1330535080535078
144,0.0265366043895483,0.0022725029848515987,-7.07283616065979e-05,8.773041725158691,0.31784263253211975,0.08420138888888873,0.2564389407634735,0.1330535080535078
145,0.02644231542944908,0.0014623095048591495,6.279349327087402e-05,9.263801574707031,0.292729914188385,0.11024305555555558,0.2567872107028961,0.13245631995631946
146,0.026127930730581284,0.0025397997815161943,4.470348358154297e-08,9.085602760314941,0.25499749183654785,0.21874999999999978,0.2557410001754761,0.13262694512694517
147,0.026137160137295723,0.00197965232655406,-0.00016132742166519165,9.242445945739746,0.2658233344554901,0.07118055555555558,0.2537330090999603,0.13271225771225748
148,0.0262832622975111,0.0024054909590631723,-2.4124979972839355e-05,9.148811340332031,0.30254247784614563,0.07986111111111083,0.2544655501842499,0.1329681954681955
149,0.026543445885181427,0.002380050253123045,4.7460198402404785e-05,8.7825927734375,0.36427947878837585,0.09722222222222188,0.25578972697257996,0.132200382200382
150,0.026146840304136276,0.0021687059197574854,-8.840113878250122e-05,9.11003589630127,0.3149803578853607,0.14930555555555558,0.25463151931762695,0.13237100737100715
151,0.02642645873129368,0.0023663416504859924,-0.00013984739780426025,9.13122272491455,0.3664368689060211,0.12760416666666663,0.25606584548950195,0.13271225771225748
152,0.026551030576229095,0.0021341447718441486,2.5235116481781006e-05,9.168217658996582,0.264799565076828,0.12760416666666663,0.2541656494140625,0.132200382200382
153,0.02601141296327114,0.00225365674123168,-0.00020746886730194092,8.98080825805664,0.4237060546875,0.15364583333333293,0.2550905644893646,0.13160319410319365
154,0.026592612266540527,0.0022292667999863625,0.0002687200903892517,9.436826705932617,0.26086047291755676,0.16232638888888873,0.2547052502632141,0.13254163254163231
155,0.026517821475863457,0.001858128234744072,1.2516975402832031e-05,9.091391563415527,0.3981216549873352,0.07118055555555558,0.2541944086551666,0.13254163254163231
156,0.02634608931839466,0.001306871185079217,-2.5890767574310303e-05,9.124512672424316,0.433212012052536,0.13628472222222188,0.2550959885120392,0.13211506961506914
157,0.0263530220836401,0.002348897513002157,0.00010234862565994263,9.184625625610352,0.3845662772655487,0.22309027777777768,0.25410354137420654,0.13279757029757033
158,0.026380345225334167,0.0015694072935730219,0.00014211982488632202,9.301383972167969,0.2399412989616394,0.20572916666666663,0.2538764774799347,0.13330944580944581
159,0.02678038738667965,0.0027129489462822676,0.0001284778118133545,8.99760913848877,0.2534884512424469,0.16666666666666663,0.2566135823726654,0.13279757029757033
160,0.026536069810390472,0.002004665322601795,4.053860902786255e-05,9.068199157714844,0.2442372590303421,0.13194444444444398,0.2530432343482971,0.1329681954681955
161,0.026175282895565033,0.001337073976173997,-0.0001047775149345398,9.174272537231445,0.2563398480415344,0.11892361111111083,0.2543129622936249,0.1330535080535078
162,0.026159320026636124,0.001756872981786728,-2.2858381271362305e-05,9.065876960754395,0.383850634098053,0.14496527777777768,0.2530665993690491,0.13245631995631946
163,0.02636893466114998,0.0029118997044861317,-9.676814079284668e-05,9.295209884643555,0.2378368377685547,0.19704861111111083,0.2522619962692261,0.13322413322413296
164,0.02587701380252838,0.002067903056740761,-6.630271673202515e-05,9.228439331054688,0.3692798912525177,0.12326388888888873,0.252152681350708,0.13245631995631946
165,0.026622960343956947,0.0022636926732957363,7.387250661849976e-05,8.908224105834961,0.34806200861930847,0.10590277777777768,0.24861299991607666,0.1329681954681955
166,0.02658684365451336,0.001316727022640407,0.0001302659511566162,9.313152313232422,0.24006366729736328,0.24479166666666663,0.24027568101882935,0.13373600873600844
167,0.026261957362294197,0.0018249080749228597,-2.22623348236084e-05,8.941927909851074,0.29309263825416565,0.09722222222222188,0.23146875202655792,0.13262694512694517
168,0.0261875968426466,0.002031167736276984,-8.424371480941772e-05,8.989696502685547,0.24561163783073425,0.17100694444444398,0.228939488530159,0.13279757029757033
169,0.02590406872332096,0.0019413975533097982,5.427747964859009e-05,9.298556327819824,0.2267880141735077,0.11458333333333293,0.22408416867256165,0.13271225771225748
170,0.026749400421977043,0.002540998160839081,0.00012248754501342773,8.67339038848877,0.23583737015724182,0.07552083333333293,0.2257193624973297,0.1338213213213213
171,0.02601659670472145,0.0015890691429376602,1.1660158634185791e-05,9.131889343261719,0.26998549699783325,0.10590277777777768,0.22439397871494293,0.1330535080535078
172,0.02608497627079487,0.0017347013344988227,4.676729440689087e-05,9.456012725830078,0.23321324586868286,0.16232638888888873,0.2220708280801773,0.13339475839475812
173,0.02624918520450592,0.002095718402415514,1.1727213859558105e-05,8.822943687438965,0.2923040986061096,0.07118055555555558,0.22296613454818726,0.13279757029757033
174,0.025983324274420738,0.0015964875929057598,0.00015544891357421875,8.803638458251953,0.24464406073093414,0.06249999999999978,0.22260744869709015,0.13262694512694517
175,0.026636578142642975,0.001498610945418477,5.798041820526123e-05,8.94566822052002,0.297357976436615,0.10590277777777768,0.21827782690525055,0.13271225771225748
176,0.02639162167906761,0.0011860369704663754,8.476525545120239e-05,9.39540958404541,0.26141008734703064,0.23611111111111083,0.21461062133312225,0.13322413322413296
177,0.026311833411455154,0.000944526051171124,9.953230619430542e-05,9.364526748657227,0.20748770236968994,0.15364583333333293,0.20891056954860687,0.13322413322413296
178,0.025788860395550728,0.0016153675969690084,-1.5795230865478516e-06,9.443331718444824,0.3065640330314636,0.22743055555555558,0.20607982575893402,0.1329681954681955
179,0.02592063695192337,0.0017231726087629795,0.0001933649182319641,9.410520553588867,0.21074937283992767,0.16232638888888873,0.2017854005098343,0.13279757029757033
180,0.02627076394855976,0.0017302107298746705,0.00014244019985198975,8.835834503173828,0.2643038034439087,0.10156249999999978,0.20337072014808655,0.13245631995631946
181,0.026314103975892067,0.002837240928784013,-1.52587890625e-05,8.881311416625977,0.20919643342494965,0.10156249999999978,0.20234905183315277,0.13322413322413296
182,0.02657770738005638,0.0012551095569506288,0.00022883713245391846,9.059630393981934,0.24281570315361023,0.12326388888888873,0.2011643946170807,0.1330535080535078
183,0.026701072230935097,0.0029413187876343727,0.0001037493348121643,8.818553924560547,0.2240944802761078,0.07986111111111083,0.2022816389799118,0.13262694512694517
184,0.02644329145550728,0.0018663478549569845,-3.6135315895080566e-06,8.881538391113281,0.2959333658218384,0.06684027777777768,0.2022152841091156,0.13237100737100715
185,0.026239095255732536,0.0022013774141669273,-5.140900611877441e-07,9.128432273864746,0.18971027433872223,0.16666666666666663,0.20069408416748047,0.13288288288288264
186,0.026513589546084404,0.0014126293826848269,6.000697612762451e-05,9.105627059936523,0.2156910002231598,0.15364583333333293,0.2002873420715332,0.13202975702975683
187,0.026414284482598305,0.001419530250132084,-8.535385131835938e-05,9.163902282714844,0.2253464013338089,0.14496527777777768,0.20022054016590118,0.1330535080535078
188,0.026402199640870094,0.001533913891762495,1.1011958122253418e-05,9.085309982299805,0.490730881690979,0.19704861111111083,0.19989164173603058,0.13288288288288264
189,0.026643868535757065,0.0012243164237588644,0.00012365728616714478,8.966144561767578,0.2413417547941208,0.09722222222222188,0.19911926984786987,0.13288288288288264
190,0.02633059397339821,0.0012660749489441514,-0.0001243874430656433,9.350533485412598,0.21982118487358093,0.19704861111111083,0.20035375654697418,0.13279757029757033
191,0.026446448639035225,0.0014238993171602488,2.9556453227996826e-05,9.140443801879883,0.2459392100572586,0.07986111111111083,0.20114178955554962,0.1322856947856943
192,0.026242133229970932,0.0010545094264671206,0.00014876574277877808,8.762468338012695,0.24596789479255676,0.07552083333333293,0.19959935545921326,0.1330535080535078
193,0.0262313075363636,0.0011115368688479066,0.00015031546354293823,9.403573989868164,0.27757737040519714,0.17968749999999978,0.2004336565732956,0.13313882063882065
194,0.02640429325401783,0.001969620818272233,-7.350742816925049e-05,9.007222175598145,0.15074974298477173,0.21874999999999978,0.20006856322288513,0.13262694512694517
195,0.026244884356856346,0.0013194929342716932,8.130818605422974e-05,9.168848037719727,0.2196573168039322,0.17534722222222188,0.20142875611782074,0.13348007098007098
196,0.026545090600848198,0.0009111393010243773,0.00023058801889419556,8.784099578857422,0.2897306978702545,0.05815972222222188,0.20183800160884857,0.13245631995631946
197,0.026265038177371025,0.0013682846911251545,1.1689960956573486e-05,8.64889144897461,0.27647706866264343,-0.011284722222222321,0.20116254687309265,0.13237100737100715
198,0.026281757280230522,0.0017255835700780153,6.020069122314453e-05,8.845362663269043,0.16461974382400513,0.12760416666666663,0.20360560715198517,0.13279757029757033
199,0.026622449979186058,0.001309772371314466,2.1517276763916016e-05,8.775782585144043,0.2905208170413971,0.07552083333333293,0.20308329164981842,0.13254163254163231
200,0.0260903500020504,0.0016911403508856893,3.7066638469696045e-05,9.026359558105469,0.16557857394218445,0.18836805555555558,0.20301364362239838,0.13245631995631946
201,0.026370301842689514,0.0013946837279945612,7.148832082748413e-05,9.224018096923828,0.27690279483795166,0.17968749999999978,0.20396046340465546,0.13254163254163231
202,0.026165666058659554,0.002286467934027314,8.211284875869751e-05,9.134101867675781,0.17478710412979126,0.15798611111111083,0.2075463831424713,0.13245631995631946
203,0.026069102808833122,0.000930733629502356,3.6522746086120605e-05,8.998751640319824,0.24706125259399414,0.18836805555555558,0.2074713259935379,0.13288288288288264
204,0.025873955339193344,0.0012345872819423676,-1.7896294593811035e-05,8.944165229797363,0.26906803250312805,0.053819444444443976,0.2070663869380951,0.13288288288288264
205,0.0263518076390028,0.0009657037444412708,0.00011539459228515625,8.994892120361328,0.23562394082546234,0.10156249999999978,0.20590026676654816,0.13202975702975683
206,0.02658529207110405,0.00116595474537462,0.0002361088991165161,8.95640754699707,0.2193158119916916,0.11892361111111083,0.20693087577819824,0.13313882063882065
207,0.026429520919919014,0.0009758088272064924,0.00026288628578186035,9.277966499328613,0.24675694108009338,0.22743055555555558,0.20453868806362152,0.13356538356538328
208,0.026579543948173523,0.0010780259035527706,0.00016761571168899536,8.898438453674316,0.20909333229064941,0.04947916666666663,0.20408007502555847,0.1330535080535078
209,0.026472117751836777,0.001825885847210884,7.276982069015503e-05,9.240803718566895,0.2665919363498688,0.13194444444444398,0.20412546396255493,0.13194444444444398
210,0.025924785062670708,0.0008942177519202232,0.00022879242897033691,9.205411911010742,0.21968279778957367,0.17100694444444398,0.20407801866531372,0.13313882063882065
211,0.026748210191726685,0.0009873982053250074,5.717575550079346e-05,9.37170696258545,0.25992560386657715,0.14496527777777768,0.20543339848518372,0.13245631995631946
212,0.026578903198242188,0.0009238155325874686,0.0001245066523551941,9.157600402832031,0.24647550284862518,0.19270833333333293,0.2047034651041031,0.132200382200382
213,0.02641610987484455,0.0009345987346023321,0.00017170608043670654,9.245394706726074,0.20430012047290802,0.10590277777777768,0.2052427977323532,0.1329681954681955
214,0.026298461481928825,0.0012489422224462032,-2.466142177581787e-06,8.86023235321045,0.1970149278640747,0.13628472222222188,0.20348089933395386,0.13211506961506914
215,0.02670999988913536,0.0012337147491052747,-0.00010595470666885376,9.274827003479004,0.254854291677475,0.14496527777777768,0.20298194885253906,0.13185913185913167
216,0.026503073051571846,0.0016659863758832216,0.00020357221364974976,9.258203506469727,0.276785671710968,0.11892361111111083,0.2047787308692932,0.13185913185913167
217,0.026599900797009468,0.0010060733184218407,-9.416043758392334e-05,9.14770221710205,0.24175690114498138,0.18402777777777768,0.20401234924793243,0.13185913185913167
218,0.026720572263002396,0.0014923111302778125,-8.344650268554688e-05,9.206267356872559,0.2011549323797226,0.12326388888888873,0.2051372230052948,0.13194444444444398
219,0.02620592527091503,0.0009294172050431371,9.088963270187378e-05,9.145273208618164,0.21402683854103088,0.15364583333333293,0.20461373031139374,0.13185913185913167
220,0.02640923112630844,0.0011800479842349887,-2.5920569896697998e-05,9.031291961669922,0.25045526027679443,0.18402777777777768,0.2032957375049591,0.13066475566475555
221,0.026513628661632538,0.0014763650251552463,4.9054622650146484e-05,8.771997451782227,0.21627214550971985,0.11892361111111083,0.2026652991771698,0.13126194376194333
222,0.026250435039401054,0.0015555747086182237,6.145983934402466e-05,9.298613548278809,0.23497772216796875,0.22743055555555558,0.20610760152339935,0.13185913185913167
223,0.026424558833241463,0.001116916537284851,0.00011537224054336548,9.1093168258667,0.26548251509666443,0.15364583333333293,0.20446763932704926,0.13211506961506914
224,0.026630502194166183,0.0014741274062544107,9.889155626296997e-05,9.152070045471191,0.18776755034923553,0.11892361111111083,0.20557482540607452,0.1313472563472562
225,0.02679865062236786,0.0010985939297825098,0.0001475811004638672,9.331987380981445,0.25166529417037964,0.19270833333333293,0.204238161444664,0.13100600600600587
226,0.026441359892487526,0.0010302697774022818,4.462897777557373e-06,9.344898223876953,0.22431926429271698,0.17100694444444398,0.20500607788562775,0.13177381927381882
227,0.025869349017739296,0.0013593642506748438,8.309632539749146e-05,9.087992668151855,0.21761910617351532,0.20138888888888873,0.2062644064426422,0.13075006825006785
228,0.02608494833111763,0.0012600724585354328,1.245737075805664e-05,9.132638931274414,0.27028992772102356,0.15364583333333293,0.20528417825698853,0.1313472563472562
229,0.02641203999519348,0.001137494808062911,0.00010365992784500122,9.457084655761719,0.1951615959405899,0.22743055555555558,0.20631343126296997,0.130920693420693
230,0.026244666427373886,0.0008800704963505268,0.00011665374040603638,9.144462585449219,0.1885833442211151,0.10590277777777768,0.20699390769004822,0.13066475566475555
231,0.026659192517399788,0.0012565082870423794,-3.103911876678467e-05,9.101717948913574,0.20888225734233856,0.23611111111111083,0.20696687698364258,0.1300675675675672
232,0.02632136456668377,0.0008178836433216929,0.00028346478939056396,8.962601661682129,0.26486822962760925,0.13628472222222188,0.20707711577415466,0.1296410046410046
233,0.026196109130978584,0.0008633739780634642,4.179030656814575e-05,8.970309257507324,0.21635913848876953,0.08420138888888873,0.2070493996143341,0.1291291291291291
234,0.026044491678476334,0.0012514654081314802,3.9480626583099365e-05,9.179903984069824,0.1872839480638504,0.17100694444444398,0.20673997700214386,0.12981162981162975
235,0.026576848700642586,0.0009213858284056187,9.695440530776978e-05,9.121604919433594,0.2054648995399475,0.22743055555555558,0.20710419118404388,0.1282760032760033
236,0.026488082483410835,0.0012188985710963607,9.382516145706177e-05,8.820323944091797,0.2918546199798584,0.08854166666666663,0.20673096179962158,0.12784944034944012
237,0.026605406776070595,0.0010760824661701918,0.00015544146299362183,9.389517784118652,0.31431394815444946,0.09722222222222188,0.20873519778251648,0.1275081900081898
238,0.026572220027446747,0.0010237684473395348,2.2523105144500732e-05,9.115213394165039,0.2844751477241516,0.06684027777777768,0.20854488015174866,0.12477818727818724
239,0.02644456923007965,0.0017193169333040714,-9.033083915710449e-05,8.924275398254395,0.21236200630664825,0.13628472222222188,0.20951621234416962,0.12426631176631175
240,0.026589224115014076,0.0008892507757991552,0.00010321289300918579,8.95613956451416,0.27802902460098267,0.12760416666666663,0.2100805938243866,0.11837974337974289
241,0.026194749400019646,0.001004125108011067,3.633648157119751e-05,9.227048873901367,0.28696390986442566,0.07552083333333293,0.20936962962150574,0.1169294294294293
242,0.026482781395316124,0.0010280951391905546,0.00010669231414794922,9.098023414611816,0.27150997519493103,0.04947916666666663,0.21098692715168,0.11249317499317457
243,0.026451384648680687,0.0010179048404097557,-6.593018770217896e-05,8.896855354309082,0.2894390821456909,0.09722222222222188,0.21260735392570496,0.11172536172536163
244,0.025991423055529594,0.0008117049001157284,0.0001726299524307251,9.22652530670166,0.18029138445854187,0.15798611111111083,0.21538501977920532,0.11257848757848743
245,0.026647156104445457,0.0009811620693653822,8.589774370193481e-05,8.858442306518555,0.2594112157821655,-0.0026041666666670737,0.21554285287857056,0.11078692328692297
246,0.02647162601351738,0.0009294056799262762,8.916854858398438e-05,8.893540382385254,0.28281697630882263,-0.0026041666666670737,0.21706849336624146,0.1096778596778597
247,0.026346566155552864,0.0011017278302460909,-1.905113458633423e-05,8.77153491973877,0.25727832317352295,0.13628472222222188,0.21966521441936493,0.1096778596778597
248,0.02677357941865921,0.0007941280491650105,6.371736526489258e-05,8.861030578613281,0.25196823477745056,0.09288194444444398,0.22271916270256042,0.10993379743379716
249,0.026664290577173233,0.0006844768649898469,6.764382123947144e-05,9.007676124572754,0.25329336524009705,0.12326388888888873,0.21931125223636627,0.11001911001911002
250,0.026722995564341545,0.0006412822986021638,0.00011996924877166748,8.829824447631836,0.17911569774150848,0.12326388888888873,0.22084857523441315,0.10942192192192168
251,0.02631666697561741,0.0008740221965126693,6.818026304244995e-05,9.126411437988281,0.20637573301792145,0.12760416666666663,0.2195027619600296,0.10950723450723454
252,0.02680124156177044,0.00046902004396542907,0.0002483353018760681,9.065317153930664,0.2771291136741638,0.12326388888888873,0.2185351848602295,0.10933660933660938
253,0.02646579034626484,0.0015275358455255628,-7.875263690948486e-06,9.250725746154785,0.31923678517341614,0.04079861111111083,0.21757245063781738,0.11044567294567265
254,0.026574866846203804,0.0012371541233733296,-3.32370400428772e-05,9.08013916015625,0.2804288864135742,0.06684027777777768,0.21797308325767517,0.1089953589953585
255,0.026661725714802742,0.0006502724718302488,0.00027736276388168335,9.209664344787598,0.20755872130393982,0.16232638888888873,0.22041571140289307,0.1089100464100462
256,0.026414040476083755,0.0007640339899808168,0.00014998763799667358,9.209230422973633,0.22193089127540588,0.14062499999999978,0.2183186560869217,0.10916598416598422
257,0.026374058797955513,0.0005933669162914157,0.0001939237117767334,9.213896751403809,0.21214768290519714,0.11892361111111083,0.2193409502506256,0.10925129675129652
258,0.02625637874007225,0.0005704867653548717,0.00013750046491622925,8.96075439453125,0.26425817608833313,0.07118055555555558,0.2197730541229248,0.1080569205569204
259,0.026514632627367973,0.0007166910218074918,0.0002909451723098755,9.008395195007324,0.21758528053760529,0.10156249999999978,0.21844245493412018,0.1089100464100462
260,0.026334812864661217,0.0007401637267321348,0.00013528019189834595,8.984331130981445,0.1942363977432251,0.11024305555555558,0.21848443150520325,0.10959254709254684
261,0.026459572836756706,0.0008076285012066364,5.130469799041748e-05,9.049162864685059,0.25205737352371216,0.11024305555555558,0.21694082021713257,0.11010442260442233
262,0.026079120114445686,0.00086284673307091,0.00019852817058563232,9.018359184265137,0.27830132842063904,0.11024305555555558,0.2168734222650528,0.1096778596778597
263,0.02661757916212082,0.0006561823538504541,0.00011093169450759888,9.26361083984375,0.22359909117221832,0.13194444444444398,0.218499094247818,0.1105309855309855
264,0.026504123583436012,0.0006914583500474691,4.597753286361694e-05,9.021199226379395,0.26574963331222534,0.14930555555555558,0.21537475287914276,0.11018973518973518
265,0.026416828855872154,0.0007153231417760253,0.00028137117624282837,9.208849906921387,0.17929525673389435,0.14930555555555558,0.216739684343338,0.11027504777504749
266,0.02663988061249256,0.0005702563794329762,0.00013493001461029053,9.258474349975586,0.22866563498973846,0.11892361111111083,0.21230962872505188,0.11181067431067393
267,0.026428766548633575,0.0007384666241705418,0.00024289637804031372,9.0894193649292,0.17661550641059875,0.15798611111111083,0.20939484238624573,0.11104286104286099
268,0.026655424386262894,0.000514308805577457,0.00016993284225463867,9.018451690673828,0.24834401905536652,0.05815972222222188,0.2072967290878296,0.11539380289380285
269,0.026307255029678345,0.0008153977105394006,0.00023624300956726074,9.319239616394043,0.24037346243858337,0.17968749999999978,0.2074252963066101,0.11582036582036548
270,0.02612288109958172,0.0005920124240219593,0.00013681501150131226,8.787306785583496,0.3214762806892395,0.019097222222221877,0.20512129366397858,0.12273068523068476
271,0.026685822755098343,0.0009617769392207265,9.22083854675293e-05,9.059839248657227,0.27706506848335266,0.15798611111111083,0.2022295594215393,0.13015288015288007
272,0.026417318731546402,0.00095537950983271,-2.086162567138672e-05,9.101889610290527,0.20139464735984802,0.19704861111111083,0.20027953386306763,0.1389400764400761
273,0.026281459257006645,0.0008225477067753673,-1.0833144187927246e-05,9.019140243530273,0.27549681067466736,0.09288194444444398,0.19837546348571777,0.14149945399945352
274,0.02669040486216545,0.0007626685546711087,6.267428398132324e-05,8.800453186035156,0.25756287574768066,0.16666666666666663,0.19727040827274323,0.14329101829101798
275,0.026140907779335976,0.0011455577332526445,0.00020235031843185425,8.992220878601074,0.24638952314853668,0.14930555555555558,0.19818054139614105,0.1444853944853941
276,0.026513760909438133,0.000645999563857913,0.00014375895261764526,9.147354125976562,0.16725631058216095,0.18836805555555558,0.19622573256492615,0.14474133224133212
277,0.02599804289638996,0.0008905564900487661,0.0002279132604598999,9.074360847473145,0.24248279631137848,0.12326388888888873,0.19672463834285736,0.14474133224133212
278,0.02664780057966709,0.0006739834207110107,0.0001713186502456665,9.106403350830078,0.21787935495376587,0.18402777777777768,0.1944936066865921,0.14397351897351862
279,0.026884591206908226,0.0007484678644686937,7.40736722946167e-05,8.689204216003418,0.20596225559711456,0.11024305555555558,0.19571179151535034,0.1453385203385199
280,0.025940731167793274,0.000395512324757874,0.0003392547369003296,9.216236114501953,0.1949734389781952,0.18836805555555558,0.19559982419013977,0.14499726999726958
281,0.025787662714719772,0.0004689675406552851,0.00017011910676956177,9.264426231384277,0.17465965449810028,0.17100694444444398,0.19601334631443024,0.14414414414414378
282,0.026520617306232452,0.00044425041414797306,0.0001658424735069275,9.125682830810547,0.2281091809272766,0.14496527777777768,0.19595342874526978,0.1444853944853941
283,0.026103047654032707,0.000814137514680624,0.00011893361806869507,9.385272979736328,0.2082374393939972,0.2534722222222219,0.19685930013656616,0.14516789516789474
284,0.025990255177021027,0.0010079212952405214,0.00014419108629226685,9.150297164916992,0.19788683950901031,0.23177083333333293,0.19864881038665771,0.1452532077532076
285,0.026421379297971725,0.0005435425555333495,0.0002125576138496399,9.461329460144043,0.13856416940689087,0.2751736111111108,0.19711600244045258,0.14482664482664442
286,0.026198741048574448,0.00045019452227279544,0.00012610852718353271,9.313798904418945,0.2327008694410324,0.24045138888888873,0.19896553456783295,0.14508258258258244
287,0.02623719349503517,0.00037417601561173797,0.0001472681760787964,9.421993255615234,0.2127486914396286,0.17534722222222188,0.19848117232322693,0.14550914550914507
288,0.02657345123589039,0.0004479692433960736,0.00016180425882339478,8.952980041503906,0.23994244635105133,0.13628472222222188,0.19831684231758118,0.14567977067977023
289,0.026395821943879128,0.00029061082750558853,0.00025575608015060425,9.232433319091797,0.20672282576560974,0.16666666666666663,0.19752812385559082,0.14550914550914507
290,0.0260559543967247,0.0007856571464799345,4.2922794818878174e-05,8.920076370239258,0.2627185881137848,0.08420138888888873,0.19790081679821014,0.14576508326508308
291,0.02636648714542389,0.000526237185113132,0.00022457540035247803,9.152878761291504,0.2238214761018753,0.21006944444444398,0.19818304479122162,0.1466182091182089
292,0.026507796719670296,0.0006608661497011781,7.523596286773682e-05,8.725724220275879,0.25341522693634033,0.12760416666666663,0.19704727828502655,0.14602102102102055
293,0.025935977697372437,0.0005563707672990859,0.000143393874168396,8.79381275177002,0.22436091303825378,0.11458333333333293,0.19856394827365875,0.14602102102102055
294,0.02633608877658844,0.00048659369349479675,0.00012186169624328613,9.443910598754883,0.18990804255008698,0.2578124999999998,0.19497179985046387,0.14550914550914507
295,0.02637655846774578,0.0013736318796873093,3.574788570404053e-05,9.178583145141602,0.13321174681186676,0.16666666666666663,0.19583630561828613,0.1468741468741469
296,0.026288235560059547,0.0005989064229652286,0.00016961246728897095,9.182404518127441,0.21197402477264404,0.10590277777777768,0.19668544828891754,0.1466182091182089
297,0.026325825601816177,0.0005413020844571292,9.221583604812622e-05,9.086784362792969,0.23256902396678925,0.14062499999999978,0.196772500872612,0.1486657111657108
298,0.026083581149578094,0.0006479762960225344,0.00020309537649154663,9.009480476379395,0.2340131402015686,0.12326388888888873,0.1982429325580597,0.15173696423696426
299,0.026927964761853218,0.000859467894770205,0.00011856108903884888,9.165443420410156,0.23855984210968018,0.21440972222222188,0.2033696472644806,0.15395509145509134
300,0.026856565847992897,0.00032738782465457916,0.00018157809972763062,9.062978744506836,0.2179933488368988,0.11892361111111083,0.2073388695716858,0.15446696696696682
301,0.026488900184631348,0.0007213725475594401,0.000346548855304718,8.934154510498047,0.23532891273498535,0.11458333333333293,0.2098829746246338,0.15625853125853129
302,0.02635718695819378,0.0005941455019637942,9.529292583465576e-05,9.242238998413086,0.225944384932518,0.21440972222222188,0.21207484602928162,0.15566134316134295
303,0.0262394230812788,0.00042593025136739016,0.0001643449068069458,9.061299324035645,0.30903759598731995,0.09722222222222188,0.21458463370800018,0.15566134316134295
304,0.02702615037560463,0.00043792318319901824,0.0001515224575996399,9.120816230773926,0.27831271290779114,0.18836805555555558,0.21510368585586548,0.1555760305760301
305,0.026072874665260315,0.00045957061229273677,0.00012162327766418457,9.224637985229492,0.21762849390506744,0.2534722222222219,0.216266930103302,0.15600259350259327
306,0.026378825306892395,0.0010201209224760532,0.00024443864822387695,8.903364181518555,0.23797444999217987,0.06684027777777768,0.217271625995636,0.1555760305760301
307,0.026547729969024658,0.0004652085481211543,0.0002524182200431824,9.197715759277344,0.19718432426452637,0.22309027777777768,0.217945396900177,0.15617321867321843
308,0.026676036417484283,0.0007559406221844256,7.627904415130615e-05,8.980183601379395,0.2286284863948822,0.11892361111111083,0.21702484786510468,0.15591728091728096
309,0.026172373443841934,0.0006494921981357038,0.00016136467456817627,8.905011177062988,0.257746160030365,0.14930555555555558,0.21609078347682953,0.1558319683319681
310,0.02620065212249756,0.00039591436507180333,0.0001927390694618225,8.988286018371582,0.19844365119934082,0.09288194444444398,0.21730202436447144,0.1555760305760301
311,0.026722988113760948,0.00048175128176808357,0.00014041364192962646,9.158424377441406,0.2497531622648239,0.14930555555555558,0.21685202419757843,0.15608790608790613
312,0.02657381445169449,0.00046316179214045405,-5.5752694606781006e-05,9.097715377807617,0.2527104616165161,0.24045138888888873,0.2175787389278412,0.15574665574665525
313,0.02666037157177925,0.00025346619077026844,0.00019193440675735474,9.086193084716797,0.24657656252384186,0.17100694444444398,0.21754740178585052,0.15617321867321843
314,0.02650814689695835,0.0004963978426530957,0.00020273029804229736,9.079524040222168,0.24816082417964935,0.23611111111111083,0.21884192526340485,0.15617321867321843
315,0.026385854929685593,0.000583422021009028,0.00014899671077728271,9.183030128479004,0.23110707104206085,0.16666666666666663,0.216914102435112,0.15574665574665525
316,0.02638114057481289,0.0004192994092591107,0.0002398863434791565,8.937665939331055,0.22385475039482117,0.11892361111111083,0.21705873310565948,0.15591728091728096
317,0.02630627527832985,0.00047144561540335417,0.00013893097639083862,8.974228858947754,0.2674644887447357,0.11458333333333293,0.21782752871513367,0.1555760305760301
318,0.026403352618217468,0.000543158152140677,0.0003180652856826782,8.927227020263672,0.27444988489151,0.16232638888888873,0.21781928837299347,0.15514946764946747
319,0.026424793526530266,0.0005795197212137282,0.00014509260654449463,8.941713333129883,0.2646314203739166,0.21006944444444398,0.2189980149269104,0.1555760305760301
320,0.026658296585083008,0.0006195944733917713,0.000194646418094635,9.138072967529297,0.2309773862361908,0.20138888888888873,0.21781419217586517,0.1555760305760301
321,0.02632313221693039,0.0002086097956635058,0.000305861234664917,8.906431198120117,0.38440266251564026,0.07552083333333293,0.21863381564617157,0.1555760305760301
322,0.026384297758340836,0.0005446523427963257,9.416788816452026e-05,9.457557678222656,0.1898876279592514,0.2708333333333329,0.21715155243873596,0.1563438438438436
323,0.026330716907978058,0.0006953856791369617,0.00014863908290863037,9.230907440185547,0.3093811869621277,0.13194444444444398,0.21805576980113983,0.15617321867321843
324,0.026614096015691757,0.0002229592064395547,0.00024049729108810425,9.259766578674316,0.26182252168655396,0.2534722222222219,0.21903446316719055,0.15574665574665525
325,0.026131832972168922,0.0004032275755889714,0.000272214412689209,8.90446662902832,0.24603784084320068,0.17100694444444398,0.2182968556880951,0.15532009282009263
326,0.0269623976200819,0.00021185365039855242,0.00019044429063796997,8.728031158447266,0.3280997574329376,0.11892361111111083,0.2164154052734375,0.15549071799071779
327,0.026743697002530098,0.0005621633608825505,3.785640001296997e-05,8.935083389282227,0.2514854967594147,0.16666666666666663,0.21739141643047333,0.15617321867321843
328,0.02614300511777401,0.00039063923759385943,0.00013834238052368164,9.354228019714355,0.30704283714294434,0.17968749999999978,0.21867841482162476,0.15617321867321843
329,0.026102939620614052,0.00022543588420376182,0.00025594979524612427,9.300209045410156,0.2575676441192627,0.14930555555555558,0.21684882044792175,0.15617321867321843
330,0.026097264140844345,0.00024785561254248023,0.0002714097499847412,8.881332397460938,0.22225402295589447,0.20572916666666663,0.21781659126281738,0.15617321867321843
331,0.026058049872517586,0.0003785042790696025,0.00017198175191879272,9.184835433959961,0.243941992521286,0.07552083333333293,0.21832159161567688,0.15566134316134295
332,0.026065995916724205,0.0006625750684179366,0.00023642182350158691,9.130202293395996,0.1627160757780075,0.16232638888888873,0.21722975373268127,0.15566134316134295
333,0.02620071917772293,0.0005893211928196251,0.0001723170280456543,9.009963035583496,0.25521209836006165,0.19704861111111083,0.21738199889659882,0.15532009282009263
334,0.026346480473876,0.00041293876711279154,0.00018630921840667725,9.098487854003906,0.3043177127838135,0.18402777777777768,0.21637915074825287,0.15574665574665525
335,0.026523366570472717,0.0004256559768691659,0.00015084445476531982,9.268468856811523,0.3264068365097046,0.12760416666666663,0.21678760647773743,0.1555760305760301
336,0.026228558272123337,0.0004485765239223838,0.00019063800573349,8.912714004516602,0.24809756875038147,0.09288194444444398,0.21874450147151947,0.15591728091728096
337,0.025975743308663368,0.0005269067478366196,0.00021039694547653198,9.23681640625,0.21383528411388397,0.21006944444444398,0.21866942942142487,0.15549071799071779
338,0.02649858221411705,0.00017466224380768836,0.00029561668634414673,8.871041297912598,0.21666963398456573,0.08420138888888873,0.2170386016368866,0.15549071799071779
339,0.026361554861068726,0.0006802478455938399,7.215142250061035e-05,9.040201187133789,0.1762089729309082,0.15364583333333293,0.21917816996574402,0.15591728091728096
340,0.02659439854323864,0.0003370535559952259,0.00017892569303512573,9.257768630981445,0.2831624448299408,0.2664930555555556,0.2206183522939682,0.15566134316134295
341,0.02627820149064064,0.00020598422270268202,0.0003641843795776367,9.290324211120605,0.2620525062084198,0.21440972222222188,0.22099730372428894,0.15625853125853129
342,0.02660202421247959,0.00031195106566883624,0.00017108768224716187,9.131805419921875,0.2937794029712677,0.3012152777777777,0.22069062292575836,0.15566134316134295
343,0.026333749294281006,0.00041913369204849005,0.00019650906324386597,9.02412223815918,0.27648112177848816,0.16666666666666663,0.2226918637752533,0.15566134316134295
344,0.026456193998456,0.00033046031603589654,0.00019741803407669067,9.120084762573242,0.23549501597881317,0.24913194444444398,0.22449076175689697,0.15566134316134295
345,0.02608412131667137,0.0003675381885841489,0.0003001689910888672,9.288080215454102,0.2658612132072449,0.22743055555555558,0.2262210100889206,0.15694103194103193
346,0.026616893708705902,0.00047827366506680846,0.000299207866191864,9.168012619018555,0.3202030062675476,0.16666666666666663,0.22295059263706207,0.15685571935571907
347,0.026915766298770905,0.0003563141799531877,0.00024900585412979126,9.246660232543945,0.3042204678058624,0.21006944444444398,0.22457700967788696,0.15762353262353257
348,0.026127994060516357,0.00033981510205194354,0.0002508983016014099,8.843430519104004,0.2912120521068573,0.08854166666666663,0.22610273957252502,0.15907384657384616
349,0.02612047828733921,0.00031896692235022783,0.00019825249910354614,9.120580673217773,0.26881223917007446,0.2578124999999998,0.22652986645698547,0.15839134589134551
350,0.026401560753583908,0.0003318532253615558,0.00020379573106765747,9.100363731384277,0.2754678726196289,0.18402777777777768,0.22718797624111176,0.15839134589134551
351,0.026541054248809814,0.0005592933157458901,0.00020635873079299927,9.141510963439941,0.4655686020851135,0.19270833333333293,0.22596405446529388,0.15864728364728353
352,0.026304354891180992,0.00060995202511549,0.00019390136003494263,8.956151008605957,0.2392698973417282,0.17534722222222188,0.22637155652046204,0.15873259623259584
353,0.02599342167377472,0.00019754315144382417,0.0002448931336402893,8.909464836120605,0.22686004638671875,0.19270833333333293,0.22433002293109894,0.15873259623259584
354,0.02705436199903488,6.265158299356699e-05,0.0004348158836364746,9.110641479492188,0.23828034102916718,0.17534722222222188,0.22484782338142395,0.15898853398853385
355,0.0263112373650074,0.0013271123170852661,0.00021792948246002197,9.080643653869629,0.26831531524658203,0.12760416666666663,0.2253624051809311,0.15932978432978417
356,0.02665284276008606,0.00023938494268804789,0.00018189102411270142,9.1255521774292,0.250133216381073,0.13628472222222188,0.221592977643013,0.16026822276822228
357,0.026214590296149254,0.00025109160924330354,0.0002724677324295044,9.349180221557617,0.22020426392555237,0.21874999999999978,0.2211676388978958,0.15847665847665837
358,0.026902630925178528,0.00013567303540185094,0.00036404281854629517,8.817752838134766,0.21923944354057312,0.12760416666666663,0.2217468023300171,0.15924447174447132
359,0.02704254724085331,6.583816139027476e-05,0.000360146164894104,8.95795726776123,0.273001492023468,0.11458333333333293,0.22022786736488342,0.15873259623259584
360,0.026289202272892,0.0003653997555375099,0.000196017324924469,9.266172409057617,0.18467895686626434,0.21874999999999978,0.2173355668783188,0.15847665847665837
361,0.026288028806447983,0.00035896594636142254,0.00037176162004470825,8.812299728393555,0.23927941918373108,0.05815972222222188,0.2201668918132782,0.15813540813540805
362,0.026183009147644043,0.00011978764086961746,0.00026720017194747925,9.135876655578613,0.3041166663169861,0.17100694444444398,0.21869124472141266,0.15677040677040677
363,0.026573970913887024,0.00021348046720959246,0.00016701966524124146,9.211153984069824,0.26462751626968384,0.17100694444444398,0.21978522837162018,0.15642915642915645
364,0.026388010010123253,6.566580850630999e-05,0.0003595203161239624,8.708036422729492,0.25368747115135193,0.06684027777777768,0.22005653381347656,0.15139571389571393
365,0.026301931589841843,0.00045775447506457567,0.00015057623386383057,9.062565803527832,0.224674791097641,0.20138888888888873,0.217817023396492,0.15131040131040108
366,0.02659846469759941,0.00024259882047772408,0.00020860880613327026,8.88945484161377,0.3146671950817108,0.03211805555555558,0.21901337802410126,0.1468741468741469
367,0.026716863736510277,0.00019347359193488955,0.00036056339740753174,9.045372009277344,0.3224092125892639,0.19704861111111083,0.21916969120502472,0.14713008463008437
368,0.026456212624907494,0.00019263761350885034,0.00024750828742980957,8.952363014221191,0.2500047981739044,0.13628472222222188,0.21917621791362762,0.1461916461916457
369,0.02653678134083748,0.00017583428416401148,0.0003317221999168396,9.39767074584961,0.2554543614387512,0.20572916666666663,0.22007349133491516,0.1444853944853941
370,0.026330750435590744,0.0003355333465151489,0.00018758326768875122,9.181662559509277,0.21382907032966614,0.17968749999999978,0.21996796131134033,0.1444853944853941
371,0.025694701820611954,0.0013257658574730158,0.00019793957471847534,8.98818588256836,0.28366851806640625,0.14062499999999978,0.22084926068782806,0.14482664482664442
372,0.02583819068968296,0.00043602316873148084,0.00022720545530319214,8.507333755493164,0.33998239040374756,0.10590277777777768,0.21761181950569153,0.14312039312039282
373,0.026548463851213455,0.00014531839406117797,0.00032470375299453735,9.169449806213379,0.2424461841583252,0.13628472222222188,0.219338059425354,0.14371758121758116
374,0.025906328111886978,0.0003165276430081576,0.00011298060417175293,9.11530876159668,0.24066422879695892,0.08854166666666663,0.22061336040496826,0.14320570570570568
375,0.02622205950319767,0.00026692578103393316,0.00021379441022872925,8.993539810180664,0.309250146150589,0.14930555555555558,0.21956996619701385,0.14380289380289346
376,0.026096828281879425,0.0005547386826947331,0.00015535205602645874,8.752148628234863,0.3508564233779907,0.06249999999999978,0.2192516326904297,0.14337633087633084
377,0.026085322722792625,0.0005791818839497864,0.000203058123588562,9.024229049682617,0.2808612883090973,0.12326388888888873,0.21809738874435425,0.14388820638820632
378,0.02647145465016365,0.00030495604733005166,0.0002905502915382385,9.087946891784668,0.2616117298603058,0.17100694444444398,0.21992628276348114,0.14371758121758116
379,0.02665167674422264,0.0003685543779283762,0.00020302832126617432,8.874100685119629,0.23300260305404663,0.07986111111111083,0.2179155945777893,0.14294976794976766
380,0.026389067992568016,0.0001431470736861229,0.0002636164426803589,8.823014259338379,0.2824060916900635,0.0017361111111108274,0.21830132603645325,0.14337633087633084
381,0.026219137012958527,0.0002781831135507673,0.00020325183868408203,9.164137840270996,0.2519397437572479,0.21440972222222188,0.2190830558538437,0.14286445536445536
382,0.026032505556941032,0.00012113686534576118,0.00025334209203720093,9.08127498626709,0.2858066260814667,0.15364583333333293,0.21990619599819183,0.14294976794976766
383,0.02636600099503994,6.959750317037106e-05,0.0002422928810119629,8.996482849121094,0.236371248960495,0.15364583333333293,0.21921762824058533,0.14397351897351862
384,0.02614477463066578,0.00028652610490098596,0.00019869208335876465,9.146099090576172,0.33739620447158813,0.22309027777777768,0.21975283324718475,0.14303508053508052
385,0.02658853307366371,0.0002321945212315768,0.00015211105346679688,8.994104385375977,0.26887059211730957,0.14930555555555558,0.21873833239078522,0.14457070707070696
386,0.02644755132496357,0.0004030231502838433,0.00032529234886169434,9.039368629455566,0.28839537501335144,0.13194444444444398,0.22176223993301392,0.1426938301938302
387,0.026737626641988754,0.00021576718427240849,0.0001777932047843933,8.919837951660156,0.25881847739219666,0.15364583333333293,0.22098110616207123,0.14294976794976766
388,0.026584442704916,1.07235973700881e-05,0.00037977099418640137,8.751209259033203,0.29028889536857605,0.0017361111111108274,0.22079585492610931,0.14209664209664186
389,0.026732441037893295,0.00025470019318163395,0.00010533630847930908,8.69820499420166,0.22376999258995056,0.17534722222222188,0.22263050079345703,0.14235257985257987
390,0.026541132479906082,0.00015678483759984374,0.00017801672220230103,8.895524024963379,0.27075430750846863,0.12760416666666663,0.22178462147712708,0.14260851760851734
391,0.026893306523561478,0.0001476895995438099,0.0003041476011276245,9.068093299865723,0.27660080790519714,0.19704861111111083,0.223537877202034,0.14149945399945352
392,0.026851803064346313,0.00016338040586560965,0.00023590028285980225,8.978241920471191,0.23331129550933838,0.23611111111111083,0.22452394664287567,0.14201132951132955
393,0.02635900489985943,0.00022242404520511627,0.0002967715263366699,8.971931457519531,0.25855737924575806,0.13628472222222188,0.22391553223133087,0.1427791427791425
394,0.02639663778245449,0.0003729923046194017,0.00017786026000976562,8.9663667678833,0.19395479559898376,0.09722222222222188,0.22333405911922455,0.14243789243789218
395,0.02624325640499592,9.378590038977563e-05,0.00031553953886032104,9.197340965270996,0.28632113337516785,0.24913194444444398,0.2234281599521637,0.14252320502320504
396,0.02623211219906807,0.0007550012087449431,0.00023193657398223877,8.978631973266602,0.22068139910697937,0.17100694444444398,0.22470492124557495,0.14090226590226573
397,0.026520678773522377,9.10881208255887e-05,0.0004101768136024475,9.207640647888184,0.23427028954029083,0.12760416666666663,0.2219150811433792,0.14346164346164314
398,0.02647406980395317,7.94542720541358e-05,0.00028593093156814575,9.094939231872559,0.28693273663520813,0.11024305555555558,0.2231651395559311,0.14218195468195471
399,0.02593747340142727,0.0003435587859712541,0.0002655982971191406,9.025546073913574,0.2914510667324066,0.15364583333333293,0.22204579412937164,0.14337633087633084
