,loss_g,loss_d,train_wd,train_ce_d,train_mse,train_acc,test_mse,test_acc
0,1.7288744449615479,4.3272576332092285,4.7460198402404785e-05,9.072320938110352,0.23499906063079834,0.21440972222222188,0.16883504390716553,0.2197310947310943
1,1.9263486862182617,0.3994768261909485,-3.471970558166504e-06,8.97891616821289,0.18462108075618744,0.3055555555555556,0.17659904062747955,0.2949767949767945
2,1.61955726146698,0.27143555879592896,-8.715689182281494e-05,8.852656364440918,0.2240973711013794,0.327256944444444,0.1914113312959671,0.3831046956046952
3,1.7306565046310425,0.131358802318573,-0.0004214644432067871,9.099288940429688,0.25906655192375183,0.44010416666666663,0.2052498459815979,0.44273819273819237
4,1.8212860822677612,0.10614752769470215,-0.000568091869354248,9.440966606140137,0.2501460909843445,0.4965277777777777,0.2021554559469223,0.4688438438438436
5,1.7434626817703247,0.09085322916507721,-0.00040856003761291504,9.214428901672363,0.2380446493625641,0.5182291666666666,0.20616945624351501,0.5022010647010644
6,1.7195879220962524,0.11782918870449066,-0.0005589276552200317,9.470885276794434,0.25574153661727905,0.5659722222222219,0.20248350501060486,0.5684036309036306
7,1.6517338752746582,0.09027484804391861,-0.0004874914884567261,8.928226470947266,0.26304301619529724,0.6354166666666666,0.2021884322166443,0.5742048867048866
8,1.7074360847473145,0.08567970991134644,-0.0005177557468414307,9.052043914794922,0.28627216815948486,0.5529513888888887,0.20479685068130493,0.5753992628992627
9,1.5978209972381592,0.09493505954742432,-0.0006067678332328796,8.5281982421875,0.2349364459514618,0.5355902777777777,0.20274773240089417,0.5752286377286375
10,1.7252756357192993,0.1379566341638565,-0.000569567084312439,8.799235343933105,0.27985504269599915,0.5355902777777777,0.20463864505290985,0.575484575484575
11,1.7923527956008911,0.23589259386062622,-0.000418931245803833,8.789034843444824,0.3202858865261078,0.5833333333333329,0.2043362259864807,0.5751433251433247
12,1.7036970853805542,0.20767350494861603,-0.0005241185426712036,8.930862426757812,0.28741759061813354,0.6093749999999998,0.2048851102590561,0.575484575484575
13,1.822548270225525,0.11774683743715286,-0.0005233213305473328,9.119782447814941,0.22562910616397858,0.5963541666666666,0.2067694514989853,0.5749726999726995
14,1.6554102897644043,0.10428201407194138,-0.00030002743005752563,8.92379093170166,0.2739331126213074,0.5355902777777777,0.20481891930103302,0.5753139503139498
15,1.8557522296905518,0.07663705945014954,-0.00016132742166519165,9.036588668823242,0.27797773480415344,0.5399305555555556,0.20295515656471252,0.5753139503139498
16,1.727312445640564,0.09562491625547409,-0.00031163543462753296,9.123729705810547,0.3949336111545563,0.5052083333333329,0.20615389943122864,0.5753992628992627
17,1.5534405708312988,0.04607672989368439,-0.0002123713493347168,9.0770845413208,0.25175103545188904,0.639756944444444,0.20596180856227875,0.5753992628992627
18,1.812220811843872,0.038366854190826416,-0.00010175257921218872,8.825796127319336,0.29735270142555237,0.5833333333333329,0.20359328389167786,0.5751433251433247
19,1.8351143598556519,0.042117416858673096,-6.400793790817261e-05,8.903838157653809,0.2910001873970032,0.5746527777777777,0.20538288354873657,0.575484575484575
20,1.808007001876831,0.03689821809530258,0.00010270625352859497,8.904199600219727,0.20967721939086914,0.4921874999999998,0.2045505940914154,0.575484575484575
21,1.640505313873291,0.03108961135149002,0.00020153820514678955,9.212698936462402,0.3299955427646637,0.5182291666666666,0.20755881071090698,0.5753139503139498
22,1.7725224494934082,0.029247477650642395,0.00010622292757034302,9.092303276062012,0.25336387753486633,0.5355902777777777,0.20460820198059082,0.5755698880698878
23,1.7068414688110352,0.03661608695983887,0.00021298974752426147,9.228265762329102,0.2185756117105484,0.6223958333333329,0.20733140408992767,0.5746314496314492
24,1.662581443786621,0.0286764707416296,0.0002085268497467041,9.371904373168945,0.2846418619155884,0.5529513888888887,0.20687438547611237,0.575484575484575
25,1.7047638893127441,0.036102209240198135,0.00032282620668411255,8.9039945602417,0.29523003101348877,0.5789930555555556,0.2074943482875824,0.5750580125580124
26,1.7085182666778564,0.025781501084566116,0.0003236532211303711,9.049379348754883,0.2530505061149597,0.6050347222222219,0.20466414093971252,0.575484575484575
27,1.791662573814392,0.024387400597333908,0.0003480762243270874,9.258874893188477,0.3000694215297699,0.5312499999999998,0.20706351101398468,0.5753992628992627
28,1.7013404369354248,0.023946590721607208,0.0004266798496246338,8.954828262329102,0.2726409137248993,0.5486111111111108,0.20637263357639313,0.5756552006552007
29,1.6287059783935547,0.02010517567396164,0.00047124922275543213,8.846543312072754,0.2770686149597168,0.4921874999999998,0.20604898035526276,0.5755698880698878
30,1.6094242334365845,0.019401635974645615,0.0005082488059997559,8.847478866577148,0.5052433013916016,0.5095486111111108,0.2079802304506302,0.575484575484575
31,1.6978034973144531,0.02459525689482689,0.0005750358104705811,9.043193817138672,0.26995402574539185,0.5486111111111108,0.20579662919044495,0.575740513240513
32,1.6414345502853394,0.014907337725162506,0.000670112669467926,8.747407913208008,0.23723870515823364,0.5095486111111108,0.20483724772930145,0.5755698880698878
33,1.645011067390442,0.02352639101445675,0.00054159015417099,8.985835075378418,0.2610226571559906,0.6354166666666666,0.20810744166374207,0.5755698880698878
34,1.695378065109253,0.01795586198568344,0.0005913451313972473,8.879030227661133,0.31571120023727417,0.5008680555555556,0.20428211987018585,0.575484575484575
35,1.6159002780914307,0.01612987369298935,0.0005483627319335938,8.974235534667969,0.27569150924682617,0.6050347222222219,0.20096398890018463,0.5753992628992627
36,1.70320463180542,0.015645697712898254,0.0006115660071372986,8.959663391113281,0.26363006234169006,0.5095486111111108,0.20288090407848358,0.5753992628992627
37,1.7687273025512695,0.012614431791007519,0.000672072172164917,8.97745132446289,0.23969420790672302,0.5269097222222219,0.20303374528884888,0.5753992628992627
38,1.7111884355545044,0.01723291166126728,0.0005567818880081177,9.268481254577637,0.23912855982780457,0.5746527777777777,0.2051125317811966,0.575484575484575
39,1.6591863632202148,0.012965734116733074,0.0006105974316596985,9.165377616882324,0.23391380906105042,0.6050347222222219,0.2044125497341156,0.5752286377286375
40,1.7111084461212158,0.00977383740246296,0.0007756352424621582,8.768143653869629,0.37445107102394104,0.5269097222222219,0.20265725255012512,0.5753992628992627
41,1.8261747360229492,0.010710209608078003,0.0007323026657104492,9.28509521484375,0.1905977576971054,0.6831597222222219,0.20200113952159882,0.575484575484575
42,1.8240026235580444,0.015517644584178925,0.0008325129747390747,8.88753890991211,0.3288635313510895,0.5269097222222219,0.20441322028636932,0.5755698880698878
43,1.6540048122406006,0.011317500844597816,0.0008267238736152649,9.17155933380127,0.28064602613449097,0.5095486111111108,0.20309101045131683,0.575740513240513
44,1.761361002922058,0.00937789399176836,0.000829942524433136,8.990035057067871,0.309932142496109,0.6093749999999998,0.20333008468151093,0.5755698880698878
45,1.7167078256607056,0.012297139503061771,0.0007825121283531189,9.132950782775879,0.21778491139411926,0.6223958333333329,0.2003152221441269,0.5753139503139498
46,1.7810471057891846,0.014112114906311035,0.0009362772107124329,8.934832572937012,0.2071625292301178,0.5486111111111108,0.2000862956047058,0.5756552006552007
47,1.7644696235656738,0.010152623057365417,0.0009260177612304688,8.69789981842041,0.33299341797828674,0.5182291666666666,0.1992451399564743,0.575484575484575
48,1.5967789888381958,0.007258383557200432,0.0008603110909461975,8.851302146911621,0.718675971031189,0.5095486111111108,0.20096652209758759,0.575740513240513
49,1.6952781677246094,0.010019910521805286,0.0009796470403671265,8.726142883300781,0.3024466633796692,0.47482638888888873,0.20246100425720215,0.575484575484575
50,1.9683839082717896,0.013470100238919258,0.0008733868598937988,8.960051536560059,0.2696569561958313,0.5486111111111108,0.20118348300457,0.5755698880698878
51,1.4981989860534668,0.008921191096305847,0.00102987140417099,8.574281692504883,0.3323252499103546,0.5486111111111108,0.20226863026618958,0.5753992628992627
52,1.6888577938079834,0.005108986049890518,0.0009080469608306885,9.062362670898438,0.287526398897171,0.5572916666666666,0.2000892609357834,0.575484575484575
53,1.7505755424499512,0.009517412632703781,0.0009494572877883911,8.55840015411377,0.2909337878227234,0.5312499999999998,0.20132729411125183,0.5753992628992627
54,1.7718294858932495,0.008652150630950928,0.0009522214531898499,9.151721000671387,0.2608916461467743,0.5703124999999998,0.19804747402668,0.5756552006552007
55,1.6278539896011353,0.009332244284451008,0.001037590205669403,8.918312072753906,0.3300986588001251,0.5659722222222219,0.20233432948589325,0.5755698880698878
56,1.5927814245224,0.007504887878894806,0.0009815767407417297,9.01894760131836,0.18489615619182587,0.678819444444444,0.1998254507780075,0.5756552006552007
57,1.5800551176071167,0.008750690147280693,0.0011271312832832336,8.86779499053955,0.28211426734924316,0.5703124999999998,0.1988324224948883,0.5755698880698878
58,1.632391333580017,0.005951856262981892,0.001100689172744751,9.085338592529297,0.24677827954292297,0.5312499999999998,0.19898571074008942,0.575484575484575
59,1.7043070793151855,0.00844346173107624,0.0010110661387443542,8.980587005615234,0.28100302815437317,0.5920138888888887,0.20195655524730682,0.5756552006552007
60,1.735813856124878,0.011112142354249954,0.0010779201984405518,8.95427417755127,0.23068532347679138,0.5442708333333329,0.20031452178955078,0.5756552006552007
61,1.793578028678894,0.007915380410850048,0.0010409951210021973,9.186936378479004,0.2556706368923187,0.5963541666666666,0.20138031244277954,0.575484575484575
62,1.5373928546905518,0.005011271685361862,0.0011261627078056335,8.671199798583984,0.2934989631175995,0.561631944444444,0.20108844339847565,0.5755698880698878
63,1.6945067644119263,0.005321708042174578,0.0012498646974563599,9.042179107666016,0.26671072840690613,0.561631944444444,0.19885265827178955,0.5756552006552007
64,1.6833395957946777,0.00651561701670289,0.001116834580898285,9.106815338134766,0.3070932924747467,0.6614583333333329,0.19919778406620026,0.575484575484575
65,1.5304228067398071,0.006217110902070999,0.0012857764959335327,9.091264724731445,0.2337016612291336,0.5963541666666666,0.20027785003185272,0.5755698880698878
66,1.568596363067627,0.008695313706994057,0.0011724233627319336,8.965542793273926,0.29086068272590637,0.5746527777777777,0.2006859928369522,0.5755698880698878
67,1.6088567972183228,0.0036472855135798454,0.0012087523937225342,9.199322700500488,0.26682648062705994,0.5486111111111108,0.19691024720668793,0.575484575484575
68,1.8243261575698853,0.004651910625398159,0.0012351199984550476,8.819619178771973,0.1990329623222351,0.561631944444444,0.20137998461723328,0.5753992628992627
69,1.6609134674072266,0.007558098062872887,0.001223832368850708,8.99111270904541,0.17915862798690796,0.5963541666666666,0.19819821417331696,0.5756552006552007
70,1.6044893264770508,0.004836633335798979,0.0012256577610969543,8.889936447143555,0.3006720244884491,0.5442708333333329,0.20220252871513367,0.5755698880698878
71,1.7364310026168823,0.003662700764834881,0.001151345670223236,9.188909530639648,0.24062097072601318,0.6180555555555556,0.20144684612751007,0.5755698880698878
72,1.5512518882751465,0.00687175989151001,0.001213259994983673,8.873757362365723,0.30521684885025024,0.6440972222222219,0.2006480097770691,0.575484575484575
73,1.7214957475662231,0.0032128412276506424,0.0011275485157966614,9.00722599029541,0.26699844002723694,0.5746527777777777,0.2012924998998642,0.575484575484575
74,1.6693674325942993,0.004892926663160324,0.0011933371424674988,8.899038314819336,0.24023160338401794,0.5876736111111108,0.20079265534877777,0.5755698880698878
75,1.6712340116500854,0.004707463085651398,0.0012334063649177551,9.032242774963379,0.25011205673217773,0.5876736111111108,0.20040839910507202,0.5756552006552007
76,1.857718825340271,0.003613545559346676,0.0011662095785140991,8.900846481323242,0.24932295083999634,0.600694444444444,0.20038416981697083,0.5755698880698878
77,1.5782614946365356,0.009119052439928055,0.0013156905770301819,8.707451820373535,0.20355452597141266,0.5920138888888887,0.20180456340312958,0.5755698880698878
78,1.6866401433944702,0.0032486957497894764,0.0013311803340911865,8.886550903320312,0.37751856446266174,0.5920138888888887,0.19973258674144745,0.5756552006552007
79,1.6642518043518066,0.005003017373383045,0.0012392625212669373,8.909502029418945,0.29003584384918213,0.6093749999999998,0.20000863075256348,0.5756552006552007
80,1.7248347997665405,0.003306062426418066,0.001250438392162323,9.044869422912598,0.15365786850452423,0.6180555555555556,0.19923612475395203,0.5755698880698878
81,1.731684923171997,0.005404223687946796,0.0012776479125022888,8.918237686157227,0.25529739260673523,0.5008680555555556,0.1988031268119812,0.5756552006552007
82,1.6911871433258057,0.005281905643641949,0.0014324188232421875,8.880568504333496,0.29447951912879944,0.522569444444444,0.19782057404518127,0.575484575484575
83,1.7717792987823486,0.004191750194877386,0.001377500593662262,8.756989479064941,0.25824451446533203,0.6050347222222219,0.20221081376075745,0.5756552006552007
84,1.5863901376724243,0.006815370172262192,0.0013435855507850647,9.038358688354492,0.19596464931964874,0.5659722222222219,0.1997050791978836,0.5756552006552007
85,1.639893889427185,0.003025840036571026,0.0013196095824241638,9.240097999572754,0.2455713301897049,0.5833333333333329,0.2037304937839508,0.5756552006552007
86,1.683965802192688,0.004583060275763273,0.0013692528009414673,9.090032577514648,0.3047442138195038,0.5789930555555556,0.20561335980892181,0.5756552006552007
87,1.7104508876800537,0.005338018760085106,0.001520887017250061,9.02176284790039,0.3361496925354004,0.5008680555555556,0.20856593549251556,0.575740513240513
88,1.6879462003707886,0.002871052362024784,0.0013368278741836548,8.869760513305664,0.2271994650363922,0.5355902777777777,0.20723886787891388,0.5756552006552007
89,1.8343875408172607,0.010028654709458351,0.0011191293597221375,9.270041465759277,0.1925765424966812,0.5659722222222219,0.17581117153167725,0.5756552006552007
90,1.6209673881530762,0.0029035997577011585,0.0013705193996429443,8.899106979370117,0.23067325353622437,0.561631944444444,0.17336617410182953,0.5755698880698878
91,1.653580904006958,0.005996853578835726,0.0012734904885292053,8.814929008483887,0.2137421816587448,0.5659722222222219,0.17366217076778412,0.5755698880698878
92,1.7246898412704468,0.008616362698376179,0.0011915266513824463,9.114413261413574,0.20333801209926605,0.5659722222222219,0.1745283305644989,0.5755698880698878
93,1.6474825143814087,0.004084051586687565,0.0012657120823860168,8.918132781982422,0.1887618899345398,0.5312499999999998,0.1808430403470993,0.5755698880698878
94,1.5557136535644531,0.004099252633750439,0.0014114007353782654,8.669194221496582,0.27216044068336487,0.5833333333333329,0.18138745427131653,0.5751433251433247
95,1.4922629594802856,0.007085101678967476,0.0013228356838226318,8.914361953735352,0.20355898141860962,0.6310763888888887,0.1777612268924713,0.5753992628992627
96,1.7906429767608643,0.003798727411776781,0.0013669952750205994,9.011433601379395,0.21106302738189697,0.5703124999999998,0.18257734179496765,0.5753992628992627
97,1.7483516931533813,0.0035172784700989723,0.0014182478189468384,8.822528839111328,0.196569561958313,0.5529513888888887,0.18104510009288788,0.5755698880698878
98,1.7629547119140625,0.003363187424838543,0.0014785602688789368,8.71153450012207,0.25906842947006226,0.5442708333333329,0.1804220825433731,0.5756552006552007
99,1.7905348539352417,0.0035553909838199615,0.001339942216873169,9.131230354309082,0.2190275490283966,0.5789930555555556,0.17903514206409454,0.5755698880698878
100,1.6687705516815186,0.004556277766823769,0.0013001039624214172,9.218339920043945,0.1709548830986023,0.6527777777777777,0.1751026064157486,0.575484575484575
101,1.6532500982284546,0.002547723241150379,0.0014640390872955322,8.7197265625,0.21022339165210724,0.5529513888888887,0.17571154236793518,0.5755698880698878
102,1.6949611902236938,0.004026838578283787,0.0015755817294120789,8.716761589050293,0.18854312598705292,0.600694444444444,0.17550265789031982,0.5755698880698878
103,1.6454696655273438,0.0068155257031321526,0.0016006678342819214,9.025336265563965,0.25956180691719055,0.5312499999999998,0.17907419800758362,0.5753992628992627
104,1.7199536561965942,0.004781861323863268,0.0015195086598396301,9.176495552062988,0.20686829090118408,0.5920138888888887,0.17730240523815155,0.5755698880698878
105,1.6279487609863281,0.004270805511623621,0.0015305280685424805,9.147222518920898,0.2008594125509262,0.6874999999999998,0.17664986848831177,0.5756552006552007
106,1.7585837841033936,0.006501864641904831,0.0015169531106948853,9.233506202697754,0.18872776627540588,0.5442708333333329,0.177887961268425,0.5755698880698878
107,1.7666573524475098,0.004002025816589594,0.0015964731574058533,8.87856674194336,0.1669217050075531,0.5703124999999998,0.17512290179729462,0.5755698880698878
108,1.6695144176483154,0.009448006749153137,0.0016174465417861938,8.934109687805176,0.2043193280696869,0.5963541666666666,0.1759006828069687,0.5756552006552007
109,1.670249104499817,0.00767676904797554,0.0017730295658111572,9.04235553741455,0.27583906054496765,0.4878472222222219,0.1729467660188675,0.575484575484575
110,1.7015655040740967,0.007355734705924988,0.0015442222356796265,9.193425178527832,0.18557406961917877,0.5746527777777777,0.1723674088716507,0.5756552006552007
111,1.8227919340133667,0.008147559128701687,0.0016847103834152222,8.743427276611328,0.24596238136291504,0.5095486111111108,0.17391294240951538,0.5755698880698878
112,1.8184819221496582,0.004418591503053904,0.001688830554485321,8.682438850402832,0.1761505901813507,0.4574652777777777,0.17621679604053497,0.5756552006552007
113,1.7088161706924438,0.0041052838787436485,0.0015481561422348022,8.941370010375977,0.18777020275592804,0.6050347222222219,0.17476704716682434,0.575740513240513
114,1.6966620683670044,0.0036367718130350113,0.0016506761312484741,9.12668514251709,0.19493083655834198,0.5833333333333329,0.17495495080947876,0.5756552006552007
115,1.6909165382385254,0.003394953440874815,0.0014924034476280212,9.047418594360352,0.24566330015659332,0.5789930555555556,0.1730555295944214,0.575740513240513
116,1.7237131595611572,0.00463717058300972,0.0015930384397506714,9.10100269317627,0.1666283756494522,0.5746527777777777,0.17361143231391907,0.5755698880698878
117,1.6638609170913696,0.005213627126067877,0.0016118213534355164,8.858610153198242,0.23909293115139008,0.5833333333333329,0.17339782416820526,0.575484575484575
118,1.701331377029419,0.01036507822573185,0.0017202943563461304,8.878067016601562,0.22837285697460175,0.5182291666666666,0.17571383714675903,0.5756552006552007
119,1.6845860481262207,0.0035310774110257626,0.0016011223196983337,9.108253479003906,0.20028196275234222,0.5442708333333329,0.1744650900363922,0.5756552006552007
120,1.7214970588684082,0.008040525950491428,0.0016802847385406494,8.899520874023438,0.18565574288368225,0.5659722222222219,0.17406941950321198,0.5756552006552007
121,1.6427979469299316,0.00401977077126503,0.0017708465456962585,8.810419082641602,0.20723628997802734,0.561631944444444,0.1736290156841278,0.5756552006552007
122,1.5603699684143066,0.009827300906181335,0.0016001313924789429,9.21003532409668,0.17951788008213043,0.5355902777777777,0.17358046770095825,0.5756552006552007
123,1.6902053356170654,0.003602216951549053,0.0016377046704292297,9.25097942352295,0.2400485873222351,0.5703124999999998,0.1771674007177353,0.5753992628992627
124,1.6344234943389893,0.0057549201883375645,0.0016292482614517212,8.861742973327637,0.2566171884536743,0.6180555555555556,0.17462913691997528,0.5756552006552007
125,1.7372426986694336,0.0067022331058979034,0.0015455558896064758,8.967944145202637,0.23688875138759613,0.5442708333333329,0.17225448787212372,0.5756552006552007
126,1.7956609725952148,0.010584944859147072,0.0015812665224075317,9.12352466583252,0.24688856303691864,0.5442708333333329,0.16821478307247162,0.5755698880698878
127,1.7763187885284424,0.0040048519149422646,0.0017340704798698425,8.69211196899414,0.2204284518957138,0.522569444444444,0.16634026169776917,0.575484575484575
128,1.6101797819137573,0.005030925385653973,0.0017896518111228943,8.797462463378906,0.2816784381866455,0.5572916666666666,0.17215757071971893,0.5755698880698878
129,1.541613221168518,0.004158990457653999,0.0016771778464317322,8.742841720581055,0.20658382773399353,0.5659722222222219,0.17577163875102997,0.5755698880698878
130,1.703714370727539,0.004059426486492157,0.001651763916015625,9.040085792541504,0.22147409617900848,0.5138888888888887,0.18074747920036316,0.575484575484575
131,1.696056842803955,0.011066429316997528,0.0016533657908439636,8.914985656738281,0.19684143364429474,0.6267361111111108,0.18913394212722778,0.575484575484575
132,1.5996330976486206,0.009196635335683823,0.0017232745885849,8.950947761535645,0.17831991612911224,0.5399305555555556,0.18922781944274902,0.575484575484575
133,1.7547261714935303,0.007742555812001228,0.001769334077835083,9.246450424194336,0.22973984479904175,0.5182291666666666,0.183493509888649,0.5755698880698878
134,1.6765520572662354,0.003446502611041069,0.0017604604363441467,9.10946273803711,0.2122786045074463,0.5138888888888887,0.1847972422838211,0.5756552006552007
135,1.8416917324066162,0.005501014180481434,0.001759268343448639,9.382888793945312,0.2594999074935913,0.600694444444444,0.18412914872169495,0.5755698880698878
136,1.8388848304748535,0.004702901467680931,0.0019403472542762756,8.705366134643555,0.20422036945819855,0.5442708333333329,0.18576373159885406,0.5756552006552007
137,1.7134078741073608,0.0044977786019444466,0.001761697232723236,8.998861312866211,0.23092256486415863,0.5746527777777777,0.183720663189888,0.5756552006552007
138,1.70011305809021,0.007814174517989159,0.001863047480583191,8.762104988098145,0.24681174755096436,0.5355902777777777,0.18402215838432312,0.5755698880698878
139,1.8596558570861816,0.005031845532357693,0.0018226802349090576,9.623278617858887,0.21024936437606812,0.6310763888888887,0.18508781492710114,0.575484575484575
140,1.6181553602218628,0.001858946867287159,0.0017800778150558472,8.953933715820312,0.18640366196632385,0.5963541666666666,0.18156440556049347,0.5756552006552007
141,1.8153434991836548,0.0034743724390864372,0.0019849389791488647,8.709362030029297,0.22156496345996857,0.5008680555555556,0.17081689834594727,0.5753992628992627
142,1.7433103322982788,0.004431372042745352,0.0017369240522384644,9.287261009216309,0.1956702172756195,0.6050347222222219,0.16341038048267365,0.5753139503139498
143,1.5880215167999268,0.004528233781456947,0.0017596781253814697,9.018121719360352,0.1782456934452057,0.5572916666666666,0.1602109968662262,0.5753992628992627
144,1.7007665634155273,0.003919902257621288,0.0019304603338241577,8.765414237976074,0.2889222204685211,0.5529513888888887,0.16161958873271942,0.5752286377286375
145,1.7440530061721802,0.0033201505430042744,0.0019617825746536255,9.264886856079102,0.18816667795181274,0.5789930555555556,0.15527068078517914,0.5756552006552007
146,1.662336826324463,0.0032531125470995903,0.00216694176197052,8.801766395568848,0.1815350502729416,0.5399305555555556,0.1359582394361496,0.5755698880698878
147,1.6352543830871582,0.005014860071241856,0.0018414855003356934,9.020615577697754,0.16270942986011505,0.5138888888888887,0.12771885097026825,0.5756552006552007
148,1.6202342510223389,0.002062003593891859,0.0018607378005981445,9.112737655639648,0.1597035676240921,0.5529513888888887,0.1243724673986435,0.5756552006552007
149,1.706580400466919,0.0040291836485266685,0.001927495002746582,9.012435913085938,0.15010422468185425,0.5920138888888887,0.12652142345905304,0.5755698880698878
150,1.7241536378860474,0.008452494628727436,0.002018466591835022,8.669157028198242,0.21748517453670502,0.522569444444444,0.1268686056137085,0.5756552006552007
151,1.772006869316101,0.003481656778603792,0.0018348172307014465,9.027863502502441,0.20229274034500122,0.5312499999999998,0.12456393986940384,0.5756552006552007
152,1.775453805923462,0.00398746645078063,0.0019349977374076843,9.152809143066406,0.14043894410133362,0.5659722222222219,0.12417589128017426,0.5756552006552007
153,1.7073609828948975,0.002667037770152092,0.001883178949356079,9.112874031066895,0.17773200571537018,0.5833333333333329,0.12722449004650116,0.5756552006552007
154,1.643276572227478,0.002669893205165863,0.0017606765031814575,9.386621475219727,0.17089004814624786,0.6180555555555556,0.12577204406261444,0.5756552006552007
155,1.7174437046051025,0.0037073069252073765,0.0018653497099876404,9.230224609375,0.1742202341556549,0.5182291666666666,0.1237318143248558,0.5756552006552007
156,1.7690603733062744,0.003632989712059498,0.0018153339624404907,9.155861854553223,0.145472452044487,0.5399305555555556,0.1265764981508255,0.5756552006552007
157,1.7813600301742554,0.0046126386150717735,0.0019401386380195618,8.644224166870117,0.17452748119831085,0.5529513888888887,0.12568120658397675,0.5755698880698878
158,1.777071237564087,0.005470245610922575,0.0018121451139450073,8.945145606994629,0.16300463676452637,0.6657986111111108,0.1278275102376938,0.5756552006552007
159,1.8086601495742798,0.0024829073809087276,0.0019080638885498047,8.980329513549805,0.18312408030033112,0.5703124999999998,0.12500521540641785,0.5756552006552007
160,1.8366652727127075,0.0036325426772236824,0.0018820315599441528,9.01666259765625,0.18944644927978516,0.5659722222222219,0.12594613432884216,0.5756552006552007
161,1.797184705734253,0.006652642972767353,0.0018680095672607422,8.901544570922852,0.14630982279777527,0.5052083333333329,0.1275511234998703,0.5756552006552007
162,1.875825047492981,0.0028384323231875896,0.001947648823261261,9.085831642150879,0.17312893271446228,0.5486111111111108,0.128189355134964,0.5756552006552007
163,1.5998808145523071,0.003298490308225155,0.0019011348485946655,8.90442180633545,0.2063247412443161,0.5312499999999998,0.12480788677930832,0.5756552006552007
164,1.5757105350494385,0.009907238185405731,0.002031952142715454,8.735321044921875,0.24568480253219604,0.5312499999999998,0.1252395510673523,0.5756552006552007
165,1.5976402759552002,0.0030178772285580635,0.0018325895071029663,9.018540382385254,0.19815531373023987,0.600694444444444,0.12659117579460144,0.5756552006552007
166,1.669571042060852,0.00673174113035202,0.0020313262939453125,8.858190536499023,0.18214324116706848,0.600694444444444,0.12931819260120392,0.5755698880698878
167,1.6183578968048096,0.004185394383966923,0.001966707408428192,9.153412818908691,0.17573152482509613,0.6050347222222219,0.1258915662765503,0.5756552006552007
168,1.7516709566116333,0.003551071509718895,0.0018891096115112305,9.159013748168945,0.14080868661403656,0.6440972222222219,0.12500832974910736,0.5756552006552007
169,1.628778100013733,0.00316062243655324,0.0020809099078178406,8.940362930297852,0.18450291454792023,0.5399305555555556,0.12523014843463898,0.5756552006552007
170,1.6576483249664307,0.004201725125312805,0.0019912198185920715,9.20630168914795,0.16399745643138885,0.483506944444444,0.1260300725698471,0.5756552006552007
171,1.7650352716445923,0.010878389701247215,0.0021413788199424744,8.747587203979492,0.18727169930934906,0.5529513888888887,0.12501701712608337,0.5756552006552007
172,1.8401151895523071,0.005949361249804497,0.002109222114086151,8.858237266540527,0.1735488325357437,0.5312499999999998,0.12678615748882294,0.5756552006552007
173,1.7290122509002686,0.005615681409835815,0.002083003520965576,8.867478370666504,0.14833351969718933,0.6267361111111108,0.1252259612083435,0.5756552006552007
174,1.624281406402588,0.0029836399480700493,0.002144843339920044,9.14902114868164,0.20206019282341003,0.5182291666666666,0.1260768324136734,0.5756552006552007
175,1.6299619674682617,0.003207535482943058,0.0021023452281951904,8.98797607421875,0.15125544369220734,0.639756944444444,0.12498801946640015,0.575740513240513
176,1.7183382511138916,0.0022083953954279423,0.002143584191799164,9.014349937438965,0.18966974318027496,0.5355902777777777,0.12476994842290878,0.5756552006552007
177,1.6893949508666992,0.006355319172143936,0.001981198787689209,9.36667251586914,0.14601704478263855,0.5269097222222219,0.1240486279129982,0.5756552006552007
178,1.7289354801177979,0.0018361276015639305,0.0022240206599235535,8.97314739227295,0.20009581744670868,0.5963541666666666,0.12735769152641296,0.5756552006552007
179,1.6339960098266602,0.00319012813270092,0.002148240804672241,9.218912124633789,0.17082466185092926,0.5920138888888887,0.12634024024009705,0.5756552006552007
180,1.6351325511932373,0.0013881432823836803,0.0022556185722351074,8.801405906677246,0.16293437778949738,0.6354166666666666,0.12580536305904388,0.5755698880698878
181,1.7914830446243286,0.005601220764219761,0.002053268253803253,9.091776847839355,0.12602880597114563,0.5659722222222219,0.12526512145996094,0.5756552006552007
182,1.7136133909225464,0.005779733881354332,0.0021292120218276978,9.016448020935059,0.138854518532753,0.5746527777777777,0.12603230774402618,0.5756552006552007
183,1.766840934753418,0.0017069631721824408,0.002100333571434021,9.111061096191406,0.17336061596870422,0.5442708333333329,0.12533949315547943,0.5756552006552007
184,1.6256057024002075,0.004493714310228825,0.0020864158868789673,8.875329971313477,0.12592101097106934,0.6223958333333329,0.12589587271213531,0.5756552006552007
185,1.7545948028564453,0.002475924789905548,0.0020818710327148438,8.84910774230957,0.1586911976337433,0.6267361111111108,0.12393101304769516,0.5756552006552007
186,1.8836398124694824,0.0022566234692931175,0.0019255951046943665,9.450093269348145,0.17639312148094177,0.5746527777777777,0.12423709779977798,0.5755698880698878
187,1.5834906101226807,0.006261767819523811,0.0022164732217788696,8.922721862792969,0.1581987738609314,0.5486111111111108,0.125541090965271,0.5756552006552007
188,1.6792495250701904,0.006384138949215412,0.002173207700252533,8.797272682189941,0.11825037002563477,0.6223958333333329,0.12721340358257294,0.5756552006552007
189,1.7341946363449097,0.00566471740603447,0.002122640609741211,8.864025115966797,0.16647720336914062,0.5963541666666666,0.12605687975883484,0.5756552006552007
190,1.623263955116272,0.00328558636829257,0.0021766647696495056,8.79299259185791,0.15531833469867706,0.5355902777777777,0.12711293995380402,0.5755698880698878
191,1.7357265949249268,0.004835347179323435,0.002205975353717804,8.87333869934082,0.17795290052890778,0.561631944444444,0.1273331493139267,0.5756552006552007
192,1.6437195539474487,0.0034891022369265556,0.0022179409861564636,8.83328628540039,0.14001378417015076,0.6050347222222219,0.1239723190665245,0.5756552006552007
193,1.6136417388916016,0.00813367124646902,0.0023592188954353333,9.044660568237305,0.19164782762527466,0.5920138888888887,0.12727579474449158,0.5756552006552007
194,1.8753372430801392,0.002333487384021282,0.002426356077194214,8.943815231323242,0.12694300711154938,0.5052083333333329,0.12576191127300262,0.5756552006552007
195,1.7212448120117188,0.004600849002599716,0.0021865665912628174,8.909290313720703,0.16091987490653992,0.5876736111111108,0.12605123221874237,0.5756552006552007
196,1.7136822938919067,0.003548341803252697,0.002544417977333069,8.825021743774414,0.25479528307914734,0.5963541666666666,0.1252545416355133,0.5756552006552007
197,1.7900855541229248,0.0012629602570086718,0.002223558723926544,9.078520774841309,0.159385085105896,0.6180555555555556,0.12705649435520172,0.5756552006552007
198,1.6325395107269287,0.002602364867925644,0.0023200958967208862,8.995165824890137,0.1610684096813202,0.47482638888888873,0.1275307834148407,0.5756552006552007
199,1.8075937032699585,0.0029879920184612274,0.002255856990814209,9.052223205566406,0.15071886777877808,0.6137152777777777,0.12445951998233795,0.5756552006552007
200,1.7148432731628418,0.0028894315473735332,0.0022561997175216675,8.788308143615723,0.16045960783958435,0.5269097222222219,0.12670095264911652,0.575740513240513
201,1.7469676733016968,0.004685366526246071,0.0021971389651298523,9.116620063781738,0.17093540728092194,0.5876736111111108,0.12439776957035065,0.5756552006552007
202,1.7988344430923462,0.002359353471547365,0.002330206334590912,8.845075607299805,0.1285593956708908,0.6223958333333329,0.12488813698291779,0.5755698880698878
203,1.6845238208770752,0.006498655304312706,0.0022797435522079468,9.255180358886719,0.16181941330432892,0.7048611111111108,0.12741726636886597,0.5756552006552007
204,1.6078263521194458,0.003917953930795193,0.002304770052433014,9.078056335449219,0.248965322971344,0.6137152777777777,0.12668581306934357,0.575740513240513
205,1.5535181760787964,0.001213257433846593,0.0024153441190719604,8.891846656799316,0.13851451873779297,0.5442708333333329,0.12888312339782715,0.5756552006552007
206,1.7247140407562256,0.006531720049679279,0.0023948773741722107,8.720053672790527,0.17955386638641357,0.5269097222222219,0.12555435299873352,0.5756552006552007
207,1.5729385614395142,0.013192510232329369,0.002553023397922516,8.537959098815918,0.1744944006204605,0.5529513888888887,0.1264185607433319,0.5756552006552007
208,1.7023587226867676,0.002736087888479233,0.0025159716606140137,8.83127212524414,0.20846711099147797,0.5703124999999998,0.12569504976272583,0.5756552006552007
209,1.6519626379013062,0.003588670864701271,0.0023860707879066467,8.868694305419922,0.14261825382709503,0.5486111111111108,0.1254083216190338,0.5756552006552007
210,1.7168649435043335,0.0015833275392651558,0.002145625650882721,9.173982620239258,0.1532912254333496,0.600694444444444,0.1255553960800171,0.5756552006552007
211,1.7349797487258911,0.005163110326975584,0.0024464428424835205,9.066365242004395,0.14290091395378113,0.561631944444444,0.12417427450418472,0.5756552006552007
212,1.6462047100067139,0.004561956971883774,0.0025033727288246155,8.948576927185059,0.16545070707798004,0.600694444444444,0.1250596046447754,0.5755698880698878
213,1.6474958658218384,0.006150450557470322,0.002421244978904724,9.148991584777832,0.2073913812637329,0.6137152777777777,0.126176655292511,0.5756552006552007
214,1.7288347482681274,0.002582455985248089,0.0024081245064735413,9.074836730957031,0.2575513422489166,0.5138888888888887,0.1252395659685135,0.5756552006552007
215,1.626933217048645,0.004036072175949812,0.002574138343334198,8.93306827545166,0.25813737511634827,0.5399305555555556,0.1263675093650818,0.5756552006552007
216,1.6721906661987305,0.004559867084026337,0.0022419393062591553,9.184281349182129,0.1458451747894287,0.561631944444444,0.12624502182006836,0.575740513240513
217,1.7839555740356445,0.0025097872130572796,0.0021669045090675354,9.375202178955078,0.12691552937030792,0.6527777777777777,0.12598881125450134,0.5756552006552007
218,1.6975977420806885,0.008035141974687576,0.002553589642047882,9.00588321685791,0.1903950572013855,0.561631944444444,0.12475952506065369,0.5755698880698878
219,1.7223955392837524,0.0026539890095591545,0.002446003258228302,8.909605026245117,0.1418541967868805,0.5399305555555556,0.12415581196546555,0.5756552006552007
220,1.7542985677719116,0.0028471164405345917,0.0025293827056884766,9.046226501464844,0.19242975115776062,0.5703124999999998,0.1250680834054947,0.5756552006552007
221,1.6606038808822632,0.006766598671674728,0.002623334527015686,8.949682235717773,0.1787876933813095,0.5833333333333329,0.12562447786331177,0.5756552006552007
222,1.768835425376892,0.012801140546798706,0.002520047128200531,9.008831024169922,0.1661987006664276,0.47482638888888873,0.1264181137084961,0.5756552006552007
223,1.6963056325912476,0.006322057917714119,0.002543114125728607,9.174676895141602,0.17696523666381836,0.5138888888888887,0.1252482533454895,0.5756552006552007
224,1.6823431253433228,0.0061367228627204895,0.002637438476085663,8.932101249694824,0.16488000750541687,0.6093749999999998,0.1271207630634308,0.5756552006552007
225,1.515628695487976,0.0033039627596735954,0.002515368163585663,8.923354148864746,0.1538115292787552,0.5920138888888887,0.12429150193929672,0.5756552006552007
226,1.6361768245697021,0.005868264473974705,0.0028517916798591614,8.73621940612793,0.16352270543575287,0.5659722222222219,0.12632720172405243,0.5755698880698878
227,1.7114086151123047,0.005778138525784016,0.0027910619974136353,8.888741493225098,0.15966035425662994,0.5572916666666666,0.12634536623954773,0.5756552006552007
228,1.7696422338485718,0.004451926797628403,0.002766534686088562,8.684733390808105,0.17524050176143646,0.5920138888888887,0.1251303255558014,0.5756552006552007
229,1.6604020595550537,0.001753725577145815,0.0026254653930664062,8.987730026245117,0.16203255951404572,0.5182291666666666,0.1255079209804535,0.5756552006552007
230,1.7838935852050781,0.0016999095678329468,0.002805657684803009,8.928504943847656,0.15977594256401062,0.5703124999999998,0.1264314353466034,0.5756552006552007
231,1.7171505689620972,0.012239895761013031,0.00257023423910141,9.262277603149414,0.1473519653081894,0.6267361111111108,0.12801676988601685,0.5756552006552007
232,1.6893635988235474,0.0023502721451222897,0.00253169983625412,9.323183059692383,0.1396101862192154,0.6223958333333329,0.12453819066286087,0.5756552006552007
233,1.7774440050125122,0.0016304496675729752,0.002586081624031067,9.040033340454102,0.11721240729093552,0.5529513888888887,0.12295379489660263,0.5756552006552007
234,1.6282602548599243,0.0023977835662662983,0.002486884593963623,9.096772193908691,0.12426657974720001,0.5963541666666666,0.12597805261611938,0.5755698880698878
235,1.6202678680419922,0.0016139214858412743,0.0029005631804466248,8.671459197998047,0.21748864650726318,0.5052083333333329,0.12492522597312927,0.5756552006552007
236,1.5907648801803589,0.010405988432466984,0.0028252601623535156,8.94726276397705,0.17043070495128632,0.561631944444444,0.12487675994634628,0.5756552006552007
237,1.8326683044433594,0.0036436058580875397,0.00287821888923645,9.055893898010254,0.1948232203722,0.5572916666666666,0.1251225471496582,0.5756552006552007
238,1.6035045385360718,0.0009719000663608313,0.00275537371635437,9.21361255645752,0.18377403914928436,0.5703124999999998,0.12416926771402359,0.5756552006552007
239,1.7791551351547241,0.0012619192712008953,0.0026671215891838074,9.32015323638916,0.12861377000808716,0.678819444444444,0.12389368563890457,0.5755698880698878
240,1.5952179431915283,0.0012194626033306122,0.00282442569732666,9.346891403198242,0.16020478308200836,0.5355902777777777,0.12566231191158295,0.5756552006552007
241,1.6828439235687256,0.0010993911419063807,0.002733379602432251,9.12327766418457,0.1371069997549057,0.5789930555555556,0.12325560301542282,0.5756552006552007
242,1.587323546409607,0.00033073010854423046,0.0026622414588928223,9.142459869384766,0.19993355870246887,0.5920138888888887,0.12040147185325623,0.5756552006552007
243,1.7872340679168701,-0.001292253378778696,0.0030096620321273804,8.945384979248047,0.16334286332130432,0.5399305555555556,0.1232326552271843,0.5756552006552007
244,1.7838631868362427,0.0001454758457839489,0.0032059326767921448,8.929021835327148,0.1791606992483139,0.4921874999999998,0.12456663697957993,0.5756552006552007
245,1.7079094648361206,3.40975821018219e-05,0.0028433725237846375,8.99581241607666,0.14526835083961487,0.5572916666666666,0.12711353600025177,0.5756552006552007
246,1.6420516967773438,0.007216310128569603,0.0028434619307518005,9.335674285888672,0.22290852665901184,0.5399305555555556,0.12523651123046875,0.5755698880698878
247,1.8048615455627441,-0.000588754191994667,0.0033175870776176453,8.94595718383789,0.2934074401855469,0.639756944444444,0.12186555564403534,0.5756552006552007
248,1.6846035718917847,0.007258845493197441,0.0030953213572502136,9.146806716918945,0.1692284643650055,0.639756944444444,0.12182428687810898,0.5756552006552007
249,1.8804810047149658,0.006020955741405487,0.003190077841281891,8.836735725402832,0.1880786120891571,0.5920138888888887,0.12565000355243683,0.5756552006552007
250,1.611747145652771,0.005843493156135082,0.0029719695448875427,8.927897453308105,0.13067221641540527,0.5963541666666666,0.1258314698934555,0.5755698880698878
251,1.7026855945587158,-0.0010955859906971455,0.0033234581351280212,8.78469467163086,0.1653243601322174,0.5182291666666666,0.1255124807357788,0.5755698880698878
252,1.5536963939666748,0.0006756552029401064,0.00322578102350235,8.966711044311523,0.15655644237995148,0.5442708333333329,0.12632445991039276,0.5756552006552007
253,1.8273677825927734,-0.0007194757927209139,0.003127641975879669,9.209087371826172,0.17816750705242157,0.5920138888888887,0.12433791905641556,0.5756552006552007
254,1.7515050172805786,-0.0018325236160308123,0.003335729241371155,9.045737266540527,0.1879396140575409,0.5486111111111108,0.12536601722240448,0.5756552006552007
255,1.9149659872055054,-0.0015079546719789505,0.0036285817623138428,8.70565128326416,0.19116775691509247,0.5095486111111108,0.1250530183315277,0.5756552006552007
256,1.7115020751953125,-0.0013757303822785616,0.0034921690821647644,9.013559341430664,0.14592412114143372,0.600694444444444,0.12614673376083374,0.5756552006552007
257,1.7863796949386597,-0.0018584664212539792,0.0034509599208831787,8.854633331298828,0.16749423742294312,0.5442708333333329,0.1266426146030426,0.5755698880698878
258,1.7318785190582275,-0.001910056103952229,0.0033845603466033936,9.093801498413086,0.16311079263687134,0.5876736111111108,0.12393242865800858,0.5756552006552007
259,1.7954157590866089,-0.0019326390465721488,0.003279753029346466,9.074240684509277,0.14470842480659485,0.5833333333333329,0.1253935694694519,0.5756552006552007
260,1.763749361038208,-0.001992885023355484,0.003431282937526703,8.92004680633545,0.18718872964382172,0.5659722222222219,0.12444150447845459,0.5756552006552007
261,1.7543725967407227,-0.0012902056332677603,0.0036800801753997803,8.940913200378418,0.1596929281949997,0.5008680555555556,0.1238919273018837,0.5756552006552007
262,1.679709553718567,-0.0016617970541119576,0.0036748796701431274,8.805611610412598,0.13183587789535522,0.5008680555555556,0.12523549795150757,0.5756552006552007
263,1.8985704183578491,-0.0017111034831032157,0.0035078302025794983,8.863617897033691,0.16043873131275177,0.6310763888888887,0.12403568625450134,0.5756552006552007
264,1.736986756324768,-0.002443984616547823,0.0036004632711410522,9.100461959838867,0.1632874310016632,0.5312499999999998,0.12420587986707687,0.5756552006552007
265,1.6775895357131958,-0.0023205168545246124,0.0036218613386154175,8.9376859664917,0.19945397973060608,0.5486111111111108,0.1238977387547493,0.5756552006552007
266,1.8377732038497925,-0.0008460076060146093,0.0036343038082122803,8.933481216430664,0.23072053492069244,0.5269097222222219,0.12434149533510208,0.5756552006552007
267,1.762701392173767,-0.0019268316682428122,0.003779776394367218,9.005290985107422,0.21799494326114655,0.5269097222222219,0.12212888896465302,0.5756552006552007
268,1.6225833892822266,-0.0006333629135042429,0.003771550953388214,9.038865089416504,0.17596597969532013,0.5008680555555556,0.12447923421859741,0.5756552006552007
269,1.619712471961975,-0.0021938341669738293,0.0035684406757354736,9.176228523254395,0.14846159517765045,0.5269097222222219,0.1244686096906662,0.5756552006552007
270,1.575453758239746,-0.002380981110036373,0.0034944340586662292,9.266357421875,0.15464134514331818,0.5529513888888887,0.12408595532178879,0.5756552006552007
271,1.6997538805007935,-0.0023039551451802254,0.0035601183772087097,9.243705749511719,0.17200075089931488,0.5529513888888887,0.1242108941078186,0.5756552006552007
272,1.6949981451034546,-0.0028072947170585394,0.0039182305335998535,8.627161026000977,0.17211098968982697,0.5182291666666666,0.12440875917673111,0.5756552006552007
273,1.716528058052063,-0.0028482370544224977,0.003766097128391266,9.270893096923828,0.15158890187740326,0.5833333333333329,0.125414177775383,0.5756552006552007
274,1.7076916694641113,-0.0025256809312850237,0.0036618784070014954,8.871991157531738,0.17736193537712097,0.5572916666666666,0.12300830334424973,0.5756552006552007
275,1.7908726930618286,-0.0015768881421536207,0.003803052008152008,9.298830032348633,0.13284829258918762,0.5703124999999998,0.12444673478603363,0.5756552006552007
276,1.7565025091171265,-0.0012703530956059694,0.003647126257419586,9.161620140075684,0.11884547770023346,0.6180555555555556,0.12240578979253769,0.5756552006552007
277,1.7187410593032837,-0.002293396508321166,0.003732748329639435,9.221360206604004,0.14473462104797363,0.5833333333333329,0.12343566119670868,0.5756552006552007
278,1.7479503154754639,-0.002344881882891059,0.0036406219005584717,9.137203216552734,0.150994673371315,0.6223958333333329,0.12424558401107788,0.5756552006552007
279,1.7038497924804688,-0.002282534260302782,0.003885127604007721,9.187912940979004,0.139144167304039,0.600694444444444,0.12551714479923248,0.5756552006552007
280,1.654016375541687,-0.002880699932575226,0.004102304577827454,8.939943313598633,0.182074174284935,0.5703124999999998,0.12751571834087372,0.5756552006552007
281,1.7393733263015747,-0.0024156300351023674,0.004122108221054077,8.881754875183105,0.154094398021698,0.47916666666666663,0.12478893995285034,0.5756552006552007
282,1.7319074869155884,-0.0013392220716923475,0.004048869013786316,8.967432022094727,0.17100642621517181,0.6180555555555556,0.12240247428417206,0.575740513240513
283,1.6232973337173462,-0.002811983460560441,0.004199296236038208,8.879679679870605,0.20947979390621185,0.522569444444444,0.12698793411254883,0.5756552006552007
284,1.8159098625183105,-0.0029171209316700697,0.004016458988189697,9.183143615722656,0.1462767869234085,0.5876736111111108,0.1235877275466919,0.575740513240513
285,1.7574362754821777,-0.0029916358180344105,0.003841392695903778,9.43511962890625,0.11958795040845871,0.5963541666666666,0.1247493252158165,0.5756552006552007
286,1.6794102191925049,-0.0025467921514064074,0.004061467945575714,9.059696197509766,0.17594149708747864,0.5963541666666666,0.12484493851661682,0.5756552006552007
287,1.654485821723938,-0.0031769864726811647,0.004409812390804291,8.837230682373047,0.14629559218883514,0.4921874999999998,0.12521310150623322,0.575484575484575
288,1.5723520517349243,-0.002931775525212288,0.003968849778175354,9.171975135803223,0.1651289463043213,0.5442708333333329,0.12370496988296509,0.5755698880698878
289,1.6917613744735718,-0.0029661795124411583,0.00404907763004303,9.02214527130127,0.13890071213245392,0.5789930555555556,0.12616728246212006,0.5756552006552007
290,1.6708661317825317,-0.0035140719264745712,0.0041092634201049805,9.053112030029297,0.20017370581626892,0.5442708333333329,0.12065360695123672,0.5756552006552007
291,1.6269804239273071,-0.003468977054581046,0.0043541863560676575,9.256241798400879,0.21587857604026794,0.600694444444444,0.12641751766204834,0.5756552006552007
292,1.705072045326233,-0.0031304790172725916,0.00414469838142395,8.928369522094727,0.2137935608625412,0.5572916666666666,0.12279946357011795,0.5756552006552007
293,1.7010416984558105,-0.0033669094555079937,0.004130229353904724,9.084468841552734,0.16762512922286987,0.5659722222222219,0.12348237633705139,0.5756552006552007
294,1.7437208890914917,-0.00381861487403512,0.004664972424507141,9.145279884338379,0.22080478072166443,0.5269097222222219,0.12556734681129456,0.5756552006552007
295,1.7139973640441895,-0.003460892476141453,0.004112891852855682,9.14682388305664,0.18843328952789307,0.6050347222222219,0.1224774420261383,0.5755698880698878
296,1.6645839214324951,-0.0038716925773769617,0.004445686936378479,8.954363822937012,0.13530048727989197,0.5572916666666666,0.12494589388370514,0.5756552006552007
297,1.6970576047897339,-0.0032142840791493654,0.003925301134586334,9.42046070098877,0.15879036486148834,0.5486111111111108,0.12051187455654144,0.5756552006552007
298,1.7983797788619995,-0.003337441710755229,0.004104636609554291,8.987103462219238,0.17389708757400513,0.5833333333333329,0.1178739070892334,0.5755698880698878
299,1.5952004194259644,-0.003765273140743375,0.004460848867893219,9.022414207458496,0.2385629415512085,0.4921874999999998,0.12013265490531921,0.5756552006552007
300,1.6119818687438965,-0.0037049478851258755,0.0043216124176979065,9.120353698730469,0.17811119556427002,0.5442708333333329,0.12309396266937256,0.5756552006552007
301,1.8428184986114502,-0.0034535375889390707,0.004205547273159027,9.097738265991211,0.16728119552135468,0.5789930555555556,0.12805213034152985,0.5756552006552007
302,1.711137294769287,-0.0033839945681393147,0.004121221601963043,9.239770889282227,0.15429456532001495,0.561631944444444,0.12660810351371765,0.5756552006552007
303,1.7267205715179443,-0.0035707817878574133,0.004273280501365662,9.061782836914062,0.22386977076530457,0.4704861111111108,0.12444987148046494,0.5755698880698878
304,1.544762134552002,-0.003151130862534046,0.0037406906485557556,9.267584800720215,0.18431967496871948,0.6484374999999998,0.1235506683588028,0.5756552006552007
305,1.6617276668548584,-0.0036143490578979254,0.004104867577552795,8.989479064941406,0.1676091104745865,0.5529513888888887,0.12416602671146393,0.5756552006552007
306,1.6413806676864624,-0.0032445976976305246,0.003982990980148315,8.997663497924805,0.11838853359222412,0.6440972222222219,0.12394392490386963,0.5756552006552007
307,1.672445297241211,-0.0036058463156223297,0.004476830363273621,8.941393852233887,0.15178202092647552,0.5442708333333329,0.12342444807291031,0.5756552006552007
308,1.7801424264907837,-0.0027737764175981283,0.004132211208343506,9.238295555114746,0.18252386152744293,0.5876736111111108,0.125205859541893,0.5756552006552007
309,1.5444459915161133,-0.003024733392521739,0.0037718042731285095,9.578594207763672,0.10633433610200882,0.5920138888888887,0.12478572130203247,0.5756552006552007
310,1.7617928981781006,-0.0031932303681969643,0.0042039453983306885,9.063857078552246,0.10006845742464066,0.5486111111111108,0.12467474490404129,0.5756552006552007
311,1.6332024335861206,-0.003233878407627344,0.004286289215087891,8.88223934173584,0.2091486006975174,0.5442708333333329,0.12205792218446732,0.5756552006552007
312,1.549105167388916,-0.003258512355387211,0.004203975200653076,8.901988983154297,0.1404014229774475,0.5399305555555556,0.12426813691854477,0.5756552006552007
313,1.60270357131958,-0.003787518013268709,0.004318945109844208,9.414258003234863,0.17340974509716034,0.5095486111111108,0.12213180959224701,0.5756552006552007
314,1.7349225282669067,-0.0031090015545487404,0.004286184906959534,9.224258422851562,0.18222206830978394,0.5963541666666666,0.12592251598834991,0.5756552006552007
315,1.7984312772750854,-0.0032006411347538233,0.004439502954483032,9.089576721191406,0.20819203555583954,0.5833333333333329,0.12367194890975952,0.5756552006552007
316,1.529055118560791,-0.0033423718996345997,0.00432722270488739,8.821520805358887,0.19810931384563446,0.5529513888888887,0.12282184511423111,0.5756552006552007
317,1.8098914623260498,-0.0029932651668787003,0.0040655359625816345,9.264971733093262,0.12947358191013336,0.6267361111111108,0.12401827424764633,0.5756552006552007
318,1.5754108428955078,-0.0038808095268905163,0.004506409168243408,9.296847343444824,0.12709857523441315,0.5659722222222219,0.12647831439971924,0.5756552006552007
319,1.640078067779541,-0.003709234297275543,0.004544161260128021,9.119152069091797,0.19217123091220856,0.4618055555555556,0.12535592913627625,0.5756552006552007
320,1.8007876873016357,-0.003770783543586731,0.00462234765291214,8.94827651977539,0.18814736604690552,0.561631944444444,0.12719301879405975,0.5756552006552007
321,1.6165714263916016,-0.0033071248326450586,0.004611194133758545,9.029657363891602,0.13016872107982635,0.5355902777777777,0.12851150333881378,0.5756552006552007
322,1.8121788501739502,-0.002870967611670494,0.0044784024357795715,9.05620288848877,0.15992502868175507,0.561631944444444,0.12609662115573883,0.5756552006552007
323,1.818706750869751,-0.0030581329483538866,0.004391565918922424,9.280111312866211,0.16283497214317322,0.6267361111111108,0.12966682016849518,0.5756552006552007
324,1.7512831687927246,-0.0037998948246240616,0.004438817501068115,9.094781875610352,0.20166248083114624,0.5703124999999998,0.12708447873592377,0.5756552006552007
325,1.7022171020507812,-0.003613612148910761,0.00408046692609787,9.421039581298828,0.16388022899627686,0.6093749999999998,0.12885616719722748,0.5756552006552007
326,1.6713652610778809,-0.0033316691406071186,0.004213370382785797,9.240549087524414,0.13112175464630127,0.5399305555555556,0.13046813011169434,0.5756552006552007
327,1.7315952777862549,-0.0036076237447559834,0.0043447017669677734,9.223955154418945,0.13224145770072937,0.6137152777777777,0.12699703872203827,0.5756552006552007
328,1.7023507356643677,-0.0033989574294537306,0.004572413861751556,9.2427396774292,0.17335781455039978,0.5355902777777777,0.11929722875356674,0.5756552006552007
329,1.5166890621185303,-0.0034809261560440063,0.004452958703041077,9.143592834472656,0.14719167351722717,0.5746527777777777,0.11722850054502487,0.5756552006552007
330,1.6118243932724,-0.003153881523758173,0.0045509785413742065,9.159219741821289,0.24857018887996674,0.5312499999999998,0.11359479278326035,0.5756552006552007
331,1.5641794204711914,-0.004122529178857803,0.004784055054187775,8.93610954284668,0.1999400556087494,0.5789930555555556,0.11364775151014328,0.5756552006552007
332,1.630486011505127,-0.003515037475153804,0.004503138363361359,9.225441932678223,0.13985230028629303,0.5833333333333329,0.11255140602588654,0.5756552006552007
333,1.6957874298095703,-0.003832973074167967,0.00490184873342514,9.208821296691895,0.14184488356113434,0.5182291666666666,0.11324211210012436,0.5756552006552007
334,1.6688586473464966,-0.0036724996753036976,0.004648745059967041,8.926782608032227,0.12610511481761932,0.5920138888888887,0.1126481145620346,0.5756552006552007
335,1.5931190252304077,-0.0036681522615253925,0.00467933714389801,9.243903160095215,0.18215496838092804,0.5312499999999998,0.11308199167251587,0.5755698880698878
336,1.6943837404251099,-0.0034067039377987385,0.004528328776359558,9.349918365478516,0.1365641951560974,0.6831597222222219,0.11450672894716263,0.5756552006552007
337,1.705424189567566,-0.003955591470003128,0.004732780158519745,9.276323318481445,0.17909014225006104,0.5789930555555556,0.11334288120269775,0.5756552006552007
338,1.7773456573486328,-0.003750099800527096,0.0043605417013168335,9.453554153442383,0.13913914561271667,0.5746527777777777,0.11115217208862305,0.5756552006552007
339,1.6200618743896484,-0.004033264704048634,0.004975832998752594,9.225505828857422,0.2411322295665741,0.5659722222222219,0.11124030500650406,0.5756552006552007
340,1.6034849882125854,-0.004002032335847616,0.004908464848995209,9.29764461517334,0.14116784930229187,0.5746527777777777,0.1149139404296875,0.5756552006552007
341,1.759742021560669,-0.004064406268298626,0.0051061660051345825,9.044679641723633,0.19926957786083221,0.5095486111111108,0.11285682767629623,0.5756552006552007
342,1.8158884048461914,-0.0038521168753504753,0.004868850111961365,9.173412322998047,0.13823898136615753,0.5486111111111108,0.11515370011329651,0.575740513240513
343,1.765999674797058,-0.003835942130535841,0.004581466317176819,9.452081680297852,0.14727503061294556,0.5963541666666666,0.11225137114524841,0.5756552006552007
344,1.6204203367233276,-0.0038064573891460896,0.004742488265037537,9.494967460632324,0.16718222200870514,0.561631944444444,0.11384016275405884,0.5756552006552007
345,1.7785727977752686,-0.0038838547188788652,0.004700660705566406,9.256396293640137,0.15815788507461548,0.5442708333333329,0.11365334689617157,0.5756552006552007
346,1.6304599046707153,-0.004048449918627739,0.004956364631652832,9.0248384475708,0.16440729796886444,0.5789930555555556,0.1156313419342041,0.5756552006552007
347,1.7656208276748657,-0.003035692498087883,0.0046636611223220825,9.568310737609863,0.15286199748516083,0.5269097222222219,0.1133645623922348,0.5756552006552007
348,1.6926974058151245,-0.0038811604026705027,0.004883863031864166,8.862733840942383,0.18398907780647278,0.5399305555555556,0.11282280087471008,0.5756552006552007
349,1.7609201669692993,-0.0035151957999914885,0.004728920757770538,9.318060874938965,0.2012765109539032,0.5789930555555556,0.11403519660234451,0.5756552006552007
350,1.619889736175537,-0.003975596744567156,0.00486968457698822,9.236918449401855,0.1654127836227417,0.600694444444444,0.11384688317775726,0.5756552006552007
351,1.6996194124221802,-0.003868749365210533,0.005092740058898926,8.849481582641602,0.15011055767536163,0.5355902777777777,0.11524590849876404,0.5756552006552007
352,1.700078010559082,-0.0041552018374204636,0.0048051923513412476,9.075575828552246,0.26358065009117126,0.5789930555555556,0.11293728649616241,0.5756552006552007
353,1.636235237121582,-0.0038544884882867336,0.004806593060493469,9.166045188903809,0.13037459552288055,0.5182291666666666,0.11316318809986115,0.5756552006552007
354,1.6901618242263794,-0.003997413441538811,0.0049591064453125,9.45557689666748,0.15933728218078613,0.6267361111111108,0.11322858184576035,0.5756552006552007
355,1.6526919603347778,-0.0041088927537202835,0.005043618381023407,9.134881973266602,0.1516449749469757,0.6614583333333329,0.11293154954910278,0.5756552006552007
356,1.4991874694824219,-0.004204899072647095,0.004849039018154144,9.298744201660156,0.18819046020507812,0.5442708333333329,0.11670548468828201,0.5756552006552007
357,1.688346028327942,-0.004088061861693859,0.004940032958984375,9.179203987121582,0.12546095252037048,0.5138888888888887,0.11444764584302902,0.5756552006552007
358,1.5952297449111938,-0.004416877403855324,0.005018770694732666,9.232707023620605,0.15288569033145905,0.5833333333333329,0.11299041658639908,0.5756552006552007
359,1.7198960781097412,-0.00415543420240283,0.004897646605968475,9.106012344360352,0.18954463303089142,0.5703124999999998,0.114178866147995,0.5756552006552007
360,1.612276554107666,-0.003972525708377361,0.005092449486255646,9.374330520629883,0.15382805466651917,0.561631944444444,0.11206598579883575,0.5756552006552007
361,1.6215767860412598,-0.004668857902288437,0.005404725670814514,8.830251693725586,0.1403520703315735,0.5312499999999998,0.11377539485692978,0.5756552006552007
362,1.701024055480957,-0.004280699882656336,0.004962712526321411,9.374887466430664,0.10992546379566193,0.5789930555555556,0.11604925245046616,0.5756552006552007
363,1.666943907737732,-0.004570472054183483,0.005160465836524963,9.227545738220215,0.14926204085350037,0.5703124999999998,0.1131262332201004,0.5756552006552007
364,1.7776079177856445,-0.004250034689903259,0.005051359534263611,9.034156799316406,0.15786992013454437,0.6137152777777777,0.1121571734547615,0.5756552006552007
365,1.7578365802764893,-0.003921128809452057,0.005146905779838562,9.19743824005127,0.17261652648448944,0.5572916666666666,0.11288082599639893,0.5756552006552007
366,1.5496762990951538,-0.0044266097247600555,0.005200773477554321,9.104260444641113,0.15097670257091522,0.5052083333333329,0.1148386225104332,0.575740513240513
367,1.8032708168029785,-0.00408891262486577,0.005384191870689392,9.051158905029297,0.14724457263946533,0.5703124999999998,0.11245761066675186,0.5756552006552007
368,1.8417471647262573,-0.004151918459683657,0.00507461279630661,9.146401405334473,0.14541098475456238,0.5572916666666666,0.11246837675571442,0.5756552006552007
369,1.6647603511810303,-0.004490538965910673,0.0052019283175468445,9.049402236938477,0.1361190229654312,0.6137152777777777,0.11523257195949554,0.5756552006552007
370,1.7387455701828003,-0.00484920060262084,0.00554107129573822,9.079753875732422,0.1465740203857422,0.5486111111111108,0.11199158430099487,0.5756552006552007
371,1.6235377788543701,-0.004379237536340952,0.005004808306694031,9.336491584777832,0.1806403398513794,0.5876736111111108,0.11371474713087082,0.5756552006552007
372,1.849440097808838,-0.004339180421084166,0.005153276026248932,9.374876976013184,0.12077160179615021,0.5399305555555556,0.11575924605131149,0.5756552006552007
373,1.751680850982666,-0.004352852236479521,0.005311019718647003,9.136061668395996,0.1287340521812439,0.5963541666666666,0.11439832299947739,0.5756552006552007
374,1.6198241710662842,-0.004263057839125395,0.005030862987041473,9.238741874694824,0.17000903189182281,0.5529513888888887,0.11491146683692932,0.5756552006552007
375,1.7210330963134766,-0.004609239753335714,0.0053348541259765625,8.989455223083496,0.24710999429225922,0.5312499999999998,0.11315504461526871,0.5756552006552007
376,1.5490508079528809,-0.004344711545854807,0.005191914737224579,9.300024032592773,0.13375535607337952,0.5399305555555556,0.11485494673252106,0.5756552006552007
377,1.7403106689453125,-0.004107695538550615,0.005658037960529327,8.979365348815918,0.11288924515247345,0.522569444444444,0.11377988010644913,0.5756552006552007
378,1.678728699684143,-0.0038318922743201256,0.005266830325126648,9.195188522338867,0.20205074548721313,0.5182291666666666,0.1152314767241478,0.5756552006552007
379,1.7586328983306885,-0.00462566502392292,0.005307935178279877,9.127992630004883,0.16848237812519073,0.639756944444444,0.11283879727125168,0.5756552006552007
380,1.7973624467849731,-0.004237170331180096,0.00537494570016861,8.882859230041504,0.16029885411262512,0.5789930555555556,0.11411713063716888,0.5756552006552007
381,1.8060928583145142,-0.004208316095173359,0.005268409848213196,9.262473106384277,0.18507997691631317,0.5659722222222219,0.11341730505228043,0.5756552006552007
382,1.6258403062820435,-0.004546609707176685,0.005267389118671417,9.142877578735352,0.11590299010276794,0.561631944444444,0.11223558336496353,0.5756552006552007
383,1.7369881868362427,-0.004824091214686632,0.0057363733649253845,9.092018127441406,0.1623462587594986,0.5659722222222219,0.11412803083658218,0.5756552006552007
384,1.6380417346954346,-0.004580068867653608,0.005420587956905365,9.188519477844238,0.14833012223243713,0.6310763888888887,0.1150188148021698,0.5756552006552007
385,1.683182716369629,-0.004795799031853676,0.0056992098689079285,9.01965618133545,0.16163082420825958,0.5312499999999998,0.11119499802589417,0.5756552006552007
386,1.6542776823043823,-0.004269332159310579,0.00518769770860672,9.595662117004395,0.1637018620967865,0.5486111111111108,0.11229507625102997,0.5756552006552007
387,1.6377370357513428,-0.004918072838336229,0.005398266017436981,8.998438835144043,0.1501198709011078,0.5746527777777777,0.11099117994308472,0.5756552006552007
388,1.784340262413025,-0.004044892266392708,0.005020357668399811,9.28493881225586,0.13763132691383362,0.5876736111111108,0.11422823369503021,0.5756552006552007
389,1.8199384212493896,-0.004407186526805162,0.005272179841995239,9.410959243774414,0.12462964653968811,0.5529513888888887,0.11238490790128708,0.5756552006552007
390,1.6488349437713623,-0.004220984410494566,0.005839385092258453,8.741564750671387,0.13825282454490662,0.5529513888888887,0.1131620854139328,0.5756552006552007
391,1.6853047609329224,-0.00479695200920105,0.0058996304869651794,9.001808166503906,0.18945790827274323,0.5399305555555556,0.11356983333826065,0.5756552006552007
392,1.6842496395111084,-0.004815202206373215,0.005563691258430481,9.181233406066895,0.21326960623264313,0.6050347222222219,0.11346972733736038,0.5756552006552007
393,1.715765357017517,-0.004153774585574865,0.005091063678264618,9.331131935119629,0.11758339405059814,0.5703124999999998,0.11347133666276932,0.5756552006552007
394,1.640071153640747,-0.004508669022470713,0.0052805617451667786,9.26931381225586,0.19767852127552032,0.5876736111111108,0.11234085261821747,0.5756552006552007
395,1.5778812170028687,-0.004648642614483833,0.005553700029850006,9.183574676513672,0.12773387134075165,0.5572916666666666,0.1116514801979065,0.5756552006552007
396,1.8044854402542114,-0.004681086167693138,0.005348145961761475,9.269786834716797,0.15573592483997345,0.5529513888888887,0.11210399866104126,0.5756552006552007
397,1.63942551612854,-0.005210171453654766,0.0056726038455963135,9.10436725616455,0.18449026346206665,0.5703124999999998,0.1150754988193512,0.5756552006552007
398,1.7689201831817627,-0.004699792712926865,0.005287528038024902,9.284111976623535,0.14785104990005493,0.6744791666666666,0.11539972573518753,0.5756552006552007
399,1.780060887336731,-0.0051109143532812595,0.005704022943973541,9.14071273803711,0.179479718208313,0.6267361111111108,0.11512398719787598,0.5756552006552007
