,loss_g,loss_d,train_wd,train_ce_d,train_mse,train_acc,test_mse,test_acc
0,0.14241646230220795,0.7022662162780762,0.0008377432823181152,0.7022662162780762,57.24262237548828,0.20572900772094727,32.59260940551758,0.2218639850616455
1,0.10948474705219269,0.6155654788017273,-0.0009247064590454102,0.6155654788017273,19.30896759033203,0.2404513955116272,18.375362396240234,0.284653902053833
2,0.064186230301857,0.5257070064544678,-0.004187405109405518,0.5257070064544678,9.235320091247559,0.32291650772094727,5.767864227294922,0.3384861350059509
3,0.05095508694648743,0.49231448769569397,-0.005939066410064697,0.49231448769569397,0.7257117629051208,0.5486109852790833,0.5701771974563599,0.4844561219215393
4,0.050178736448287964,0.4610498547554016,-0.002291738986968994,0.4610498547554016,0.187166228890419,0.5572915077209473,0.24580468237400055,0.5078315734863281
5,0.05626601353287697,0.44607165455818176,0.00021308660507202148,0.44607165455818176,0.10523470491170883,0.44878482818603516,0.10535818338394165,0.44256746768951416
6,0.06147514656186104,0.4113529920578003,0.008389770984649658,0.4113529920578003,0.11018978804349899,0.5312499403953552,0.10885182023048401,0.46901434659957886
7,0.07049335539340973,0.40379953384399414,0.01428753137588501,0.40379953384399414,0.07976970076560974,0.4921874403953552,0.10874851793050766,0.4981914162635803
8,0.08346942067146301,0.36337995529174805,0.01967751979827881,0.36337995529174805,0.10820631682872772,0.5182290077209473,0.10871683806180954,0.49793541431427
9,0.09841843694448471,0.3356136083602905,0.026670336723327637,0.3356136083602905,0.12965542078018188,0.5008679628372192,0.10906604677438736,0.49802064895629883
10,0.12358927726745605,0.3053935170173645,0.02893167734146118,0.3053935170173645,0.11028771102428436,0.46180546283721924,0.11517616361379623,0.4968264698982239
11,0.15557578206062317,0.29470396041870117,0.028571009635925293,0.29470396041870117,0.14449995756149292,0.4270833730697632,0.1421387791633606,0.49477875232696533
12,0.147616907954216,0.2504008114337921,0.025712907314300537,0.2504008114337921,1.5489039421081543,0.49652785062789917,1.3695405721664429,0.45869171619415283
13,0.1760263741016388,0.22872430086135864,0.0247231125831604,0.22872430086135864,3.9315452575683594,0.5225694179534912,3.8856987953186035,0.48240840435028076
14,0.19688308238983154,0.2097105085849762,0.020954430103302002,0.2097105085849762,3.5127248764038086,0.4661458730697632,5.104587554931641,0.46270132064819336
15,0.24807734787464142,0.18428058922290802,0.020288586616516113,0.18428058922290802,3.042762279510498,0.4357638955116272,5.439146995544434,0.46236008405685425
16,0.23752090334892273,0.16379812359809875,0.017914891242980957,0.16379812359809875,3.9347684383392334,0.5616319179534912,5.327948093414307,0.4610803723335266
17,0.29686978459358215,0.14796173572540283,0.019553422927856445,0.14796173572540283,6.789361476898193,0.4140624403953552,5.477598190307617,0.440349280834198
18,0.3127458989620209,0.1295619010925293,0.01508939266204834,0.1295619010925293,5.7402849197387695,0.47916650772094727,6.944616794586182,0.4409465193748474
19,0.3287661671638489,0.10962718725204468,0.014414191246032715,0.10962718725204468,7.5778489112854,0.40972232818603516,7.156893253326416,0.4404348134994507
20,0.39108750224113464,0.09804731607437134,0.01845329999923706,0.09804731607437134,4.003875732421875,0.44878482818603516,7.3283867835998535,0.4401788115501404
21,0.444130539894104,0.09044317156076431,0.01197892427444458,0.09044317156076431,8.297416687011719,0.37934035062789917,9.021599769592285,0.4400935769081116
22,0.45854681730270386,0.07681611180305481,0.01278620958328247,0.07681611180305481,9.59687328338623,0.4053819179534912,9.58797550201416,0.4310503602027893
23,0.4784964919090271,0.07074419409036636,0.013586878776550293,0.07074419409036636,9.451740264892578,0.35329848527908325,9.59237289428711,0.4311355948448181
24,0.5051348805427551,0.05300264060497284,0.012533843517303467,0.05300264060497284,9.33241081237793,0.4921874403953552,9.593343734741211,0.4311355948448181
25,0.53777015209198,0.04672209918498993,0.013681173324584961,0.04672209918498993,9.096513748168945,0.4661458730697632,9.593467712402344,0.4311355948448181
26,0.5290948748588562,0.040437959134578705,0.012914419174194336,0.040437959134578705,8.087335586547852,0.4835069179534912,9.591447830200195,0.4311355948448181
27,0.5765094757080078,0.03953739255666733,0.011266708374023438,0.03953739255666733,10.842816352844238,0.47916650772094727,9.497581481933594,0.4311355948448181
28,0.5754265785217285,0.03624174743890762,0.009784102439880371,0.03624174743890762,7.610204219818115,0.3663194179534912,9.316473960876465,0.4314768314361572
29,0.578670859336853,0.03691131994128227,0.010128498077392578,0.03691131994128227,7.588298797607422,0.43142348527908325,8.505478858947754,0.4233720898628235
30,0.5920373201370239,0.03228631615638733,0.007436394691467285,0.03228631615638733,9.722128868103027,0.3576388955116272,8.312649726867676,0.4208129644393921
31,0.6341938972473145,0.02636823058128357,0.0073670148849487305,0.02636823058128357,8.192960739135742,0.46180546283721924,8.439535140991211,0.4215806722640991
32,0.6157028675079346,0.025305816903710365,0.007596254348754883,0.025305816903710365,7.250666618347168,0.5008679628372192,6.576256275177002,0.49802064895629883
33,0.648076593875885,0.026811402291059494,0.00802534818649292,0.026811402291059494,1.5508297681808472,0.5052083730697632,2.2331302165985107,0.49947112798690796
34,0.6509761810302734,0.022189754992723465,0.006110787391662598,0.022189754992723465,2.1678247451782227,0.4661458730697632,2.233097791671753,0.49912989139556885
35,0.6514616012573242,0.024180646985769272,0.005948305130004883,0.024180646985769272,2.31391978263855,0.5399304628372192,1.59087073802948,0.503309965133667
36,0.6684523820877075,0.020343583077192307,0.0056414008140563965,0.020343583077192307,2.033646583557129,0.5225694179534912,1.4623479843139648,0.49605846405029297
37,0.7095851898193359,0.019552255049347878,0.006576895713806152,0.019552255049347878,1.1040881872177124,0.5138888955116272,1.1058467626571655,0.5192634463310242
38,0.669050931930542,0.015677936375141144,0.004007399082183838,0.015677936375141144,1.0254795551300049,0.5659723281860352,0.8535615801811218,0.5188369750976562
39,0.7642656564712524,0.018168387934565544,0.005424559116363525,0.018168387934565544,0.1024358794093132,0.5095484852790833,0.10882337391376495,0.5189222097396851
40,0.7504771947860718,0.015482310205698013,0.005524635314941406,0.015482310205698013,0.10741528123617172,0.5008679628372192,0.10915719717741013,0.534960925579071
41,0.7388169765472412,0.013649892061948776,0.005304574966430664,0.013649892061948776,0.0999600887298584,0.5442708730697632,0.10922891646623611,0.5351316928863525
42,0.7650890350341797,0.015012454241514206,0.006155729293823242,0.015012454241514206,0.13539309799671173,0.48784732818603516,0.10923337191343307,0.5351316928863525
43,0.7697531580924988,0.011602448299527168,0.005382180213928223,0.011602448299527168,0.10979798436164856,0.5529513955116272,0.10927283763885498,0.5353876948356628
44,0.7380317449569702,0.012746523134410381,0.006807863712310791,0.012746523134410381,0.0762220099568367,0.5399304628372192,0.10927268117666245,0.5353876948356628
45,0.779313325881958,0.011650169268250465,0.005011141300201416,0.011650169268250465,0.09863696247339249,0.5138888955116272,0.10927259176969528,0.5353876948356628
46,0.8042970895767212,0.010897042229771614,0.004640638828277588,0.010897042229771614,0.12690366804599762,0.46180546283721924,0.1092725470662117,0.5353876948356628
47,0.8683234453201294,0.011552787385880947,0.00575864315032959,0.011552787385880947,0.13258805871009827,0.47048598527908325,0.10927269607782364,0.5353876948356628
48,0.8315839767456055,0.00942486897110939,0.004963815212249756,0.00942486897110939,0.12482868880033493,0.5486109852790833,0.10929729789495468,0.5353876948356628
49,0.8645939826965332,0.01100422628223896,0.004497647285461426,0.01100422628223896,0.15035392343997955,0.5312499403953552,0.10949968546628952,0.5355581641197205
50,0.8413064479827881,0.008995220065116882,0.00479733943939209,0.008995220065116882,0.1073925569653511,0.6614583730697632,0.10949563980102539,0.5355581641197205
51,0.8391757011413574,0.008258650079369545,0.003701150417327881,0.008258650079369545,0.11492554843425751,0.49652785062789917,0.10948429256677628,0.5355581641197205
52,0.8637474179267883,0.008261321112513542,0.004217088222503662,0.008261321112513542,0.12344613671302795,0.5355903506278992,0.10926056653261185,0.5167895555496216
53,0.8749594688415527,0.008506011217832565,0.003336310386657715,0.008506011217832565,0.18015475571155548,0.40104150772094727,0.5288313031196594,0.5287331342697144
54,0.8718248605728149,0.009884046390652657,0.00462794303894043,0.009884046390652657,1.6795380115509033,0.5572915077209473,1.6762757301330566,0.5446013808250427
55,0.8139876127243042,0.0073909880593419075,0.004158079624176025,0.0073909880593419075,1.6497076749801636,0.5529513955116272,1.6821155548095703,0.5446013808250427
56,0.8971816301345825,0.008051682263612747,0.003215789794921875,0.008051682263612747,1.4595487117767334,0.4921874403953552,1.6822363138198853,0.5446013808250427
57,0.8808876276016235,0.007496367208659649,0.00286179780960083,0.007496367208659649,2.1401679515838623,0.49652785062789917,1.68206787109375,0.5446013808250427
58,0.8765711784362793,0.007165716961026192,0.0034084320068359375,0.007165716961026192,1.3988977670669556,0.5312499403953552,1.6771308183670044,0.5446866154670715
59,0.9260766506195068,0.0064610643312335014,0.0032761096954345703,0.0064610643312335014,0.8489552140235901,0.6006944179534912,1.5382652282714844,0.5449426174163818
60,0.9223509430885315,0.006474338471889496,0.0031174421310424805,0.006474338471889496,3.3993566036224365,0.47916650772094727,3.4522244930267334,0.5451133847236633
61,0.9244624376296997,0.008089778013527393,0.0027759671211242676,0.008089778013527393,3.422929048538208,0.5486109852790833,3.4518799781799316,0.5451133847236633
62,0.9081238508224487,0.004996626637876034,0.002808690071105957,0.004996626637876034,3.2068586349487305,0.5659723281860352,3.4520974159240723,0.5451133847236633
63,0.9034502506256104,0.005489036440849304,0.0029222965240478516,0.005489036440849304,1.7163385152816772,0.5486109852790833,3.455665111541748,0.5451133847236633
64,0.8907713294029236,0.005018136464059353,0.0028534531593322754,0.005018136464059353,3.3770992755889893,0.6223958730697632,3.4203617572784424,0.5352169275283813
65,0.9157647490501404,0.005045662634074688,0.0024920105934143066,0.005045662634074688,4.190178394317627,0.5008679628372192,4.957983493804932,0.5312073230743408
66,0.9228218793869019,0.005723027978092432,0.0027437806129455566,0.005723027978092432,3.5700249671936035,0.5703124403953552,5.150841236114502,0.5295863747596741
67,0.9743265509605408,0.005342717282474041,0.002043008804321289,0.005342717282474041,6.611639976501465,0.4531249403953552,5.459725856781006,0.5216524004936218
68,0.9886331558227539,0.004313239827752113,0.0022345781326293945,0.004313239827752113,5.6785993576049805,0.5659723281860352,5.4599480628967285,0.5216524004936218
69,0.9938340187072754,0.0048280153423547745,0.0019223690032958984,0.0048280153423547745,5.808743000030518,0.48784732818603516,5.463023662567139,0.5215668678283691
70,0.9663588404655457,0.004273217637091875,0.0016701817512512207,0.004273217637091875,5.798430919647217,0.5312499403953552,5.472154140472412,0.5216524004936218
71,0.9210081100463867,0.003942272625863552,0.0020470619201660156,0.003942272625863552,5.60062837600708,0.5355903506278992,5.472911834716797,0.5216524004936218
72,0.9974043369293213,0.004877047147601843,0.0020781755447387695,0.004877047147601843,5.835434436798096,0.5529513955116272,5.471679210662842,0.5216524004936218
73,0.9948080778121948,0.003682438749819994,0.001993417739868164,0.003682438749819994,4.065924167633057,0.5052083730697632,5.473195552825928,0.5215668678283691
74,0.9729956984519958,0.0035425047390162945,0.002064943313598633,0.0035425047390162945,4.575524806976318,0.5399304628372192,5.6461591720581055,0.5214816331863403
75,1.0182826519012451,0.004582634195685387,0.0022957921028137207,0.004582634195685387,5.607163906097412,0.5182290077209473,5.663971424102783,0.5214816331863403
76,1.019465446472168,0.0031133508309721947,0.0017124414443969727,0.0031133508309721947,7.269379138946533,0.49652785062789917,5.757909774780273,0.5210551619529724
77,1.0468101501464844,0.0033979439176619053,0.0013927221298217773,0.0033979439176619053,8.153080940246582,0.42274296283721924,5.6178364753723145,0.52122563123703
78,1.0760077238082886,0.003778830636292696,0.001933455467224121,0.003778830636292696,6.9200592041015625,0.5138888955116272,5.650696754455566,0.52122563123703
79,0.9984399676322937,0.003520566038787365,0.0016933083534240723,0.003520566038787365,5.087738037109375,0.5052083730697632,5.694159984588623,0.5211403965950012
80,1.065250277519226,0.003011986380442977,0.0016758441925048828,0.003011986380442977,4.832585334777832,0.5182290077209473,5.664757251739502,0.52122563123703
81,1.0980197191238403,0.003031691536307335,0.00141829252243042,0.003031691536307335,7.481210708618164,0.5008679628372192,5.861868381500244,0.5195194482803345
82,1.0361162424087524,0.003158802166581154,0.001598358154296875,0.003158802166581154,6.4163713455200195,0.4748263955116272,6.184652805328369,0.44922202825546265
83,1.0424021482467651,0.003216678276658058,0.0015572905540466309,0.003216678276658058,7.6016845703125,0.45746535062789917,6.196150779724121,0.44632136821746826
84,1.0779168605804443,0.0037590598221868277,0.0019680261611938477,0.0037590598221868277,7.139843940734863,0.4270833730697632,6.197202205657959,0.4462358355522156
85,1.0614120960235596,0.002660998608916998,0.0011643767356872559,0.002660998608916998,6.020061016082764,0.43142348527908325,6.197290897369385,0.44615060091018677
86,1.0865206718444824,0.0027204579673707485,0.0014513134956359863,0.0027204579673707485,4.754209995269775,0.43142348527908325,6.192601203918457,0.44563889503479004
87,1.1083449125289917,0.00283300643786788,0.0012363791465759277,0.00283300643786788,7.933374881744385,0.4140624403953552,5.8112874031066895,0.41509687900543213
88,1.1115516424179077,0.0025747199542820454,0.0014010071754455566,0.0025747199542820454,6.195170879364014,0.3489583730697632,5.808260440826416,0.41509687900543213
89,1.112647294998169,0.0024337563663721085,0.001530766487121582,0.0024337563663721085,4.596341133117676,0.40972232818603516,5.807858467102051,0.4152676463127136
90,1.1039211750030518,0.002115026582032442,0.0010030269622802734,0.002115026582032442,4.9438886642456055,0.4444444179534912,5.698382377624512,0.39274483919143677
91,1.087467074394226,0.0028885910287499428,0.0011299848556518555,0.0028885910287499428,5.409991264343262,0.3359374403953552,5.698570728302002,0.39274483919143677
92,0.9816917181015015,0.002382416743785143,0.0013881325721740723,0.002382416743785143,5.412173748016357,0.5616319179534912,5.698483943939209,0.39274483919143677
93,1.0926896333694458,0.002920822473242879,0.0014039278030395508,0.002920822473242879,5.949929237365723,0.40104150772094727,5.698360919952393,0.39274483919143677
94,1.1124989986419678,0.0022284621372818947,0.0010771751403808594,0.0022284621372818947,3.8730580806732178,0.3967013955116272,5.6982421875,0.39274483919143677
95,1.1638920307159424,0.0027501550503075123,0.001463770866394043,0.0027501550503075123,5.756218433380127,0.45746535062789917,5.698177337646484,0.39274483919143677
96,1.1328612565994263,0.0020990832708775997,0.001263737678527832,0.0020990832708775997,5.293830871582031,0.3880208730697632,5.698172569274902,0.39274483919143677
97,1.083092451095581,0.0017877566860988736,0.0008258819580078125,0.0017877566860988736,6.27284574508667,0.3663194179534912,5.698216915130615,0.39274483919143677
98,1.1153185367584229,0.0018375406507402658,0.001230478286743164,0.0018375406507402658,4.551380157470703,0.4270833730697632,5.698268890380859,0.39274483919143677
99,1.1039481163024902,0.0017087397864088416,0.0010445117950439453,0.0017087397864088416,4.823665142059326,0.44010400772094727,5.698305606842041,0.39274483919143677
100,1.1305633783340454,0.0018054479733109474,0.0007628202438354492,0.0018054479733109474,5.62627649307251,0.36197900772094727,5.69840145111084,0.39274483919143677
101,1.1430723667144775,0.0018337038345634937,0.0008514523506164551,0.0018337038345634937,4.6061530113220215,0.4444444179534912,5.698537826538086,0.39274483919143677
102,1.1702747344970703,0.0018256966723129153,0.0009876489639282227,0.0018256966723129153,6.372159004211426,0.37934035062789917,5.697384357452393,0.39265960454940796
103,1.2468814849853516,0.0017156066605821252,0.0008636713027954102,0.0017156066605821252,9.495914459228516,0.39236098527908325,5.540594100952148,0.39265960454940796
104,1.2359901666641235,0.002467928919941187,0.0009791254997253418,0.002467928919941187,4.8417487144470215,0.3272569179534912,5.505870819091797,0.39257436990737915
105,1.2076458930969238,0.001557571580633521,0.0007184743881225586,0.001557571580633521,4.0731377601623535,0.4444444179534912,5.505756855010986,0.39257436990737915
106,1.1479434967041016,0.0014788596890866756,0.0008342266082763672,0.0014788596890866756,4.58939266204834,0.3576388955116272,5.505696773529053,0.39257436990737915
107,1.2473030090332031,0.002051400486379862,0.0008561611175537109,0.002051400486379862,6.307582855224609,0.37934035062789917,5.505721569061279,0.39257436990737915
108,1.1614131927490234,0.0017634490504860878,0.0010721087455749512,0.0017634490504860878,3.219019889831543,0.3489583730697632,5.505748748779297,0.39257436990737915
109,1.1954975128173828,0.0020573597867041826,0.0008689165115356445,0.0020573597867041826,5.620408535003662,0.4053819179534912,5.505850315093994,0.39257436990737915
110,1.1350260972976685,0.0016616852954030037,0.0008664727210998535,0.0016616852954030037,4.080060958862305,0.5095484852790833,5.5060601234436035,0.39257436990737915
111,1.1387017965316772,0.0013880555052310228,0.0005210041999816895,0.0013880555052310228,8.770675659179688,0.4444444179534912,5.505985736846924,0.39257436990737915
112,1.2527356147766113,0.0014782557263970375,0.0006251335144042969,0.0014782557263970375,6.204240798950195,0.37065982818603516,5.505905628204346,0.39257436990737915
113,1.1443073749542236,0.0015968525549396873,0.0008514523506164551,0.0015968525549396873,3.5062367916107178,0.37065982818603516,5.505844593048096,0.39257436990737915
114,1.1978058815002441,0.0018756058998405933,0.0006481409072875977,0.0018756058998405933,5.493228912353516,0.32291650772094727,5.506096363067627,0.39257436990737915
115,1.2215161323547363,0.0013985461555421352,0.0008260011672973633,0.0013985461555421352,8.32928466796875,0.3576388955116272,5.5063347816467285,0.39257436990737915
116,1.1751956939697266,0.0015915827825665474,0.0008270740509033203,0.0015915827825665474,5.033372402191162,0.46180546283721924,5.505955696105957,0.39257436990737915
117,1.1502439975738525,0.0011145895114168525,0.000587761402130127,0.0011145895114168525,2.9212987422943115,0.5269098281860352,5.505817413330078,0.39257436990737915
118,1.2664579153060913,0.0009974546264857054,0.0005654692649841309,0.0009974546264857054,4.849533557891846,0.39236098527908325,5.506359577178955,0.39257436990737915
119,1.3138186931610107,0.0012601325288414955,0.0005977749824523926,0.0012601325288414955,6.184725284576416,0.3880208730697632,5.5123701095581055,0.3906121850013733
120,1.21327805519104,0.0010742878075689077,0.0006057620048522949,0.0010742878075689077,6.463602066040039,0.4140624403953552,5.616918563842773,0.3867730498313904
121,1.234118938446045,0.0011036689393222332,0.0004698038101196289,0.0011036689393222332,6.355505466461182,0.41840285062789917,5.617040157318115,0.3867730498313904
122,1.2716498374938965,0.0020927798468619585,0.0012437701225280762,0.0020927798468619585,3.8924574851989746,0.41840285062789917,5.617191791534424,0.3867730498313904
123,1.279198408126831,0.0011880256934091449,0.0007320046424865723,0.0011880256934091449,5.741109848022461,0.3880208730697632,5.617593765258789,0.3867730498313904
124,1.2711386680603027,0.0013026032829657197,0.000773310661315918,0.0013026032829657197,7.049598693847656,0.37065982818603516,5.618541240692139,0.3867730498313904
125,1.3809592723846436,0.0012025421019643545,0.0007609128952026367,0.0012025421019643545,6.9434309005737305,0.33159732818603516,5.618282318115234,0.3867730498313904
126,1.3363912105560303,0.0011294869473204017,0.0005772113800048828,0.0011294869473204017,5.614681243896484,0.34461796283721924,5.617622375488281,0.3867730498313904
127,1.2443801164627075,0.001080731046386063,0.0006935000419616699,0.001080731046386063,3.7401905059814453,0.3663194179534912,5.617137908935547,0.3867730498313904
128,1.2343964576721191,0.0011090890038758516,0.0006706118583679199,0.0011090890038758516,4.103546142578125,0.42274296283721924,5.617034912109375,0.3867730498313904
129,1.3987858295440674,0.0009119954193010926,0.0005251169204711914,0.0009119954193010926,4.999481678009033,0.3272569179534912,5.617094039916992,0.3867730498313904
130,1.3207472562789917,0.0011549910996109247,0.0006645321846008301,0.0011549910996109247,5.619250774383545,0.39236098527908325,5.617273807525635,0.3867730498313904
131,1.3489419221878052,0.001090256730094552,0.000773310661315918,0.001090256730094552,4.076802730560303,0.3663194179534912,5.618013381958008,0.3867730498313904
132,1.3627943992614746,0.0008855696069076657,0.0005812644958496094,0.0008855696069076657,5.156965732574463,0.31423598527908325,5.617686748504639,0.3867730498313904
133,1.3556239604949951,0.0009865877218544483,0.0008579492568969727,0.0009865877218544483,5.619286060333252,0.31423598527908325,5.618038654327393,0.3867730498313904
134,1.3544344902038574,0.0008968097972683609,0.0007265806198120117,0.0008968097972683609,5.234325885772705,0.41840285062789917,5.621992588043213,0.3867730498313904
135,1.4045066833496094,0.0010492645669728518,0.0006234049797058105,0.0010492645669728518,5.935052871704102,0.2578124403953552,5.62109375,0.3867730498313904
136,1.2799365520477295,0.0007521457737311721,0.0006352663040161133,0.0007521457737311721,4.65773344039917,0.44010400772094727,5.615079402923584,0.3867730498313904
137,1.1956853866577148,0.0007308535277843475,0.0005086660385131836,0.0007308535277843475,2.1657044887542725,0.3967013955116272,4.87082576751709,0.38660258054733276
138,1.3784444332122803,0.0014725166838616133,0.0011587142944335938,0.0014725166838616133,3.701003313064575,0.3272569179534912,4.853580474853516,0.38660258054733276
139,1.2831007242202759,0.0008667676593177021,0.0007328987121582031,0.0008667676593177021,4.717148303985596,0.40972232818603516,4.854319095611572,0.38660258054733276
140,1.301699161529541,0.0010034772567451,0.0006579160690307617,0.0010034772567451,4.349606513977051,0.38368046283721924,4.853455543518066,0.38660258054733276
141,1.3176512718200684,0.0010245683370158076,0.0006514787673950195,0.0010245683370158076,1.9555622339248657,0.3489583730697632,4.858640193939209,0.38660258054733276
142,1.2642886638641357,0.0009578666067682207,0.0007437467575073242,0.0009578666067682207,6.924129962921143,0.40104150772094727,4.85414981842041,0.38660258054733276
143,1.358492374420166,0.0007776696002110839,0.0006510019302368164,0.0007776696002110839,4.955581188201904,0.34027785062789917,4.8528289794921875,0.38660258054733276
144,1.346366286277771,0.0008506849990226328,0.0006618499755859375,0.0008506849990226328,4.741146564483643,0.40104150772094727,4.852932929992676,0.38660258054733276
145,1.3228074312210083,0.0008325825911015272,0.000646054744720459,0.0008325825911015272,5.32155179977417,0.4053819179534912,4.853564262390137,0.38660258054733276
146,1.3931711912155151,0.0006965809734538198,0.0004888772964477539,0.0006965809734538198,6.397799015045166,0.40972232818603516,4.856207847595215,0.38660258054733276
147,1.3967550992965698,0.0008713053539395332,0.0005843043327331543,0.0008713053539395332,5.363187313079834,0.3185763955116272,4.887609004974365,0.38626134395599365
148,1.4481847286224365,0.0012144087813794613,0.0009986162185668945,0.0012144087813794613,5.704708099365234,0.42274296283721924,4.861069679260254,0.3865170478820801
149,1.2824883460998535,0.0006903194589540362,0.0004228949546813965,0.0006903194589540362,4.577568054199219,0.4357638955116272,4.855884075164795,0.38660258054733276
150,1.3396198749542236,0.0006311108008958399,0.00038826465606689453,0.0006311108008958399,4.593400001525879,0.3185763955116272,4.868474006652832,0.3865170478820801
151,1.360318899154663,0.0007587638683617115,0.0006250143051147461,0.0007587638683617115,4.389832019805908,0.36197900772094727,4.935136795043945,0.38600534200668335
152,1.3363957405090332,0.0006860755383968353,0.0006126165390014648,0.0006860755383968353,7.7643327713012695,0.4140624403953552,4.9621357917785645,0.38557887077331543
153,1.384718418121338,0.0005279804463498294,0.00038063526153564453,0.0005279804463498294,4.365761756896973,0.29253482818603516,4.894969463348389,0.38609057664871216
154,1.3624305725097656,0.0007548448629677296,0.00048047304153442383,0.0007548448629677296,3.849440336227417,0.37934035062789917,4.988024711608887,0.38549333810806274
155,1.3072483539581299,0.000520638539455831,0.00033676624298095703,0.000520638539455831,8.545706748962402,0.4444444179534912,5.022921085357666,0.3853228688240051
156,1.3382761478424072,0.0008467498701065779,0.0005191564559936523,0.0008467498701065779,6.168750762939453,0.38368046283721924,5.025146484375,0.384981632232666
157,1.3834726810455322,0.0006662745145149529,0.0005394220352172852,0.0006662745145149529,6.348547458648682,0.37934035062789917,5.00730562210083,0.38489609956741333
158,1.3614054918289185,0.0007827987428754568,0.0005244016647338867,0.0007827987428754568,4.232548236846924,0.35329848527908325,5.061586380004883,0.3846403956413269
159,1.4054489135742188,0.0005234190030023456,0.0005154609680175781,0.0005234190030023456,5.8393731117248535,0.3663194179534912,5.119656562805176,0.3845548629760742
160,1.317589282989502,0.0005417633801698685,0.00040352344512939453,0.0005417633801698685,7.043619632720947,0.4661458730697632,4.98464822769165,0.38540810346603394
161,1.4469780921936035,0.0005465667345561087,0.000352323055267334,0.0005465667345561087,7.151737689971924,0.4270833730697632,5.138366222381592,0.3839579224586487
162,1.4123245477676392,0.0014754460426047444,0.0007324814796447754,0.0014754460426047444,5.468051433563232,0.38368046283721924,5.006954669952393,0.3848108649253845
163,1.3763484954833984,0.0007100789225660264,0.00042062997817993164,0.0007100789225660264,3.442927598953247,0.3880208730697632,5.15341329574585,0.383872389793396
164,1.4025367498397827,0.0005632680840790272,0.0004290342330932617,0.0005632680840790272,4.871862411499023,0.3098958730697632,5.011542320251465,0.3846403956413269
165,1.378440022468567,0.0005008977022953331,0.00043147802352905273,0.0005008977022953331,5.759606838226318,0.38368046283721924,5.1340742111206055,0.3841283917427063
166,1.3684731721878052,0.0004731520893983543,0.0004163980484008789,0.0004731520893983543,6.083002090454102,0.34027785062789917,5.263449668884277,0.3840431571006775
167,1.4337626695632935,0.0005051348125562072,0.0004572868347167969,0.0005051348125562072,6.8044843673706055,0.40972232818603516,5.284303665161133,0.3840431571006775
168,1.442631483078003,0.0004920253995805979,0.0004820823669433594,0.0004920253995805979,4.302948474884033,0.23177087306976318,5.245842456817627,0.3842136263847351
169,1.387068271636963,0.00052619882626459,0.0005781650543212891,0.00052619882626459,4.724022388458252,0.42274296283721924,5.346686840057373,0.3835311532020569
170,1.4313292503356934,0.0005875910865142941,0.0007701516151428223,0.0005875910865142941,5.117666244506836,0.36197900772094727,5.329323768615723,0.3837019205093384
171,1.3013379573822021,0.0007088651182129979,0.0005334615707397461,0.0007088651182129979,2.596569061279297,0.3967013955116272,5.366063117980957,0.38967370986938477
172,1.4306403398513794,0.0004712018999271095,0.00036090612411499023,0.0004712018999271095,5.906086444854736,0.4531249403953552,5.1488118171691895,0.3905269503593445
173,1.376020908355713,0.0004797761794179678,0.00032848119735717773,0.0004797761794179678,6.754565715789795,0.42274296283721924,4.9058051109313965,0.4001671075820923
174,1.3576524257659912,0.0005213638069108129,0.0005116462707519531,0.0005213638069108129,4.7853617668151855,0.40104150772094727,5.029641151428223,0.39922863245010376
175,1.4448676109313965,0.0005111484206281602,0.0004368424415588379,0.0005111484206281602,3.820798397064209,0.4531249403953552,4.897908687591553,0.39965540170669556
176,1.405124545097351,0.00046568052493967116,0.0002917051315307617,0.00046568052493967116,5.102870941162109,0.4357638955116272,5.1417083740234375,0.39905816316604614
177,1.3724288940429688,0.0005697509041056037,0.0002741813659667969,0.0005697509041056037,6.567908763885498,0.4357638955116272,5.801403522491455,0.4278936982154846
178,1.408884882926941,0.0005276665324345231,0.0002760887145996094,0.0005276665324345231,3.34147047996521,0.4444444179534912,4.907403945922852,0.4303678870201111
179,1.4146912097930908,0.00045028780004940927,0.00023549795150756836,0.00045028780004940927,5.538058757781982,0.41840285062789917,4.974894046783447,0.4301118850708008
180,1.4075775146484375,0.000593463599216193,0.00020825862884521484,0.000593463599216193,7.7345781326293945,0.36197900772094727,6.1576361656188965,0.42908817529678345
181,1.4868593215942383,0.0005757076432928443,0.0002709031105041504,0.0005757076432928443,6.356158256530762,0.4053819179534912,5.842241287231445,0.4302826523780823
182,1.4666004180908203,0.0005757695762440562,0.0003066062927246094,0.0005757695762440562,6.502250671386719,0.4140624403953552,5.94053316116333,0.430026650428772
183,1.466125249862671,0.0004845153307542205,0.00013589859008789062,0.0004845153307542205,3.173170804977417,0.4140624403953552,6.298903942108154,0.42917340993881226
184,1.3533401489257812,0.0005540238344110548,0.00026661157608032227,0.0005540238344110548,5.427576541900635,0.4140624403953552,5.803662300109863,0.4301971197128296
185,1.4271585941314697,0.0004779737500939518,0.0002053976058959961,0.0004779737500939518,7.384169578552246,0.4140624403953552,6.092176914215088,0.42977064847946167
186,1.494220495223999,0.0008130043861456215,0.0003669261932373047,0.0008130043861456215,7.842134475708008,0.4140624403953552,6.098924160003662,0.42968541383743286
187,1.5174281597137451,0.0005649164086207747,0.00026047229766845703,0.0005649164086207747,5.62244987487793,0.35329848527908325,6.028777599334717,0.42977064847946167
188,1.3834526538848877,0.0004840848851017654,0.00016170740127563477,0.0004840848851017654,9.3259916305542,0.42274296283721924,6.107311248779297,0.42968541383743286
189,1.4755091667175293,0.0005372505402192473,0.0001906752586364746,0.0005372505402192473,7.0863356590271,0.47916650772094727,5.962940216064453,0.430026650428772
190,1.4581489562988281,0.0004109338333364576,0.00021839141845703125,0.0004109338333364576,4.200069904327393,0.4835069179534912,6.136120319366455,0.42934417724609375
191,1.4650076627731323,0.0003909571096301079,0.00019663572311401367,0.0003909571096301079,5.63426399230957,0.4531249403953552,6.05626106262207,0.4301118850708008
192,1.4520907402038574,0.00031583907548338175,0.00016683340072631836,0.00031583907548338175,6.938053607940674,0.47048598527908325,6.175193786621094,0.4295998811721802
193,1.3973751068115234,0.0007406403310596943,0.00021117925643920898,0.0007406403310596943,5.28302001953125,0.4444444179534912,6.051239013671875,0.4299411177635193
194,1.3796213865280151,0.00042072549695149064,0.00016611814498901367,0.00042072549695149064,4.272167682647705,0.5052083730697632,6.26854133605957,0.4295998811721802
195,1.4797837734222412,0.0004440732591319829,0.00017637014389038086,0.0004440732591319829,5.933619499206543,0.4357638955116272,6.084111213684082,0.42977064847946167
196,1.533550500869751,0.0004446007660590112,0.0002684593200683594,0.0004446007660590112,6.369792461395264,0.39236098527908325,6.13783597946167,0.4307091236114502
197,1.4579026699066162,0.00043292215559631586,0.00022262334823608398,0.00043292215559631586,3.6542482376098633,0.4661458730697632,5.5652923583984375,0.5068078637123108
198,1.4274005889892578,0.00040114836883731186,0.0002104640007019043,0.00040114836883731186,5.407596111297607,0.5572915077209473,5.611388206481934,0.5070638656616211
199,1.5546388626098633,0.0011118572438135743,0.0006464719772338867,0.0011118572438135743,7.240204811096191,0.46180546283721924,5.646151542663574,0.5071491003036499
200,1.544657588005066,0.0003524860367178917,0.00018256902694702148,0.0003524860367178917,4.629684925079346,0.45746535062789917,5.727907180786133,0.5068930983543396
201,1.3887195587158203,0.00043589764391072094,0.00023990869522094727,0.00043589764391072094,6.023698806762695,0.5876734852790833,5.819834232330322,0.5068078637123108
202,1.5104830265045166,0.0003993369173258543,0.000186920166015625,0.0003993369173258543,4.895706653594971,0.5182290077209473,5.653506755828857,0.5071491003036499
203,1.3983278274536133,0.00032712615211494267,0.00013643503189086914,0.00032712615211494267,7.291893005371094,0.5052083730697632,5.578311920166016,0.5068930983543396
204,1.5292786359786987,0.0003349704493302852,0.00015628337860107422,0.0003349704493302852,5.739065647125244,0.47916650772094727,5.758768558502197,0.506722629070282
205,1.3881034851074219,0.00036733283195644617,0.00015866756439208984,0.00036733283195644617,4.4007463455200195,0.47916650772094727,5.747895240783691,0.5069786310195923
206,1.5216329097747803,0.0003118193708360195,0.00013393163681030273,0.0003118193708360195,6.27940034866333,0.48784732818603516,5.945486545562744,0.5070638656616211
207,1.3690701723098755,0.0004856628947891295,0.0002263188362121582,0.0004856628947891295,5.222543239593506,0.4531249403953552,5.6335835456848145,0.5070638656616211
208,1.6007726192474365,0.00033147394424304366,0.0001679062843322754,0.00033147394424304366,5.949703693389893,0.5486109852790833,5.983559608459473,0.5069786310195923
209,1.5159316062927246,0.00031175100593827665,0.0001563429832458496,0.00031175100593827665,6.675808906555176,0.5182290077209473,5.711233615875244,0.5068078637123108
210,1.5169637203216553,0.0003216720942873508,0.00017821788787841797,0.0003216720942873508,6.466856479644775,0.5269098281860352,5.848852157592773,0.5072343349456787
211,1.4011772871017456,0.000285704416455701,0.00013250112533569336,0.000285704416455701,6.529675483703613,0.6267359852790833,5.818282604217529,0.506722629070282
212,1.4310071468353271,0.00041062384843826294,0.00017392635345458984,0.00041062384843826294,5.2679924964904785,0.5486109852790833,5.678232669830322,0.5070638656616211
213,1.5589776039123535,0.0003664154792204499,0.00013643503189086914,0.0003664154792204499,4.3700995445251465,0.5225694179534912,6.114072322845459,0.5069786310195923
214,1.5117979049682617,0.00036137428833171725,0.00012058019638061523,0.00036137428833171725,4.901973247528076,0.4921874403953552,5.705630302429199,0.5070638656616211
215,1.523432970046997,0.0003310319152660668,0.00016433000564575195,0.0003310319152660668,6.317422866821289,0.45746535062789917,5.632256984710693,0.5068930983543396
216,1.4594604969024658,0.0003594013978727162,0.0001494884490966797,0.0003594013978727162,3.8908679485321045,0.5138888955116272,5.924636363983154,0.5070638656616211
217,1.5509586334228516,0.0002957460528705269,0.0001589059829711914,0.0002957460528705269,7.227734565734863,0.5269098281860352,5.751170635223389,0.5068930983543396
218,1.519479751586914,0.00037467479705810547,9.238719940185547e-05,0.00037467479705810547,5.466520309448242,0.44878482818603516,5.786530494689941,0.5071491003036499
219,1.6135263442993164,0.0002980965073220432,0.0001493692398071289,0.0002980965073220432,7.725661277770996,0.5008679628372192,5.925368785858154,0.5073198676109314
220,1.5289889574050903,0.0002558676933404058,0.0001551508903503418,0.0002558676933404058,4.441077709197998,0.5572915077209473,5.898379325866699,0.5071491003036499
221,1.6372582912445068,0.0002873761404771358,0.0001327991485595703,0.0002873761404771358,5.261416912078857,0.5052083730697632,5.745861053466797,0.5071491003036499
222,1.4959290027618408,0.0002769002167042345,0.00015819072723388672,0.0002769002167042345,5.369823455810547,0.5529513955116272,5.773740768432617,0.5072343349456787
223,1.5024217367172241,0.00027440953999757767,0.0001399517059326172,0.00027440953999757767,8.585381507873535,0.5659723281860352,5.8177080154418945,0.5070638656616211
224,1.5755771398544312,0.00030356968636624515,0.00013679265975952148,0.00030356968636624515,6.1239471435546875,0.6093749403953552,5.8989949226379395,0.5069786310195923
225,1.48099684715271,0.00027815537760034204,0.00016546249389648438,0.00027815537760034204,6.316726207733154,0.5269098281860352,5.800909996032715,0.5071491003036499
226,1.6168367862701416,0.00030674334266223013,0.00014740228652954102,0.00030674334266223013,6.095293998718262,0.5659723281860352,5.903378963470459,0.5069786310195923
227,1.7706270217895508,0.00031801953446120024,0.00012892484664916992,0.00031801953446120024,5.016050815582275,0.3749999403953552,5.80553674697876,0.5069786310195923
228,1.5647300481796265,0.000297175080049783,0.00012892484664916992,0.000297175080049783,4.989874362945557,0.4661458730697632,5.9965667724609375,0.506722629070282
229,1.4468860626220703,0.0003157977480441332,0.00013750791549682617,0.0003157977480441332,3.868016004562378,0.5138888955116272,5.896661758422852,0.5070638656616211
230,1.5932303667068481,0.00026168697513639927,0.0001455545425415039,0.00026168697513639927,5.559963226318359,0.5138888955116272,5.928816795349121,0.5062106251716614
231,1.5556124448776245,0.0002322523796465248,7.152557373046875e-05,0.0002322523796465248,6.865283489227295,0.5789929628372192,6.037656307220459,0.5068078637123108
232,1.6419458389282227,0.00023923881235532463,8.112192153930664e-05,0.00023923881235532463,6.109708786010742,0.4140624403953552,5.8121490478515625,0.5069786310195923
233,1.6368088722229004,0.00030429696198552847,0.00012296438217163086,0.00030429696198552847,6.315372467041016,0.47916650772094727,6.059607028961182,0.5072343349456787
234,1.5541789531707764,0.00025254266802221537,0.00012058019638061523,0.00025254266802221537,9.493599891662598,0.5616319179534912,6.1404523849487305,0.506722629070282
235,1.4774037599563599,0.0002231838006991893,0.00012755393981933594,0.0002231838006991893,3.621077537536621,0.5572915077209473,5.972658634185791,0.5069786310195923
236,1.5115232467651367,0.0002841370878741145,0.0001176595687866211,0.0002841370878741145,5.555312633514404,0.5052083730697632,6.018493175506592,0.5069786310195923
237,1.6071885824203491,0.000263849797192961,0.00011152029037475586,0.000263849797192961,5.992489337921143,0.5486109852790833,5.912472724914551,0.5069786310195923
238,1.5126479864120483,0.0002627400099299848,0.0001380443572998047,0.0002627400099299848,3.7943899631500244,0.5225694179534912,6.124053478240967,0.5065518617630005
239,1.62496817111969,0.00021227156685199589,0.00010454654693603516,0.00021227156685199589,7.189899921417236,0.5833333730697632,5.9998087882995605,0.5061253905296326
240,1.7136754989624023,0.0003562952042557299,0.00012576580047607422,0.0003562952042557299,5.222381114959717,0.45746535062789917,5.916094779968262,0.5062106251716614
241,1.4879305362701416,0.0002232191909570247,0.00011777877807617188,0.0002232191909570247,4.787677764892578,0.5138888955116272,6.110940933227539,0.5056989192962646
242,1.616279125213623,0.00023532225168310106,0.0001150369644165039,0.00023532225168310106,9.384079933166504,0.4661458730697632,6.231426239013672,0.505613386631012
243,1.5894033908843994,0.000216439162613824,0.0001119375228881836,0.000216439162613824,5.941720485687256,0.5182290077209473,6.136079788208008,0.5054429173469543
244,1.5325027704238892,0.00035166338784620166,0.00017082691192626953,0.00035166338784620166,7.594483375549316,0.5442708730697632,6.063299179077148,0.5053576827049255
245,1.6546568870544434,0.00019744715245906264,0.00011372566223144531,0.00019744715245906264,5.435456275939941,0.5052083730697632,6.378811359405518,0.5045896768569946
246,1.6458046436309814,0.0002413890470052138,8.726119995117188e-05,0.0002413890470052138,4.969422817230225,0.4661458730697632,6.0233941078186035,0.5056989192962646
247,1.5530729293823242,0.00017918235971592367,8.046627044677734e-05,0.00017918235971592367,7.385509490966797,0.5442708730697632,6.0861310958862305,0.5058693885803223
248,1.6838794946670532,0.00020586411119438708,8.666515350341797e-05,0.00020586411119438708,7.588334560394287,0.45746535062789917,6.196537971496582,0.5056989192962646
249,1.590532660484314,0.00019057834288105369,7.712841033935547e-05,0.00019057834288105369,6.22417688369751,0.5008679628372192,6.053091049194336,0.5060401558876038
250,1.6939245462417603,0.0002076126547763124,8.249282836914062e-05,0.0002076126547763124,7.001278400421143,0.5269098281860352,6.104416847229004,0.505613386631012
251,1.5180413722991943,0.00018677537445910275,8.630752563476562e-05,0.00018677537445910275,4.0920233726501465,0.4357638955116272,6.248669624328613,0.5054429173469543
252,1.6351513862609863,0.00018842038116417825,0.0001004934310913086,0.00018842038116417825,4.606349945068359,0.5182290077209473,6.065314292907715,0.505954921245575
253,1.5889334678649902,0.0002809625875670463,0.00020051002502441406,0.0002809625875670463,4.467007160186768,0.44878482818603516,6.005539417266846,0.5058693885803223
254,1.6744039058685303,0.0001567869185237214,7.987022399902344e-05,0.0001567869185237214,6.276339530944824,0.47916650772094727,6.22609806060791,0.5045896768569946
255,1.600983738899231,0.00018028105841949582,0.00010091066360473633,0.00018028105841949582,5.22902774810791,0.5746528506278992,6.276373863220215,0.5047604441642761
256,1.6654160022735596,0.00021306765847839415,0.00010889768600463867,0.00021306765847839415,6.36237907409668,0.4748263955116272,6.054903030395508,0.5055281519889832
257,1.6086031198501587,0.00018699720385484397,0.00011271238327026367,0.00018699720385484397,6.775607109069824,0.46180546283721924,5.927315711975098,0.505954921245575
258,1.7194597721099854,0.00019799801521003246,0.00011789798736572266,0.00019799801521003246,4.837874412536621,0.46180546283721924,6.147476673126221,0.5043339729309082
259,1.7135250568389893,0.00021881442808080465,7.069110870361328e-05,0.00021881442808080465,5.726317882537842,0.44878482818603516,5.76719331741333,0.5049309134483337
260,1.6963586807250977,0.0001737473940011114,8.51750373840332e-05,0.0001737473940011114,4.109110355377197,0.4835069179534912,4.480100631713867,0.5007508397102356
261,1.604723572731018,0.00029688645736314356,0.00016194581985473633,0.00029688645736314356,2.7466070652008057,0.5182290077209473,3.9589829444885254,0.505954921245575
262,1.5968048572540283,0.00016974186291918159,0.00010836124420166016,0.00016974186291918159,4.716123580932617,0.6180554628372192,3.88925838470459,0.5066373944282532
263,1.5755345821380615,0.00019074828014709055,9.441375732421875e-05,0.00019074828014709055,5.442328929901123,0.4835069179534912,4.250833988189697,0.5055281519889832
264,1.608372449874878,0.00020315655274316669,0.00013941526412963867,0.00020315655274316669,3.3405263423919678,0.5442708730697632,3.969677686691284,0.5063813924789429
265,1.5392076969146729,0.00019479476031847298,7.88569450378418e-05,0.00019479476031847298,6.379054546356201,0.5789929628372192,4.122189521789551,0.5057841539382935
266,1.6186516284942627,0.00020069899619556963,8.177757263183594e-05,0.00020069899619556963,2.8821804523468018,0.4661458730697632,4.17390251159668,0.5055281519889832
267,1.5117454528808594,0.00015481622540391982,9.775161743164062e-05,0.00015481622540391982,5.068115711212158,0.5703124403953552,4.003386497497559,0.5051016807556152
268,1.7011897563934326,0.00021276941697578877,8.797645568847656e-05,0.00021276941697578877,4.743223667144775,0.5138888955116272,4.091591835021973,0.5045896768569946
269,1.6491502523422241,0.00021793897030875087,0.00011467933654785156,0.00021793897030875087,2.770535945892334,0.4748263955116272,4.12438440322876,0.5045896768569946
270,1.6423903703689575,0.00015779072418808937,0.00011181831359863281,0.00015779072418808937,5.757294654846191,0.5703124403953552,4.143487453460693,0.5048456788063049
271,1.6671557426452637,0.00021619924518745393,5.263090133666992e-05,0.00021619924518745393,3.967111110687256,0.49652785062789917,4.147877216339111,0.5047604441642761
272,1.5355422496795654,0.00012573099229484797,7.545948028564453e-05,0.00012573099229484797,4.781001091003418,0.5399304628372192,4.0873565673828125,0.5053576827049255
273,1.579626441001892,0.00017045807908289135,9.489059448242188e-05,0.00017045807908289135,3.8576483726501465,0.5486109852790833,4.102724075317383,0.5054429173469543
274,1.6841586828231812,0.00012485244951676577,6.896257400512695e-05,0.00012485244951676577,4.782992839813232,0.4053819179534912,4.162266254425049,0.5054429173469543
275,1.6825768947601318,0.0001622857089387253,8.207559585571289e-05,0.0001622857089387253,2.59090256690979,0.5138888955116272,4.120977401733398,0.5053576827049255
276,1.6713201999664307,0.00014138325059320778,8.362531661987305e-05,0.00014138325059320778,4.694439888000488,0.3967013955116272,4.211851596832275,0.5053576827049255
277,1.510349988937378,0.00014289464161265641,8.07642936706543e-05,0.00014289464161265641,6.51112699508667,0.4921874403953552,4.016707420349121,0.5054429173469543
278,1.7185697555541992,0.00015225604875013232,7.176399230957031e-05,0.00015225604875013232,3.7762999534606934,0.5312499403953552,4.135870456695557,0.5049309134483337
279,1.5922068357467651,0.00015038232959341258,8.219480514526367e-05,0.00015038232959341258,3.8510584831237793,0.4835069179534912,4.077604293823242,0.505186915397644
280,1.7252166271209717,0.00013247138122096658,7.587671279907227e-05,0.00013247138122096658,4.417632102966309,0.5312499403953552,4.110954284667969,0.5047604441642761
281,1.612572193145752,0.00012526879436336458,6.729364395141602e-05,0.00012526879436336458,3.606287956237793,0.5355903506278992,4.058931827545166,0.505186915397644
282,1.7277300357818604,0.00011034996714442968,5.5909156799316406e-05,0.00011034996714442968,3.99177622795105,0.5572915077209473,4.2607574462890625,0.5041632056236267
283,1.6196973323822021,0.00011953304783673957,7.75456428527832e-05,0.00011953304783673957,4.301720142364502,0.49652785062789917,4.019101619720459,0.5051016807556152
284,1.6595977544784546,0.0001392639533150941,8.362531661987305e-05,0.0001392639533150941,4.749237537384033,0.5138888955116272,4.1689043045043945,0.5049309134483337
285,1.6430728435516357,0.00012506816710811108,8.320808410644531e-05,0.00012506816710811108,3.020914316177368,0.5312499403953552,4.115937232971191,0.5052721500396729
286,1.6816623210906982,0.00011575726239243522,6.902217864990234e-05,0.00011575726239243522,3.3311991691589355,0.5269098281860352,4.11145544052124,0.5048456788063049
287,1.554488182067871,0.00011117110261693597,6.240606307983398e-05,0.00011117110261693597,4.48159646987915,0.5529513955116272,4.170423984527588,0.504419207572937
288,1.790130376815796,0.00011812858429038897,9.250640869140625e-05,0.00011812858429038897,3.570531129837036,0.44878482818603516,4.114435195922852,0.5046752095222473
289,1.7952879667282104,0.0001397520099999383,0.00010865926742553711,0.0001397520099999383,5.138417720794678,0.49652785062789917,4.19495153427124,0.5047604441642761
290,1.6421825885772705,0.00014960099360905588,0.00011390447616577148,0.00014960099360905588,2.7519350051879883,0.46180546283721924,4.114985466003418,0.5048456788063049
291,1.6695795059204102,0.0002284518996020779,0.00018233060836791992,0.0002284518996020779,3.706939935684204,0.5182290077209473,4.22705078125,0.5045896768569946
292,1.6161547899246216,0.00012621772475540638,7.224082946777344e-05,0.00012621772475540638,2.3261613845825195,0.45746535062789917,4.094533920288086,0.505186915397644
293,1.6910213232040405,9.20560778467916e-05,6.413459777832031e-05,9.20560778467916e-05,3.474910259246826,0.5659723281860352,4.234938621520996,0.5048456788063049
294,1.6340069770812988,0.00010749386274255812,5.841255187988281e-05,0.00010749386274255812,5.734297275543213,0.6267359852790833,3.9588990211486816,0.5058693885803223
295,1.698502540588379,0.00011205514601897448,6.628036499023438e-05,0.00011205514601897448,4.8475494384765625,0.5269098281860352,4.25340461730957,0.5041632056236267
296,1.7622878551483154,0.00012186920503154397,8.970499038696289e-05,0.00012186920503154397,3.944101333618164,0.5529513955116272,4.086084842681885,0.5052721500396729
297,1.6837866306304932,0.00012409122427925467,0.00010538101196289062,0.00012409122427925467,3.842078685760498,0.4357638955116272,4.174040794372559,0.5047604441642761
298,1.6889550685882568,0.00032551397453062236,0.00020951032638549805,0.00032551397453062236,3.6730551719665527,0.4531249403953552,4.222208023071289,0.5045044422149658
299,1.65119206905365,0.0001103804461308755,8.58306884765625e-05,0.0001103804461308755,5.370748519897461,0.5746528506278992,4.01971435546875,0.5056989192962646
300,1.7669391632080078,0.00011635084229055792,8.749961853027344e-05,0.00011635084229055792,4.681358814239502,0.5095484852790833,4.347745418548584,0.5041632056236267
301,1.7308523654937744,0.00011844823893625289,0.0001093149185180664,0.00011844823893625289,5.484610080718994,0.46180546283721924,3.9867637157440186,0.5057841539382935
302,1.7301194667816162,0.00011242196342209354,6.479024887084961e-05,0.00011242196342209354,3.723362922668457,0.47048598527908325,4.2514119148254395,0.5042484402656555
303,1.7937397956848145,0.00010892144200624898,7.730722427368164e-05,0.00010892144200624898,3.067596197128296,0.45746535062789917,4.108408451080322,0.5050164461135864
304,1.7997660636901855,0.00011031594476662576,5.4836273193359375e-05,0.00011031594476662576,6.177248477935791,0.4531249403953552,4.19164514541626,0.5046752095222473
305,1.7669150829315186,0.00011662402539514005,5.412101745605469e-05,0.00011662402539514005,5.517328262329102,0.5269098281860352,4.269613265991211,0.5041632056236267
306,1.8027138710021973,0.00012596497253980488,0.000110626220703125,0.00012596497253980488,5.064952850341797,0.4835069179534912,4.0518317222595215,0.5048456788063049
307,1.7210721969604492,0.00012175281881354749,7.492303848266602e-05,0.00012175281881354749,5.183396339416504,0.5442708730697632,4.28183650970459,0.5039927363395691
308,1.8132871389389038,0.00012692052405327559,0.00011622905731201172,0.00012692052405327559,3.930510997772217,0.4748263955116272,4.187553882598877,0.5039072036743164
309,1.5769063234329224,0.0001392830308759585,6.514787673950195e-05,0.0001392830308759585,5.757308006286621,0.5355903506278992,4.04672384262085,0.5043339729309082
310,1.7762606143951416,0.00013488077092915773,0.00012755393981933594,0.00013488077092915773,4.73717737197876,0.5182290077209473,4.331487655639648,0.5027982592582703
311,1.689141035079956,9.178834443446249e-05,6.085634231567383e-05,9.178834443446249e-05,4.868641376495361,0.46180546283721924,4.070496082305908,0.5045044422149658
312,1.8101794719696045,0.0001811263500712812,9.78708267211914e-05,0.0001811263500712812,4.780228614807129,0.38368046283721924,4.150137901306152,0.5034807324409485
313,1.7001113891601562,0.00010751404624897987,8.672475814819336e-05,0.00010751404624897987,3.4177770614624023,0.49652785062789917,4.1491498947143555,0.5034807324409485
314,1.6753129959106445,9.05674824025482e-05,7.87973403930664e-05,9.05674824025482e-05,2.734121799468994,0.5182290077209473,4.181375503540039,0.5039072036743164
315,1.7666220664978027,0.0001214569783769548,9.882450103759766e-05,0.0001214569783769548,3.539391279220581,0.5182290077209473,4.054091930389404,0.5050164461135864
316,1.8971781730651855,0.00011731425911420956,8.225440979003906e-05,0.00011731425911420956,3.835386037826538,0.41840285062789917,4.090908527374268,0.5048456788063049
317,1.7267839908599854,9.920477896230295e-05,7.736682891845703e-05,9.920477896230295e-05,1.9347692728042603,0.5529513955116272,4.095630645751953,0.5049309134483337
318,1.7769997119903564,0.00012636407336685807,0.00010645389556884766,0.00012636407336685807,4.44913911819458,0.4531249403953552,4.223742485046387,0.504419207572937
319,1.6959481239318848,9.6908348496072e-05,9.626150131225586e-05,9.6908348496072e-05,3.5737740993499756,0.5529513955116272,4.097366809844971,0.5048456788063049
320,1.7227028608322144,9.593884169589728e-05,9.566545486450195e-05,9.593884169589728e-05,4.495378017425537,0.5746528506278992,4.141252040863037,0.5047604441642761
321,1.8338581323623657,8.897038060240448e-05,6.598234176635742e-05,8.897038060240448e-05,4.9049530029296875,0.38368046283721924,4.144598484039307,0.5040779709815979
322,1.714203953742981,0.00012148747919127345,7.224082946777344e-05,0.00012148747919127345,4.567331314086914,0.5225694179534912,4.161931991577148,0.5031394958496094
323,1.685206413269043,8.577422704547644e-05,5.918741226196289e-05,8.577422704547644e-05,2.5770456790924072,0.5269098281860352,3.955681562423706,0.504419207572937
324,1.7004733085632324,7.188218296505511e-05,5.811452865600586e-05,7.188218296505511e-05,3.160508394241333,0.5138888955116272,4.154824256896973,0.5034807324409485
325,1.669968605041504,7.37693189876154e-05,6.22868537902832e-05,7.37693189876154e-05,1.9659996032714844,0.4661458730697632,4.044763088226318,0.5040779709815979
326,1.8164114952087402,9.881087316898629e-05,7.599592208862305e-05,9.881087316898629e-05,4.339334011077881,0.4531249403953552,4.013658046722412,0.5047604441642761
327,1.8718397617340088,0.00014742938219569623,0.00010848045349121094,0.00014742938219569623,3.8692750930786133,0.3967013955116272,4.333616733551025,0.5039927363395691
328,1.830078363418579,8.89452057890594e-05,5.6684017181396484e-05,8.89452057890594e-05,6.410530090332031,0.47916650772094727,4.049924850463867,0.504419207572937
329,1.8207677602767944,9.124034841079265e-05,7.700920104980469e-05,9.124034841079265e-05,5.871238708496094,0.49652785062789917,4.0634331703186035,0.5042484402656555
330,1.7842512130737305,9.061431046575308e-05,7.56382942199707e-05,9.061431046575308e-05,4.394862174987793,0.5312499403953552,4.304251670837402,0.5033954977989197
331,1.7588458061218262,7.998135697562248e-05,5.6743621826171875e-05,7.998135697562248e-05,5.589763641357422,0.48784732818603516,4.1756510734558105,0.5040779709815979
332,1.849860429763794,0.00013307222980074584,5.561113357543945e-05,0.00013307222980074584,3.2772605419158936,0.48784732818603516,4.217941761016846,0.5036512017250061
333,1.7714905738830566,6.917747668921947e-05,4.2319297790527344e-05,6.917747668921947e-05,4.415410995483398,0.5182290077209473,4.138496398925781,0.5042484402656555
334,1.7998692989349365,7.419669418595731e-05,5.8770179748535156e-05,7.419669418595731e-05,6.007262706756592,0.4921874403953552,4.2136945724487305,0.5039927363395691
335,1.7635573148727417,9.917531860992312e-05,6.175041198730469e-05,9.917531860992312e-05,2.869886875152588,0.47916650772094727,4.2402753829956055,0.5039072036743164
336,1.7876214981079102,8.052728662732989e-05,5.543231964111328e-05,8.052728662732989e-05,6.1251678466796875,0.4921874403953552,4.064703464508057,0.5054429173469543
337,1.7752468585968018,7.589784945594147e-05,6.073713302612305e-05,7.589784945594147e-05,6.0505146980285645,0.5659723281860352,4.229564189910889,0.5042484402656555
338,1.8100541830062866,6.99634911143221e-05,6.347894668579102e-05,6.99634911143221e-05,2.6250085830688477,0.5572915077209473,4.046135425567627,0.5051016807556152
339,1.738869309425354,7.126749551389366e-05,6.443262100219727e-05,7.126749551389366e-05,4.063595771789551,0.5138888955116272,4.253326416015625,0.5047604441642761
340,1.6354494094848633,6.381126149790362e-05,5.4955482482910156e-05,6.381126149790362e-05,1.9083553552627563,0.6006944179534912,3.9877970218658447,0.5055281519889832
341,1.869274616241455,6.389906047843397e-05,5.65648078918457e-05,6.389906047843397e-05,3.746962547302246,0.47916650772094727,4.213579177856445,0.5039072036743164
342,1.7707099914550781,0.00010484002996236086,8.827447891235352e-05,0.00010484002996236086,5.039146423339844,0.47916650772094727,4.08072566986084,0.5041632056236267
343,1.848137378692627,7.489098788937554e-05,7.557868957519531e-05,7.489098788937554e-05,5.312509536743164,0.5008679628372192,4.138803005218506,0.5036512017250061
344,1.8359055519104004,7.878126052673906e-05,0.00012618303298950195,7.878126052673906e-05,3.3761353492736816,0.47048598527908325,4.132596492767334,0.5037367343902588
345,1.6534656286239624,7.098229980329052e-05,5.346536636352539e-05,7.098229980329052e-05,3.532961130142212,0.5616319179534912,4.069387912750244,0.503309965133667
346,1.882664442062378,8.457766671199352e-05,9.006261825561523e-05,8.457766671199352e-05,3.126019239425659,0.4444444179534912,4.07095193862915,0.5034807324409485
347,1.8513436317443848,7.72428247728385e-05,7.045269012451172e-05,7.72428247728385e-05,3.193000316619873,0.46180546283721924,4.146361827850342,0.5030542612075806
348,1.7260934114456177,7.126129639800638e-05,6.520748138427734e-05,7.126129639800638e-05,4.883821487426758,0.5052083730697632,4.12981653213501,0.5039072036743164
349,1.7534630298614502,5.4454587370855734e-05,4.410743713378906e-05,5.4454587370855734e-05,4.736145496368408,0.5355903506278992,4.161309242248535,0.5037367343902588
350,1.9527599811553955,7.219584949780256e-05,6.151199340820312e-05,7.219584949780256e-05,4.010708808898926,0.46180546283721924,4.140532970428467,0.5037367343902588
351,1.8824822902679443,6.006999683449976e-05,5.728006362915039e-05,6.006999683449976e-05,6.199212551116943,0.4748263955116272,4.182722091674805,0.5036512017250061
352,1.694930911064148,6.501386815216392e-05,5.459785461425781e-05,6.501386815216392e-05,2.580707311630249,0.5486109852790833,4.152364253997803,0.5038219690322876
353,1.9302897453308105,6.0000380472047254e-05,4.9591064453125e-05,6.0000380472047254e-05,2.169616937637329,0.5052083730697632,4.045461177825928,0.5045896768569946
354,1.8100614547729492,5.6296914408449084e-05,6.61015510559082e-05,5.6296914408449084e-05,4.617907524108887,0.5486109852790833,4.28720235824585,0.5039927363395691
355,1.7826820611953735,5.430160672403872e-05,4.76837158203125e-05,5.430160672403872e-05,3.368964195251465,0.4748263955116272,4.145662784576416,0.504419207572937
356,1.7777155637741089,5.697902088286355e-05,7.981061935424805e-05,5.697902088286355e-05,6.417884826660156,0.5138888955116272,4.062893867492676,0.5046752095222473
357,1.8856844902038574,7.200476102298126e-05,6.538629531860352e-05,7.200476102298126e-05,5.070687770843506,0.48784732818603516,4.246994972229004,0.5041632056236267
358,1.8367581367492676,6.155711162136868e-05,6.842613220214844e-05,6.155711162136868e-05,3.1827523708343506,0.4921874403953552,4.091188907623291,0.5045044422149658
359,1.9215788841247559,7.208000897662714e-05,7.69495964050293e-05,7.208000897662714e-05,5.060585975646973,0.4921874403953552,4.156516075134277,0.5037367343902588
360,1.9826281070709229,5.9968031564494595e-05,6.818771362304688e-05,5.9968031564494595e-05,4.530526638031006,0.49652785062789917,4.084927558898926,0.5043339729309082
361,1.7589302062988281,8.354387682629749e-05,0.00021129846572875977,8.354387682629749e-05,2.6275272369384766,0.49652785062789917,4.10913610458374,0.5042484402656555
362,1.7693054676055908,5.989877172396518e-05,5.1975250244140625e-05,5.989877172396518e-05,3.383876085281372,0.5052083730697632,4.070888996124268,0.5045044422149658
363,1.8118481636047363,5.30842189618852e-05,5.1021575927734375e-05,5.30842189618852e-05,2.7658989429473877,0.46180546283721924,4.137518882751465,0.5039072036743164
364,1.9271020889282227,6.489754741778597e-05,0.00010722875595092773,6.489754741778597e-05,4.9152374267578125,0.44878482818603516,4.187889575958252,0.503309965133667
365,1.8853859901428223,6.257175118662417e-05,4.684925079345703e-05,6.257175118662417e-05,4.095169544219971,0.4531249403953552,4.36722469329834,0.5016037821769714
366,1.9771523475646973,7.28255181456916e-05,0.0001327991485595703,7.28255181456916e-05,5.985454082489014,0.4140624403953552,4.268517971038818,0.50254225730896
367,1.699655532836914,6.174390728119761e-05,5.829334259033203e-05,6.174390728119761e-05,4.58189058303833,0.5225694179534912,4.4174723625183105,0.5014333128929138
368,1.717437982559204,6.329330790322274e-05,5.316734313964844e-05,6.329330790322274e-05,4.286070823669434,0.5312499403953552,4.289525508880615,0.5029687285423279
369,1.8955340385437012,6.33486415608786e-05,0.0001138448715209961,6.33486415608786e-05,7.000285625457764,0.4748263955116272,4.269923686981201,0.5031394958496094
370,1.7461150884628296,5.762791261076927e-05,4.780292510986328e-05,5.762791261076927e-05,2.5471630096435547,0.46180546283721924,4.31989860534668,0.5028834939002991
371,1.8127731084823608,5.9623620472848415e-05,5.733966827392578e-05,5.9623620472848415e-05,5.432088375091553,0.5008679628372192,4.301050186157227,0.5022862553596497
372,1.8129291534423828,6.721969839418307e-05,8.32676887512207e-05,6.721969839418307e-05,3.786156177520752,0.5182290077209473,4.242829322814941,0.5019450187683105
373,1.9157893657684326,5.6580429372843355e-05,5.3942203521728516e-05,5.6580429372843355e-05,6.375715255737305,0.5138888955116272,4.28300142288208,0.5023717880249023
374,1.8278567790985107,4.574203194351867e-05,3.886222839355469e-05,4.574203194351867e-05,2.9923343658447266,0.46180546283721924,4.263930797576904,0.5032247304916382
375,1.8399641513824463,5.066161247668788e-05,5.340576171875e-05,5.066161247668788e-05,4.394044876098633,0.5052083730697632,4.335110664367676,0.5027982592582703
376,1.846893310546875,7.615875802002847e-05,6.413459777832031e-05,7.615875802002847e-05,5.384209156036377,0.4357638955116272,4.324901103973389,0.5019450187683105
377,1.897995948791504,8.114198135444894e-05,7.510185241699219e-05,8.114198135444894e-05,3.6676645278930664,0.40104150772094727,4.235865116119385,0.5018597841262817
378,1.8206818103790283,8.599304419476539e-05,4.029273986816406e-05,8.599304419476539e-05,4.669675827026367,0.5052083730697632,4.823056697845459,0.4538288712501526
379,1.85368013381958,7.267815817613155e-05,6.008148193359375e-05,7.267815817613155e-05,4.198361396789551,0.4357638955116272,4.213712215423584,0.42849093675613403
380,1.8142244815826416,6.01511201239191e-05,4.017353057861328e-05,6.01511201239191e-05,4.376110553741455,0.37934035062789917,4.6118855476379395,0.43565720319747925
381,1.7998580932617188,5.2326955483295023e-05,2.4497509002685547e-05,5.2326955483295023e-05,2.5568199157714844,0.4053819179534912,4.0930070877075195,0.4406052827835083
382,1.8940255641937256,6.300090171862394e-05,4.8995018005371094e-05,6.300090171862394e-05,6.683075904846191,0.37065982818603516,4.1952314376831055,0.4382166266441345
383,1.8094403743743896,5.8058132708538324e-05,5.900859832763672e-05,5.8058132708538324e-05,5.8885884284973145,0.45746535062789917,4.128376483917236,0.43958157300949097
384,1.699289321899414,6.782922719139606e-05,4.6133995056152344e-05,6.782922719139606e-05,2.474743366241455,0.47916650772094727,4.2198686599731445,0.4399228096008301
385,1.8906313180923462,5.3690459026256576e-05,7.683038711547852e-05,5.3690459026256576e-05,2.5646121501922607,0.4053819179534912,4.270998477935791,0.440349280834198
386,1.7597839832305908,4.9807727918960154e-05,5.0187110900878906e-05,4.9807727918960154e-05,3.02760910987854,0.5052083730697632,4.0733160972595215,0.4412877559661865
387,1.7486348152160645,0.00010786216444103047,4.76837158203125e-07,0.00010786216444103047,3.8148767948150635,0.5269098281860352,4.245490074157715,0.4409465193748474
388,1.685007095336914,0.00013008469250053167,0.0001888871192932129,0.00013008469250053167,3.6737143993377686,0.5052083730697632,4.073904514312744,0.441458523273468
389,1.97981858253479,6.188788393046707e-05,5.9723854064941406e-05,6.188788393046707e-05,6.714427947998047,0.36197900772094727,4.3163371086120605,0.4411172866821289
390,1.7517039775848389,5.368579149944708e-05,6.282329559326172e-05,5.368579149944708e-05,4.164801120758057,0.4270833730697632,4.049936294555664,0.4412025213241577
391,1.886357307434082,4.785724013345316e-05,6.586313247680664e-05,4.785724013345316e-05,4.04246711730957,0.41840285062789917,4.203930854797363,0.43983757495880127
392,1.8941762447357178,5.3818264859728515e-05,6.389617919921875e-05,5.3818264859728515e-05,6.255088806152344,0.3359374403953552,4.306277751922607,0.4400935769081116
393,1.838120937347412,4.378896119305864e-05,5.257129669189453e-05,4.378896119305864e-05,5.439217567443848,0.37934035062789917,4.188643455505371,0.4406905174255371
394,2.041642189025879,4.4643631554208696e-05,6.341934204101562e-05,4.4643631554208696e-05,3.9557721614837646,0.4357638955116272,4.08839750289917,0.4407760500907898
395,1.9321460723876953,4.469219857128337e-05,4.8995018005371094e-05,4.469219857128337e-05,5.491111755371094,0.40972232818603516,4.258342266082764,0.4402640461921692
396,1.783098816871643,4.9561836931388825e-05,4.357099533081055e-05,4.9561836931388825e-05,6.349118232727051,0.5008679628372192,4.179960250854492,0.4406052827835083
397,2.0235090255737305,4.610327596310526e-05,5.8770179748535156e-05,4.610327596310526e-05,3.9655423164367676,0.3576388955116272,4.277698516845703,0.43983757495880127
398,1.8353312015533447,4.540104418992996e-05,3.7789344787597656e-05,4.540104418992996e-05,7.043427467346191,0.41840285062789917,4.125120162963867,0.440349280834198
399,1.8772343397140503,5.6836564908735454e-05,0.00013113021850585938,5.6836564908735454e-05,5.378699779510498,0.37065982818603516,4.287956237792969,0.4400935769081116
