,loss_g,loss_d,train_wd,train_ce_d,train_mse,train_acc,test_mse,test_acc
0,0.12747405469417572,0.7133045196533203,-6.318092346191406e-06,0.7133045196533203,0.18293672800064087,0.24045138888888873,0.12396679073572159,0.20974952224952215
1,0.06807968765497208,0.5235188007354736,-0.006511211395263672,0.5235188007354736,0.12882541120052338,0.06249999999999978,0.0931982547044754,0.14124351624351605
2,0.08132108300924301,0.43720078468322754,0.0014982223510742188,0.43720078468322754,0.12479836493730545,0.11024305555555558,0.08275025337934494,0.16265697515697508
3,0.1385289430618286,0.3721243441104889,0.01483219861984253,0.3721243441104889,0.0942547544836998,0.09288194444444398,0.09621873497962952,0.17289448539448526
4,0.14680899679660797,0.30045533180236816,0.01872497797012329,0.30045533180236816,0.16345438361167908,0.21874999999999978,0.13984982669353485,0.18108449358449352
5,0.2637098431587219,0.26231521368026733,0.030377984046936035,0.26231521368026733,0.14828026294708252,0.17534722222222188,0.13012175261974335,0.18953043953043924
6,0.30404675006866455,0.20099134743213654,0.03303605318069458,0.20099134743213654,0.17600417137145996,0.19270833333333293,0.12569445371627808,0.21316202566202536
7,0.3424142003059387,0.17514052987098694,0.038147032260894775,0.17514052987098694,0.20445623993873596,0.27951388888888873,0.13335810601711273,0.30248430248430214
8,0.43199622631073,0.14072345197200775,0.03936523199081421,0.14072345197200775,0.21147826313972473,0.24913194444444398,0.16551817953586578,0.30333742833742794
9,0.48268643021583557,0.10715646296739578,0.037708938121795654,0.10715646296739578,0.19130827486515045,0.405381944444444,0.17007853090763092,0.31246587496587486
10,0.49659210443496704,0.09501863270998001,0.03575599193572998,0.09501863270998001,0.22600451111793518,0.3055555555555556,0.1800766885280609,0.3048730548730544
11,0.5585877895355225,0.07633636146783829,0.032066524028778076,0.07633636146783829,0.17766325175762177,0.3446180555555556,0.1531132608652115,0.3056408681408679
12,0.6869739294052124,0.06901620328426361,0.04085588455200195,0.06901620328426361,0.18099743127822876,0.20572916666666663,0.17462635040283203,0.302569615069615
13,0.6370568871498108,0.059286199510097504,0.03028106689453125,0.059286199510097504,0.15952205657958984,0.3359374999999998,0.15079601109027863,0.30239898989898983
14,0.7451794743537903,0.05654192715883255,0.031135618686676025,0.05654192715883255,0.21552333235740662,0.2751736111111108,0.14883539080619812,0.30495836745836724
15,0.8469603061676025,0.05486724525690079,0.0296899676322937,0.05486724525690079,0.3223804533481598,0.27951388888888873,0.14631041884422302,0.29105241605241583
16,0.7450137734413147,0.05177142098546028,0.023420870304107666,0.05177142098546028,0.1802392601966858,0.2968749999999998,0.15736815333366394,0.24984643734643708
17,0.7519639134407043,0.054430533200502396,0.01870417594909668,0.054430533200502396,0.17318768799304962,0.19704861111111083,0.13225625455379486,0.22800641550641543
18,0.897754967212677,0.054803188890218735,0.014071822166442871,0.054803188890218735,0.10121949017047882,0.12760416666666663,0.10574182122945786,0.20864045864045833
19,0.757798433303833,0.05041365325450897,0.011976778507232666,0.05041365325450897,0.08585800975561142,0.19704861111111083,0.0803898498415947,0.21179702429702407
20,0.692328929901123,0.043868664652109146,0.011212766170501709,0.043868664652109146,0.10462772101163864,0.21006944444444398,0.07405523955821991,0.20864045864045833
21,0.8284499645233154,0.04300924018025398,0.005477011203765869,0.04300924018025398,0.1195426881313324,0.14496527777777768,0.07341790944337845,0.20864045864045833
22,0.7990518808364868,0.04215903952717781,0.006541907787322998,0.04215903952717781,0.07429852336645126,0.21006944444444398,0.06891629844903946,0.24916393666393644
23,0.775956928730011,0.03571074828505516,0.0037724971771240234,0.03571074828505516,0.09407704323530197,0.2664930555555556,0.08174724131822586,0.24566612066612037
24,1.0002866983413696,0.03569477051496506,0.005408167839050293,0.03569477051496506,0.10687761008739471,0.21874999999999978,0.07958975434303284,0.2518086268086267
25,0.91550213098526,0.03392710164189339,0.00498729944229126,0.03392710164189339,0.11247372627258301,0.19704861111111083,0.07929025590419769,0.25445331695331697
26,0.9528063535690308,0.028399942442774773,0.004530370235443115,0.028399942442774773,0.16015911102294922,0.2925347222222219,0.07930392771959305,0.2443864318864314
27,1.0087544918060303,0.02997107058763504,0.004558563232421875,0.02997107058763504,0.14158248901367188,0.24045138888888873,0.07925299555063248,0.24353330603330559
28,0.9324288368225098,0.028149422258138657,0.00526660680770874,0.028149422258138657,0.1308439075946808,0.3012152777777777,0.07998494058847427,0.27740240240240244
29,0.889690101146698,0.02612495794892311,0.003946065902709961,0.02612495794892311,0.22360138595104218,0.2968749999999998,0.1722392737865448,0.28806647556647524
30,1.0003688335418701,0.026529990136623383,0.004194974899291992,0.026529990136623383,0.27578774094581604,0.3098958333333329,0.172171950340271,0.28798116298116294
31,1.0199718475341797,0.0239234808832407,0.0035575032234191895,0.0239234808832407,0.2018432319164276,0.2578124999999998,0.16453205049037933,0.28798116298116294
32,1.0489271879196167,0.022809572517871857,0.0037384629249572754,0.022809572517871857,0.13472285866737366,0.24045138888888873,0.08645206689834595,0.28798116298116294
33,1.1990892887115479,0.02174253761768341,0.0037889480590820312,0.02174253761768341,0.11946704238653183,0.2751736111111108,0.08093401044607162,0.28798116298116294
34,1.0991528034210205,0.02139509841799736,0.003165900707244873,0.02139509841799736,0.10332529246807098,0.31857638888888873,0.08415757119655609,0.28891960141960105
35,1.0973923206329346,0.019812768325209618,0.0026980042457580566,0.019812768325209618,0.12985476851463318,0.3359374999999998,0.17742714285850525,0.2884930384930384
36,1.1411627531051636,0.019024880602955818,0.0019892454147338867,0.019024880602955818,0.17943896353244781,0.3012152777777777,0.17877136170864105,0.29531804531804484
37,1.1869733333587646,0.017699362710118294,0.0022262930870056152,0.017699362710118294,0.13296985626220703,0.28385416666666663,0.09622907638549805,0.24430111930111909
38,1.2110251188278198,0.01783500611782074,0.0018726587295532227,0.01783500611782074,0.10964278876781464,0.21006944444444398,0.0851302444934845,0.23995017745017722
39,1.0129492282867432,0.016713475808501244,0.0019798874855041504,0.016713475808501244,0.10679890215396881,0.23177083333333293,0.07742894440889359,0.24259486759486748
40,1.1580615043640137,0.01594272255897522,0.0015373826026916504,0.01594272255897522,0.09140052646398544,0.2534722222222219,0.07716048508882523,0.2733927108927109
41,1.0289099216461182,0.014828156679868698,0.0017036795616149902,0.014828156679868698,0.10225663334131241,0.32291666666666663,0.07748614251613617,0.2797058422058418
42,1.2599806785583496,0.01481704879552126,0.001530766487121582,0.01481704879552126,0.10132864862680435,0.2751736111111108,0.07780281454324722,0.2802177177177173
43,1.1958184242248535,0.013861753977835178,0.001814723014831543,0.013861753977835178,0.08796142041683197,0.327256944444444,0.07728908210992813,0.2807295932295928
44,1.2337467670440674,0.014129998162388802,0.0011109113693237305,0.014129998162388802,0.1130409762263298,0.2578124999999998,0.07704049348831177,0.2806442806442805
45,1.169900894165039,0.012078366242349148,0.001429736614227295,0.012078366242349148,0.13312289118766785,0.20572916666666663,0.07668913900852203,0.2806442806442805
46,1.3242534399032593,0.01232774369418621,0.0014491677284240723,0.01232774369418621,0.10529473423957825,0.2751736111111108,0.07664033025503159,0.28115615615615597
47,1.136388897895813,0.011547797359526157,0.0009011626243591309,0.011547797359526157,0.09538999944925308,0.24045138888888873,0.07664216309785843,0.2810708435708431
48,1.2415192127227783,0.011269468814134598,0.0012704133987426758,0.011269468814134598,0.11339475214481354,0.27951388888888873,0.07664216309785843,0.28115615615615597
49,1.2470409870147705,0.01019672304391861,0.0012900233268737793,0.01019672304391861,0.08332677185535431,0.288194444444444,0.07664216309785843,0.28115615615615597
50,1.3343117237091064,0.010678515769541264,0.001415252685546875,0.010678515769541264,0.07669463753700256,0.24479166666666663,0.07664216309785843,0.28115615615615597
51,1.2002032995224,0.00979267992079258,0.0016609430313110352,0.00979267992079258,0.09509104490280151,0.3055555555555556,0.07664215564727783,0.28115615615615597
52,1.1952520608901978,0.009146180003881454,0.001172184944152832,0.009146180003881454,0.09835277497768402,0.22309027777777768,0.07720039039850235,0.2814974064974063
53,1.2886781692504883,0.008303423412144184,0.0015233159065246582,0.008303423412144184,0.1710692197084427,0.2708333333333329,0.08055630326271057,0.2815827190827186
54,1.361638069152832,0.008501456119120121,0.001221001148223877,0.008501456119120121,0.14802515506744385,0.35763888888888873,0.08263840526342392,0.28166803166803145
55,1.2456125020980835,0.008337716571986675,0.001162707805633545,0.008337716571986675,0.10223802924156189,0.3446180555555556,0.08285760134458542,0.2818386568386566
56,1.1526492834091187,0.007812037132680416,0.0013530254364013672,0.007812037132680416,0.08527043461799622,0.3098958333333329,0.08388029038906097,0.2818386568386566
57,1.3457072973251343,0.008162946440279484,0.0017259716987609863,0.008162946440279484,0.1243477389216423,0.288194444444444,0.08530931174755096,0.2820945945945946
58,1.2760567665100098,0.006655960809439421,0.001041710376739502,0.006655960809439421,0.09814013540744781,0.288194444444444,0.08623761683702469,0.2823505323505321
59,1.3199440240859985,0.006240474991500378,0.0011420845985412598,0.006240474991500378,0.12944671511650085,0.15798611111111083,0.08675902336835861,0.2822652197652198
60,1.2107605934143066,0.006161217577755451,0.0010249018669128418,0.006161217577755451,0.09759502112865448,0.3402777777777777,0.0869324579834938,0.2822652197652198
61,1.4491032361984253,0.006655908655375242,0.0009251236915588379,0.006655908655375242,0.14075762033462524,0.2578124999999998,0.08710865676403046,0.28243584493584495
62,1.1965709924697876,0.005973643157631159,0.0012714862823486328,0.005973643157631159,0.10576567053794861,0.36197916666666663,0.08734551817178726,0.2823505323505321
63,1.4184273481369019,0.006226829718798399,0.0013239383697509766,0.006226829718798399,0.13728991150856018,0.31857638888888873,0.08753771334886551,0.2826064701064701
64,1.395261526107788,0.00557494955137372,0.00109785795211792,0.00557494955137372,0.1789553463459015,0.24913194444444398,0.08775746077299118,0.2826064701064701
65,1.3175379037857056,0.0051586017943918705,0.0009481906890869141,0.0051586017943918705,0.10188326239585876,0.24045138888888873,0.08819789439439774,0.2826917826917824
66,1.3469024896621704,0.005135541781783104,0.0011175870895385742,0.005135541781783104,0.18848702311515808,0.23611111111111083,0.08816032111644745,0.2826064701064701
67,1.1882730722427368,0.00497522484511137,0.0012306571006774902,0.00497522484511137,0.06694816052913666,0.39670138888888873,0.08804977685213089,0.2826064701064701
68,1.467690348625183,0.004916498437523842,0.001131892204284668,0.004916498437523842,0.17002178728580475,0.3098958333333329,0.08849801123142242,0.2826064701064701
69,1.4782836437225342,0.0048560937866568565,0.001236557960510254,0.0048560937866568565,0.13941316306591034,0.327256944444444,0.08864932507276535,0.28277709527709527
70,1.5259790420532227,0.004346742760390043,0.0009816288948059082,0.004346742760390043,0.15659889578819275,0.24479166666666663,0.088563933968544,0.2826917826917824
71,1.4282124042510986,0.0039440602995455265,0.0009298324584960938,0.0039440602995455265,0.15191446244716644,0.28385416666666663,0.08843334019184113,0.28294772044772043
72,1.4392518997192383,0.003956930246204138,0.001007080078125,0.003956930246204138,0.12031789869070053,0.3055555555555556,0.09009876102209091,0.28294772044772043
73,1.5409871339797974,0.00445851543918252,0.0008485317230224609,0.00445851543918252,0.13358506560325623,0.2968749999999998,0.09171299636363983,0.28388615888615853
74,1.5459233522415161,0.0037117295432835817,0.0011356472969055176,0.0037117295432835817,0.10365092754364014,0.2621527777777777,0.09248404949903488,0.2840567840567837
75,1.6061336994171143,0.003777863457798958,0.0010654330253601074,0.003777863457798958,0.14107927680015564,0.2621527777777777,0.092594675719738,0.2840567840567837
76,1.3568521738052368,0.0039808847941458225,0.0010767579078674316,0.0039808847941458225,0.1450044810771942,0.2578124999999998,0.09312687814235687,0.2839714714714714
77,1.645756483078003,0.003622422693297267,0.000871121883392334,0.003622422693297267,0.11005714535713196,0.24045138888888873,0.09359609335660934,0.2843127218127217
78,1.6269590854644775,0.0032883058302104473,0.0006989836692810059,0.0032883058302104473,0.14558424055576324,0.3359374999999998,0.09371016919612885,0.28422740922740886
79,1.6461360454559326,0.003396822838112712,0.0009061098098754883,0.003396822838112712,0.1376374363899231,0.2751736111111108,0.09377872198820114,0.28414209664209655
80,1.402632713317871,0.0031769347842782736,0.0009769797325134277,0.0031769347842782736,0.10939183086156845,0.2708333333333329,0.09380179643630981,0.2843127218127217
81,1.681789517402649,0.002952803857624531,0.0007976889610290527,0.002952803857624531,0.09868019819259644,0.3359374999999998,0.09380026161670685,0.28422740922740886
82,1.531664490699768,0.00272540794685483,0.0008234977722167969,0.00272540794685483,0.11024139821529388,0.2968749999999998,0.09380026161670685,0.28414209664209655
83,1.2299810647964478,0.0029261047020554543,0.0010530352592468262,0.0029261047020554543,0.12484391033649445,0.3880208333333329,0.09375762194395065,0.28422740922740886
84,1.5497233867645264,0.0025283752474933863,0.0008043050765991211,0.0025283752474933863,0.1059551015496254,0.2708333333333329,0.09380026161670685,0.2840567840567837
85,1.3855071067810059,0.0029309268575161695,0.0008726119995117188,0.0029309268575161695,0.09038855135440826,0.2621527777777777,0.09380026161670685,0.2840567840567837
86,1.6750961542129517,0.0026002656668424606,0.0008894801139831543,0.0026002656668424606,0.11542069166898727,0.23177083333333293,0.09380026161670685,0.28414209664209655
87,1.5958784818649292,0.0027981249149888754,0.0006592273712158203,0.0027981249149888754,0.12667083740234375,0.17968749999999978,0.09378960728645325,0.2843127218127217
88,1.6821703910827637,0.0027438842225819826,0.000882267951965332,0.0027438842225819826,0.09513256698846817,0.28385416666666663,0.09378960728645325,0.2843127218127217
89,1.5571821928024292,0.0024674786254763603,0.0007318258285522461,0.0024674786254763603,0.1147361546754837,0.2578124999999998,0.09385021775960922,0.2843127218127217
90,1.4605246782302856,0.0023519813548773527,0.0008867383003234863,0.0023519813548773527,0.17589305341243744,0.2621527777777777,0.0938791036605835,0.28388615888615853
91,1.6442906856536865,0.002459427807480097,0.000723719596862793,0.002459427807480097,0.12101028114557266,0.23177083333333293,0.0936959832906723,0.28388615888615853
92,1.7730205059051514,0.0020285744685679674,0.000648200511932373,0.0020285744685679674,0.1168612390756607,0.20138888888888873,0.093722403049469,0.28380084630084623
93,1.5868481397628784,0.0021115040872246027,0.0008409023284912109,0.0021115040872246027,0.10254350304603577,0.28385416666666663,0.09364200383424759,0.28380084630084623
94,1.4487519264221191,0.002109118737280369,0.000462949275970459,0.002109118737280369,0.14909783005714417,0.288194444444444,0.09363134950399399,0.28380084630084623
95,1.4746980667114258,0.002177204703912139,0.0005417466163635254,0.002177204703912139,0.10091845691204071,0.21006944444444398,0.08295100182294846,0.27953521703521667
96,1.6148736476898193,0.001788992783986032,0.000582277774810791,0.001788992783986032,0.09531755745410919,0.3012152777777777,0.08263840526342392,0.2772317772317773
97,1.6407573223114014,0.0020764218643307686,0.0005834102630615234,0.0020764218643307686,0.1214897632598877,0.17968749999999978,0.08263840526342392,0.2751842751842748
98,1.4981211423873901,0.0019823145121335983,0.0008539557456970215,0.0019823145121335983,0.16032715141773224,0.3055555555555556,0.08263840526342392,0.2755255255255251
99,1.5581560134887695,0.0017783533548936248,0.0006322860717773438,0.0017783533548936248,0.10255233198404312,0.405381944444444,0.08263840526342392,0.2755255255255251
100,1.5799025297164917,0.0017521469853818417,0.0007452964782714844,0.0017521469853818417,0.1374439150094986,0.24045138888888873,0.08263840526342392,0.27535490035489996
101,1.5524176359176636,0.001796133816242218,0.00040334463119506836,0.001796133816242218,0.09882310032844543,0.3012152777777777,0.0826464369893074,0.27748771498771474
102,1.5285348892211914,0.0018829053733497858,0.0006580352783203125,0.0018829053733497858,0.13032743334770203,0.3532986111111108,0.10183568298816681,0.28277709527709527
103,1.4453999996185303,0.0015913622919470072,0.0006180405616760254,0.0015913622919470072,0.14009222388267517,0.24913194444444398,0.10512563586235046,0.2695536445536445
104,1.602530837059021,0.0014655282720923424,0.0006161332130432129,0.0014655282720923424,0.13668447732925415,0.2968749999999998,0.10576609522104263,0.25888957138957114
105,1.5791678428649902,0.0016609284793958068,0.0005622506141662598,0.0016609284793958068,0.1658128798007965,0.24045138888888873,0.1057182177901268,0.2610223860223859
106,1.5539973974227905,0.0016428109956905246,0.00047129392623901367,0.0016428109956905246,0.09901341795921326,0.2534722222222219,0.10300210118293762,0.27057739557739546
107,1.6681047677993774,0.001540705910883844,0.0006321072578430176,0.001540705910883844,0.13663648068904877,0.24913194444444398,0.1018708124756813,0.2751842751842748
108,1.6426008939743042,0.0017329948022961617,0.000603795051574707,0.0017329948022961617,0.17433373630046844,0.2534722222222219,0.1017594039440155,0.27825552825552824
109,1.9061224460601807,0.0014677802100777626,0.0007306933403015137,0.0014677802100777626,0.16011591255664825,0.3359374999999998,0.1017276719212532,0.27996177996177984
110,1.5662188529968262,0.001431585755199194,0.0006213188171386719,0.001431585755199194,0.15860256552696228,0.3098958333333329,0.10156204551458359,0.2806442806442805
111,1.9319963455200195,0.0014330038102343678,0.0007042288780212402,0.0014330038102343678,0.12935000658035278,0.21874999999999978,0.10149242728948593,0.2807295932295928
112,1.900342583656311,0.0015174254076555371,0.0005065798759460449,0.0015174254076555371,0.1248241439461708,0.13628472222222188,0.10149881988763809,0.28055896805896763
113,1.6386867761611938,0.001174687291495502,0.0005645155906677246,0.001174687291495502,0.16285602748394012,0.2751736111111108,0.10150360316038132,0.2804736554736553
114,1.8299885988235474,0.0013030769769102335,0.0006158351898193359,0.0013030769769102335,0.12372900545597076,0.2621527777777777,0.10151425749063492,0.2804736554736553
115,1.695847988128662,0.0012914326507598162,0.0005193948745727539,0.0012914326507598162,0.12756307423114777,0.17100694444444398,0.10147117078304291,0.2809855309855308
116,1.606992244720459,0.0010997267672792077,0.0004864335060119629,0.0010997267672792077,0.12539410591125488,0.24479166666666663,0.10147117078304291,0.28192396942396947
117,1.826416015625,0.0011561224237084389,0.0005881786346435547,0.0011561224237084389,0.11134125292301178,0.21006944444444398,0.10150337964296341,0.2823505323505321
118,1.601674199104309,0.0012503988109529018,0.0005558133125305176,0.0012503988109529018,0.15768899023532867,0.24913194444444398,0.10152491927146912,0.2826917826917824
119,1.8416768312454224,0.0010670862393453717,0.0005084872245788574,0.0010670862393453717,0.1180427148938179,0.22309027777777768,0.10154034197330475,0.2831183456183456
120,1.578912377357483,0.0011134074302390218,0.0005791187286376953,0.0011134074302390218,0.11191435903310776,0.21006944444444398,0.10151878744363785,0.2832036582036579
121,1.7706058025360107,0.0010849054669961333,0.000595390796661377,0.0010849054669961333,0.12221299856901169,0.16232638888888873,0.10181553661823273,0.2832036582036579
122,1.8798071146011353,0.0009654488530941308,0.00046056509017944336,0.0009654488530941308,0.1561232954263687,0.20572916666666663,0.10495948791503906,0.28277709527709527
123,1.6781984567642212,0.0009748821030370891,0.0005362629890441895,0.0009748821030370891,0.1626059114933014,0.3532986111111108,0.11268351972103119,0.28286240786240757
124,1.8991116285324097,0.0009734451305121183,0.0004774928092956543,0.0009734451305121183,0.095070019364357,0.3923611111111108,0.11659527570009232,0.2831183456183456
125,1.633196234703064,0.0010718181729316711,0.00041371583938598633,0.0010718181729316711,0.1409868597984314,0.32291666666666663,0.12554296851158142,0.2823505323505321
126,1.6748430728912354,0.000992543064057827,0.0005461573600769043,0.000992543064057827,0.15663525462150574,0.27951388888888873,0.1293981969356537,0.2818386568386566
127,1.746087908744812,0.0008555600070394576,0.0005274415016174316,0.0008555600070394576,0.1571507751941681,0.2751736111111108,0.13167700171470642,0.28192396942396947
128,1.7427325248718262,0.0007545321714133024,0.0004779696464538574,0.0007545321714133024,0.1744585633277893,0.3098958333333329,0.1334764063358307,0.2820945945945946
129,1.7026840448379517,0.0008531108032912016,0.000444948673248291,0.0008531108032912016,0.13921469449996948,0.3098958333333329,0.13588069379329681,0.28192396942396947
130,1.7226265668869019,0.0008649502415210009,0.0005609989166259766,0.0008649502415210009,0.18225926160812378,0.32291666666666663,0.14901554584503174,0.2820945945945946
131,1.8026753664016724,0.0007548637222498655,0.00046133995056152344,0.0007548637222498655,0.2638995349407196,0.3402777777777777,0.15699999034404755,0.28217990717990693
132,1.6441386938095093,0.0007820713799446821,0.0005480051040649414,0.0007820713799446821,0.15926919877529144,0.2751736111111108,0.1601659655570984,0.28243584493584495
133,1.611677646636963,0.0008691702387295663,0.0005611777305603027,0.0008691702387295663,0.20763757824897766,0.24045138888888873,0.16197837889194489,0.2826064701064701
134,1.782326579093933,0.001009944942779839,0.0005789995193481445,0.001009944942779839,0.2091764360666275,0.2664930555555556,0.1640326827764511,0.28252115752115725
135,1.7788958549499512,0.0007769267540425062,0.0004242062568664551,0.0007769267540425062,0.19749070703983307,0.22309027777777768,0.17579305171966553,0.2826064701064701
136,1.696868896484375,0.0007553487084805965,0.0005021095275878906,0.0007553487084805965,0.19603581726551056,0.3489583333333329,0.17957837879657745,0.2823505323505321
137,1.6806163787841797,0.0007597936200909317,0.0005105733871459961,0.0007597936200909317,0.17702338099479675,0.3098958333333329,0.1816428154706955,0.28200928200928177
138,1.5441921949386597,0.000633938645478338,0.00047534704208374023,0.000633938645478338,0.18802790343761444,0.2925347222222219,0.1826813668012619,0.2820945945945946
139,1.72124445438385,0.0006423890590667725,0.0004442930221557617,0.0006423890590667725,0.170149564743042,0.3055555555555556,0.18351684510707855,0.2822652197652198
140,1.7886972427368164,0.000745686877053231,0.00046902894973754883,0.000745686877053231,0.29778188467025757,0.23611111111111083,0.18380439281463623,0.28294772044772043
141,1.8012417554855347,0.000742293254006654,0.000507056713104248,0.000742293254006654,0.3110467195510864,0.22309027777777768,0.18380942940711975,0.2831183456183456
142,1.8963525295257568,0.0007035622838884592,0.00042515993118286133,0.0007035622838884592,0.22071392834186554,0.327256944444444,0.18382209539413452,0.2832036582036579
143,1.5303878784179688,0.000679377990309149,0.0004061460494995117,0.000679377990309149,0.19176368415355682,0.327256944444444,0.1839253455400467,0.2835449085449082
144,1.9410077333450317,0.0006015930557623506,0.0004317164421081543,0.0006015930557623506,0.21892276406288147,0.24479166666666663,0.18404363095760345,0.2835449085449082
145,1.777610421180725,0.0006623634253628552,0.00047194957733154297,0.0006623634253628552,0.16040293872356415,0.2534722222222219,0.11000905930995941,0.2754402129402128
146,2.037475109100342,0.0006786391604691744,0.0003528594970703125,0.0006786391604691744,0.11814680695533752,0.22309027777777768,0.10770358145236969,0.25539175539175507
147,1.8825654983520508,0.0006119211320765316,0.00042307376861572266,0.0006119211320765316,0.1717546135187149,0.3402777777777777,0.10780031979084015,0.25675675675675635
148,1.8780431747436523,0.0005303337820805609,0.00037741661071777344,0.0005303337820805609,0.13900791108608246,0.24913194444444398,0.10783292353153229,0.258974883974884
149,1.8775023221969604,0.0006105048814788461,0.0004489421844482422,0.0006105048814788461,0.17938479781150818,0.27951388888888873,0.10783292353153229,0.2610223860223859
150,1.9140682220458984,0.0006667692796327174,0.0005071163177490234,0.0006667692796327174,0.20288032293319702,0.2664930555555556,0.10783292353153229,0.2623873873873872
151,1.6114723682403564,0.0005079894908703864,0.0004659891128540039,0.0005079894908703864,0.10549180209636688,0.3055555555555556,0.10783292353153229,0.26383770133770135
152,1.7263689041137695,0.0005450093885883689,0.0005272030830383301,0.0005450093885883689,0.19369350373744965,0.18836805555555558,0.10782507807016373,0.2648614523614523
153,1.6919395923614502,0.0005372885498218238,0.0005119442939758301,0.0005372885498218238,0.1220502182841301,0.288194444444444,0.10786129534244537,0.2662264537264536
154,1.7769325971603394,0.0006859855493530631,0.0005464553833007812,0.0006859855493530631,0.1038612425327301,0.21874999999999978,0.10707442462444305,0.26938301938301934
155,2.114030361175537,0.0005088705802336335,0.0006813406944274902,0.0005088705802336335,0.14736512303352356,0.2664930555555556,0.10613932460546494,0.2696389571389568
156,2.0352861881256104,0.0004830853722523898,0.0005679726600646973,0.0004830853722523898,0.09449151903390884,0.24045138888888873,0.10593826323747635,0.26980958230958196
157,1.5023467540740967,0.0005113115184940398,0.0005930066108703613,0.0005113115184940398,0.14673450589179993,0.23177083333333293,0.10591575503349304,0.2696389571389568
158,1.6190216541290283,0.0006092212861403823,0.0008631348609924316,0.0006092212861403823,0.13562262058258057,0.24045138888888873,0.10584727674722672,0.26972426972426966
159,1.7312740087509155,0.0005174243706278503,0.0005955696105957031,0.0005174243706278503,0.12863825261592865,0.28385416666666663,0.09978615492582321,0.26980958230958196
160,1.6147805452346802,0.0004345355264376849,0.0003876686096191406,0.0004345355264376849,0.12656666338443756,0.23611111111111083,0.09753962606191635,0.2684445809445807
161,1.6637279987335205,0.00047249242197722197,0.0007745623588562012,0.00047249242197722197,0.11799965053796768,0.2578124999999998,0.09671390801668167,0.2676767676767672
162,1.9921691417694092,0.0005699524190276861,0.0007646679878234863,0.0005699524190276861,0.11096375435590744,0.23177083333333293,0.09606435894966125,0.26776208026208004
163,1.816685676574707,0.0004754421825055033,0.0007131695747375488,0.0004754421825055033,0.14594171941280365,0.24045138888888873,0.09577243030071259,0.268785831285831
164,1.9986073970794678,0.00040871871169656515,0.0004971623420715332,0.00040871871169656515,0.12888246774673462,0.23611111111111083,0.09572567790746689,0.2699802074802071
165,2.009260892868042,0.0004297758569009602,0.0006521940231323242,0.0004297758569009602,0.09742879867553711,0.24045138888888873,0.09493621438741684,0.27168645918645873
166,1.8374072313308716,0.0004275359970051795,0.0004361271858215332,0.0004275359970051795,0.13389137387275696,0.2534722222222219,0.10469897091388702,0.27356333606333605
167,1.6833648681640625,0.00046241385280154645,0.0006126761436462402,0.00046241385280154645,0.15880310535430908,0.3446180555555556,0.11599239706993103,0.2748430248430245
168,1.884036898612976,0.0003955461725126952,0.00038355588912963867,0.0003955461725126952,0.16775694489479065,0.19270833333333293,0.12116815149784088,0.2755255255255251
169,1.8213528394699097,0.00041271650115959346,0.0006555914878845215,0.00041271650115959346,0.14819762110710144,0.2708333333333329,0.12487301975488663,0.2756961506961503
170,1.8857049942016602,0.0004838607565034181,0.0005362033843994141,0.0004838607565034181,0.11886932700872421,0.23611111111111083,0.12858104705810547,0.2764639639639638
171,1.8890053033828735,0.0003399915876798332,0.0004419088363647461,0.0003399915876798332,0.13382749259471893,0.32291666666666663,0.13069386780261993,0.27671990171990124
172,1.798574447631836,0.0003520356258377433,0.0005714297294616699,0.0003520356258377433,0.1468953788280487,0.2751736111111108,0.13137999176979065,0.27663458913458894
173,1.9927303791046143,0.0005793713498860598,0.0006930232048034668,0.0005793713498860598,0.14829601347446442,0.21006944444444398,0.12512902915477753,0.27663458913458894
174,1.9939175844192505,0.00042215586290694773,0.0006688833236694336,0.00042215586290694773,0.1826205849647522,0.15364583333333293,0.1193338930606842,0.27671990171990124
175,1.9066741466522217,0.00038108666194602847,0.0007659196853637695,0.00038108666194602847,0.2105194479227066,0.27951388888888873,0.14739032089710236,0.2739898989898987
176,2.006533622741699,0.00031839607981964946,0.000499725341796875,0.00031839607981964946,0.07557602971792221,0.2708333333333329,0.09159348905086517,0.2729661479661477
177,2.0127062797546387,0.0003541441401466727,0.000861048698425293,0.0003541441401466727,0.11723706871271133,0.16232638888888873,0.09831467270851135,0.2726248976248974
178,1.847532868385315,0.0003694348270073533,0.00042831897735595703,0.0003694348270073533,0.14258015155792236,0.2578124999999998,0.09728633612394333,0.2726248976248974
179,1.799373984336853,0.0003551198460627347,0.0006597638130187988,0.0003551198460627347,0.17656783759593964,0.20572916666666663,0.10505323112010956,0.27168645918645873
180,2.008822441101074,0.0003266882849857211,0.0005103945732116699,0.0003266882849857211,0.24844643473625183,0.2664930555555556,0.17215608060359955,0.27322208572208573
181,1.976398229598999,0.0003177679900545627,0.0006061792373657227,0.0003177679900545627,0.11408375948667526,0.2925347222222219,0.10453591495752335,0.27057739557739546
182,1.982354998588562,0.0003195741737727076,0.0005123019218444824,0.0003195741737727076,0.1339746117591858,0.23611111111111083,0.10497597604990005,0.27108927108927094
183,1.7915526628494263,0.0003006049955729395,0.0005170702934265137,0.0003006049955729395,0.1325909048318863,0.327256944444444,0.10859107226133347,0.24523955773955775
184,2.002202272415161,0.0002736967580858618,0.000415802001953125,0.0002736967580858618,0.14169952273368835,0.2968749999999998,0.10769858956336975,0.24754299754299713
185,2.086524486541748,0.0003130875702481717,0.0008006095886230469,0.0003130875702481717,0.17299847304821014,0.21006944444444398,0.10692353546619415,0.2601692601692601
186,1.9708060026168823,0.0003056906280107796,0.0007107257843017578,0.0003056906280107796,0.20439139008522034,0.3142361111111108,0.1068863719701767,0.24899331149331128
187,1.6464104652404785,0.0002691015542950481,0.0006057024002075195,0.0002691015542950481,0.17235824465751648,0.28385416666666663,0.11432987451553345,0.2569273819273815
188,2.0268921852111816,0.0002687489031814039,0.0005947351455688477,0.0002687489031814039,0.10376287996768951,0.27951388888888873,0.10762125998735428,0.24959049959049961
189,1.8928982019424438,0.0002745821257121861,0.0004754066467285156,0.0002745821257121861,0.16012878715991974,0.18402777777777768,0.1478252410888672,0.25001706251706224
190,2.189821243286133,0.000259213091339916,0.0006605386734008789,0.000259213091339916,0.19560039043426514,0.2664930555555556,0.17748427391052246,0.2504436254436254
191,2.0289576053619385,0.0003501397150103003,0.0006086230278015137,0.0003501397150103003,0.23299653828144073,0.23611111111111083,0.16939805448055267,0.2477136227136223
192,2.1026418209075928,0.0002739725459832698,0.0007650852203369141,0.0002739725459832698,0.12151787430047989,0.21006944444444398,0.10712933540344238,0.21350327600327568
193,1.7346080541610718,0.0002848308067768812,0.0007371902465820312,0.0002848308067768812,0.13626661896705627,0.11458333333333293,0.12158440798521042,0.13433319683319678
194,2.0390586853027344,0.00025212595937773585,0.0005651116371154785,0.00025212595937773585,0.14012669026851654,0.0017361111111108274,0.12240298837423325,0.1380869505869503
195,1.7962329387664795,0.00027764911646954715,0.0005099177360534668,0.00027764911646954715,0.13387805223464966,0.22743055555555558,0.1215880736708641,0.17204135954135946
196,2.011773109436035,0.0003051321837119758,0.0007739067077636719,0.0003051321837119758,0.18294839560985565,0.21006944444444398,0.12359482049942017,0.22476453726453682
197,1.8012359142303467,0.0002545678580645472,0.0005034208297729492,0.0002545678580645472,0.14934906363487244,0.2708333333333329,0.12635894119739532,0.2459220584220584
198,1.9876646995544434,0.0003189012932125479,0.0008431673049926758,0.0003189012932125479,0.17731691896915436,0.22743055555555558,0.14831353724002838,0.2509555009555009
199,2.025787591934204,0.00024695543106645346,0.0006687641143798828,0.00024695543106645346,0.17234981060028076,0.3359374999999998,0.15850666165351868,0.2523205023205022
200,1.9863818883895874,0.00023593276273459196,0.0005619525909423828,0.00023593276273459196,0.19727304577827454,0.327256944444444,0.15061968564987183,0.2539414414414415
201,1.8886624574661255,0.00026119244284927845,0.0005172491073608398,0.00026119244284927845,0.12137488275766373,0.16232638888888873,0.1031142994761467,0.16376603876603835
202,1.9742177724838257,0.00028759511769749224,0.0008164644241333008,0.00028759511769749224,0.2113758772611618,0.15364583333333293,0.15854060649871826,0.25590363090363055
203,2.135526180267334,0.00033014846849255264,0.0004284977912902832,0.00033014846849255264,0.228412464261055,0.3055555555555556,0.21543322503566742,0.2551358176358176
204,1.7530899047851562,0.0005921056144870818,0.00025725364685058594,0.0005921056144870818,0.25987303256988525,0.36197916666666663,0.2944899797439575,0.2560742560742557
205,1.5540249347686768,0.004678951110690832,0.0015549063682556152,0.004678951110690832,0.15806758403778076,0.405381944444444,0.13885322213172913,0.29437960687960674
206,1.5310962200164795,0.0008671687683090568,-1.8656253814697266e-05,0.0008671687683090568,0.1797163188457489,0.405381944444444,0.13893531262874603,0.47874010374010345
207,1.9029695987701416,0.004645245149731636,0.0011216402053833008,0.004645245149731636,0.19945868849754333,0.444444444444444,0.21479900181293488,0.49691168441168443
208,1.8676555156707764,0.003363631200045347,0.0015439391136169434,0.003363631200045347,0.374072402715683,0.4270833333333329,0.2930576205253601,0.46867321867321843
209,2.006317138671875,0.0029440312646329403,-0.0007132291793823242,0.0029440312646329403,0.36118993163108826,0.4314236111111108,0.29715102910995483,0.4392403767403763
210,1.9132634401321411,0.0011133166262879968,-9.077787399291992e-05,0.0011133166262879968,0.2122115045785904,0.3749999999999998,0.14315180480480194,0.39658408408408397
211,1.6815764904022217,0.0009560564067214727,0.00014013051986694336,0.0009560564067214727,0.1667393296957016,0.3706597222222219,0.12819772958755493,0.3795215670215668
212,2.159951686859131,0.0007222615531645715,0.00014418363571166992,0.0007222615531645715,0.18808142840862274,0.3098958333333329,0.14949093759059906,0.3652743652743651
213,2.0015664100646973,0.0005138732958585024,0.0001569986343383789,0.0005138732958585024,0.21317444741725922,0.2925347222222219,0.18785221874713898,0.32389776139776116
214,1.9790054559707642,0.0005590585060417652,0.00020968914031982422,0.0005590585060417652,0.2197307050228119,0.3315972222222219,0.20197966694831848,0.2870427245427243
215,1.8365291357040405,0.0007220859406515956,2.1755695343017578e-05,0.0007220859406515956,0.2264101803302765,0.3359374999999998,0.2025574892759323,0.3151958776958774
216,1.768807291984558,0.000905994325876236,-0.00011992454528808594,0.000905994325876236,0.22891990840435028,0.4270833333333329,0.1714404821395874,0.429088179088179
217,1.9099599123001099,0.000608057074714452,0.0001639723777770996,0.000608057074714452,0.19962236285209656,0.3836805555555556,0.16633710265159607,0.46602852852852816
218,1.8312288522720337,0.0006207435508258641,0.0001583099365234375,0.0006207435508258641,0.21547967195510864,0.4574652777777777,0.1602402776479721,0.45587633087633084
219,2.037968397140503,0.0005239324527792633,0.0002200603485107422,0.0005239324527792633,0.1270623654127121,0.36197916666666663,0.08979002386331558,0.37849781599781585
220,1.7109466791152954,0.0005852916510775685,9.250640869140625e-05,0.0005852916510775685,0.13350407779216766,0.327256944444444,0.12752453982830048,0.2654586404586401
221,2.053274154663086,0.0006131751579232514,-0.00010257959365844727,0.0006131751579232514,0.4577011168003082,0.27951388888888873,0.16385658085346222,0.34607903357903314
222,1.7293481826782227,0.0033863524440675974,-0.0011259913444519043,0.0033863524440675974,0.1747482419013977,0.44010416666666663,0.10647565871477127,0.4555350805350805
223,1.5978211164474487,0.0014551113126799464,0.00013715028762817383,0.0014551113126799464,0.13774314522743225,0.405381944444444,0.10449313372373581,0.4551938301938302
224,1.8869186639785767,0.0019395624985918403,0.000775456428527832,0.0019395624985918403,0.19284211099147797,0.43576388888888873,0.10359808802604675,0.45297570297570255
225,1.851692795753479,0.0007253874209709466,0.00027251243591308594,0.0007253874209709466,0.1607462763786316,0.483506944444444,0.10366323590278625,0.4496485121485122
226,2.050349712371826,0.0009712174069136381,0.0004690885543823242,0.0009712174069136381,0.15877455472946167,0.39670138888888873,0.1401253640651703,0.4929019929019929
227,1.7546578645706177,0.0008874864433892071,0.00026601552963256836,0.0008874864433892071,0.18421949446201324,0.4965277777777777,0.14730525016784668,0.5016038766038766
228,1.7218334674835205,0.0006488944054581225,0.0002410411834716797,0.0006488944054581225,0.12787805497646332,0.522569444444444,0.11259767413139343,0.498361998361998
229,1.6358318328857422,0.0006900957087054849,0.00019121170043945312,0.0006900957087054849,0.12698237597942352,0.5442708333333329,0.09176044911146164,0.5050163800163798
230,2.103283166885376,0.0006400063284672797,0.00021916627883911133,0.0006400063284672797,0.06917231529951096,0.600694444444444,0.0822581797838211,0.5055282555282553
231,1.769513726234436,0.0005796411423943937,0.00015366077423095703,0.0005796411423943937,0.10147283971309662,0.4921874999999998,0.08235234022140503,0.49981231231231216
232,2.1807477474212646,0.0006569721736013889,0.0001615285873413086,0.0006569721736013889,0.12060949951410294,0.3706597222222219,0.08266106247901917,0.42379879879879845
233,2.19537353515625,0.0007312983507290483,0.00036209821701049805,0.0007312983507290483,0.08552634716033936,0.4314236111111108,0.07969547808170319,0.46824665574665525
234,1.8891496658325195,0.0005020917160436511,0.00010770559310913086,0.0005020917160436511,0.10086656361818314,0.444444444444444,0.07898387312889099,0.4667110292110288
235,1.9288204908370972,0.0005990588106215,5.692243576049805e-05,0.0005990588106215,0.16219505667686462,0.444444444444444,0.11368869245052338,0.4688438438438436
236,1.9571822881698608,0.0004614213539753109,0.00010085105895996094,0.0004614213539753109,0.17702965438365936,0.4704861111111108,0.1311393827199936,0.47285353535353514
237,1.945817232131958,0.00045036469236947596,-2.9087066650390625e-05,0.00045036469236947596,0.1329861730337143,0.5355902777777777,0.14557529985904694,0.47097665847665837
238,1.7940908670425415,0.0005023480043746531,0.00010854005813598633,0.0005023480043746531,0.14454467594623566,0.47482638888888873,0.13318392634391785,0.4685879060879061
239,1.7989141941070557,0.00042026114533655345,6.03795051574707e-05,0.00042026114533655345,0.2164062261581421,0.5486111111111108,0.13917963206768036,0.46790540540540493
240,1.808235764503479,0.0025313214864581823,-0.00041115283966064453,0.0025313214864581823,0.18722999095916748,0.5442708333333329,0.14639902114868164,0.4680760305760301
241,1.7247267961502075,0.001071671606041491,0.00027674436569213867,0.001071671606041491,0.12513664364814758,0.5920138888888887,0.14318864047527313,0.46125102375102367
242,2.0404984951019287,0.0029813325963914394,0.0008099675178527832,0.0029813325963914394,0.2029029279947281,0.3923611111111108,0.14222452044487,0.46005664755664755
243,1.752277135848999,0.0037787435576319695,-0.001486361026763916,0.0037787435576319695,0.1572519987821579,0.4314236111111108,0.1479768604040146,0.4654313404313404
244,1.887528657913208,0.002040100982412696,0.0007647275924682617,0.002040100982412696,0.21620780229568481,0.5095486111111108,0.1562352031469345,0.4742185367185364
245,2.0378000736236572,0.0010664690053090453,0.00034373998641967773,0.0010664690053090453,0.21884386241436005,0.4878472222222219,0.162299245595932,0.4766926016926015
246,1.6951113939285278,0.0004124436527490616,0.00015789270401000977,0.0004124436527490616,0.18360498547554016,0.47916666666666663,0.1658247709274292,0.4823232323232324
247,1.6964244842529297,0.0005060310359112918,0.0002180337905883789,0.0005060310359112918,0.2381981611251831,0.4704861111111108,0.16421771049499512,0.48001979251979243
248,2.2384042739868164,0.0005289196851663291,0.0002199411392211914,0.0005289196851663291,0.17559921741485596,0.47916666666666663,0.16301268339157104,0.477204477204477
249,1.9229681491851807,0.00042737944750115275,0.00018137693405151367,0.00042737944750115275,0.46958673000335693,0.4704861111111108,0.1624137908220291,0.4763513513513512
250,2.262237548828125,0.0005329360719770193,0.000213623046875,0.0005329360719770193,0.19616270065307617,0.39670138888888873,0.16027310490608215,0.4758394758394757
251,1.964390516281128,0.00048442406114190817,0.00012135505676269531,0.00048442406114190817,0.24558871984481812,0.4574652777777777,0.16163961589336395,0.4763513513513512
252,1.7797493934631348,0.0003832005604635924,0.00014454126358032227,0.0003832005604635924,0.19150839745998383,0.4487847222222219,0.15851843357086182,0.4751569751569751
253,1.631123423576355,0.0003963056660722941,0.00016301870346069336,0.0003963056660722941,0.13737064599990845,0.483506944444444,0.15590311586856842,0.4743038493038493
254,1.957099199295044,0.00037734326906502247,8.767843246459961e-05,0.00037734326906502247,0.17467263340950012,0.4965277777777777,0.1558733582496643,0.4760101010101009
255,1.8152477741241455,0.000368076260201633,0.0001327991485595703,0.000368076260201633,0.2170865684747696,0.47482638888888873,0.12543277442455292,0.48454135954135946
256,1.9936257600784302,0.0003405963652767241,0.00011801719665527344,0.0003405963652767241,0.07116083055734634,0.5746527777777777,0.09269528836011887,0.5001535626535625
257,1.8604165315628052,0.0003466014168225229,0.00012034177780151367,0.0003466014168225229,0.10988513380289078,0.5486111111111108,0.08303219825029373,0.531122031122031
258,1.7188036441802979,0.0003465917834546417,5.066394805908203e-06,0.0003465917834546417,0.1118149682879448,0.4965277777777777,0.0681658387184143,0.5283920283920279
259,2.282325506210327,0.00035923824179917574,0.00015872716903686523,0.00035923824179917574,0.0929119884967804,0.5182291666666666,0.059496406465768814,0.5046751296751295
260,1.9500149488449097,0.0003247059357818216,0.00012308359146118164,0.0003247059357818216,0.058178119361400604,0.5529513888888887,0.06006264314055443,0.5045898170898167
261,2.055495500564575,0.0002934291260316968,8.541345596313477e-05,0.0002934291260316968,0.07799754291772842,0.4878472222222219,0.06069338694214821,0.512012012012012
262,2.043623685836792,0.00030868907924741507,0.00012892484664916992,0.00030868907924741507,0.08252697438001633,0.5703124999999998,0.06158002093434334,0.5219082719082718
263,2.156331777572632,0.00040694704512134194,0.00011527538299560547,0.00040694704512134194,0.09751898795366287,0.4704861111111108,0.060264259576797485,0.5238704613704609
264,2.003911018371582,0.00029910399462096393,8.034706115722656e-05,0.00029910399462096393,0.08096078038215637,0.5355902777777777,0.05965159460902214,0.5257473382473382
265,1.9163161516189575,0.00035502371611073613,0.00016832351684570312,0.00035502371611073613,0.08669514954090118,0.5269097222222219,0.05894401669502258,0.5289039039039034
266,1.7263150215148926,0.00028187010320834816,0.0001081228256225586,0.00028187010320834816,0.07491359859704971,0.483506944444444,0.05868813768029213,0.5183251433251429
267,2.0037591457366943,0.0003037071437574923,0.00011152029037475586,0.0003037071437574923,0.0890042707324028,0.522569444444444,0.059512119740247726,0.5208845208845209
268,1.818389892578125,0.0002645557397045195,8.565187454223633e-05,0.0002645557397045195,0.07012093812227249,0.4661458333333329,0.06005347520112991,0.5224201474201473
269,2.2129406929016113,0.0003067724173888564,0.00015556812286376953,0.0003067724173888564,0.09596474468708038,0.4618055555555556,0.06012909859418869,0.5208845208845209
270,2.2331230640411377,0.0002843876136466861,6.4849853515625e-05,0.0002843876136466861,0.09390416741371155,0.4878472222222219,0.06044731289148331,0.5241263991263989
271,2.183912754058838,0.0003355232474859804,0.00010037422180175781,0.0003355232474859804,0.07411923259496689,0.483506944444444,0.05994955077767372,0.5211404586404583
272,2.2838828563690186,0.00024087891506496817,8.71419906616211e-05,0.00024087891506496817,0.08390141278505325,0.4531249999999998,0.060416512191295624,0.5230173355173351
273,2.430516481399536,0.0002761411014944315,9.804964065551758e-05,0.0002761411014944315,0.08820736408233643,0.4487847222222219,0.06557013094425201,0.5126092001091997
274,2.331418514251709,0.0005157730192877352,-4.0531158447265625e-06,0.0005157730192877352,0.1006123423576355,0.5312499999999998,0.06279335170984268,0.5401651651651651
275,2.143123149871826,0.0003097878652624786,7.301568984985352e-05,0.0003097878652624786,0.0888843834400177,0.5182291666666666,0.07136137038469315,0.5347051597051594
276,1.965059757232666,0.00022000948956701905,8.243322372436523e-05,0.00022000948956701905,0.0663369745016098,0.6354166666666666,0.07948316633701324,0.5342785967785968
277,1.7450186014175415,0.0002725922386161983,0.00012499094009399414,0.0002725922386161983,0.10456062853336334,0.561631944444444,0.07978397607803345,0.5350464100464097
278,1.9692482948303223,0.00023136333038564771,3.9517879486083984e-05,0.00023136333038564771,0.0917077288031578,0.5355902777777777,0.08065233379602432,0.5347051597051594
279,1.9489390850067139,0.00024163942725863308,0.00012415647506713867,0.00024163942725863308,0.12658019363880157,0.5312499999999998,0.08075471222400665,0.5337667212667213
280,2.1047773361206055,0.00024125076015479863,7.253885269165039e-05,0.00024125076015479863,0.12300791591405869,0.5746527777777777,0.08156673610210419,0.531122031122031
281,1.9006799459457397,0.00023381097707897425,0.00012022256851196289,0.00023381097707897425,0.07524174451828003,0.5399305555555556,0.07766659557819366,0.4835176085176085
282,1.9737218618392944,0.0002497351379133761,9.202957153320312e-05,0.0002497351379133761,0.10833124071359634,0.5095486111111108,0.07491911202669144,0.5275389025389021
283,1.9591354131698608,0.0003768390160985291,6.747245788574219e-05,0.0003768390160985291,0.06902104616165161,0.5008680555555556,0.07665695250034332,0.5312926562926562
284,1.8486214876174927,0.0001861387863755226,6.073713302612305e-05,0.0001861387863755226,0.06847947835922241,0.5269097222222219,0.06810211390256882,0.5280507780507776
285,1.811920404434204,0.00024392369959969074,6.026029586791992e-05,0.00024392369959969074,0.058366939425468445,0.5095486111111108,0.07042064517736435,0.5456251706251702
286,1.8818553686141968,0.0003184190718457103,5.900859832763672e-05,0.0003184190718457103,0.061388690024614334,0.5095486111111108,0.0687287226319313,0.548013923013923
287,2.105015277862549,0.0002237791195511818,9.375810623168945e-05,0.0002237791195511818,0.07332434505224228,0.5008680555555556,0.06633752584457397,0.5493789243789243
288,2.0996105670928955,0.00021221794304437935,6.437301635742188e-05,0.00021221794304437935,0.1057204082608223,0.4965277777777777,0.06591153889894485,0.5479286104286102
289,1.8430426120758057,0.0002407801803201437,6.41942024230957e-05,0.0002407801803201437,0.07358840852975845,0.5486111111111108,0.06585509330034256,0.5489523614523611
290,2.350314140319824,0.00020182989828754216,5.9723854064941406e-05,0.00020182989828754216,0.11837270855903625,0.4531249999999998,0.06582032144069672,0.5508292383292379
291,2.0980653762817383,0.00019738584524020553,0.00011020898818969727,0.00019738584524020553,0.08822894096374512,0.5355902777777777,0.06583821773529053,0.5514264264264263
292,1.962079405784607,0.00022461767366621643,4.547834396362305e-05,0.00022461767366621643,0.06608503311872482,0.5703124999999998,0.06585786491632462,0.5515117390117386
293,1.9859634637832642,0.0001873059809440747,9.03010368347168e-05,0.0001873059809440747,0.10282003879547119,0.5182291666666666,0.06585688143968582,0.5517676767676766
294,2.022146701812744,0.0001840722979977727,5.555152893066406e-05,0.0001840722979977727,0.07862985879182816,0.522569444444444,0.06597321480512619,0.549037674037674
295,2.392512083053589,0.00023178169794846326,8.797645568847656e-05,0.00023178169794846326,0.08658457547426224,0.5529513888888887,0.06601546704769135,0.5518529893529889
296,2.280174970626831,0.00020873737230431288,9.34600830078125e-05,0.00020873737230431288,0.1164565458893776,0.47482638888888873,0.06605813652276993,0.5502320502320501
297,2.107516288757324,0.00021266125258989632,4.1961669921875e-05,0.00021266125258989632,0.0952916070818901,0.4878472222222219,0.06606345623731613,0.5491229866229863
298,1.761976957321167,0.00019699515542015433,6.717443466186523e-05,0.00019699515542015433,0.10528102517127991,0.47916666666666663,0.06608191132545471,0.5493789243789243
299,2.2223997116088867,0.00020264538761693984,9.185075759887695e-05,0.00020264538761693984,0.05755603313446045,0.5442708333333329,0.06597979366779327,0.548781736281736
300,1.951977252960205,0.00019811115635093302,6.920099258422852e-05,0.00019811115635093302,0.07274501770734787,0.561631944444444,0.06603135913610458,0.5513411138411134
301,2.327659845352173,0.00025298510445281863,3.892183303833008e-05,0.00025298510445281863,0.09001360833644867,0.5138888888888887,0.06604521721601486,0.5521942396942392
302,2.2502448558807373,0.00018169637769460678,6.306171417236328e-05,0.00018169637769460678,0.10412014275789261,0.5182291666666666,0.06608772277832031,0.5514264264264263
303,2.215548515319824,0.00019111014262307435,6.377696990966797e-05,0.00019111014262307435,0.07900230586528778,0.5529513888888887,0.06612487882375717,0.5494642369642366
304,1.9726015329360962,0.00017908673908095807,6.252527236938477e-05,0.00017908673908095807,0.07749741524457932,0.5355902777777777,0.06617218255996704,0.549037674037674
305,2.0268304347991943,0.00019315558893140405,5.8531761169433594e-05,0.00019315558893140405,0.09049759805202484,0.5659722222222219,0.0666462704539299,0.5428098553098548
306,2.1596100330352783,0.00015709750005044043,4.404783248901367e-05,0.00015709750005044043,0.13446074724197388,0.5529513888888887,0.0674549862742424,0.5619198744198745
307,2.1444597244262695,0.00017455860506743193,4.2378902435302734e-05,0.00017455860506743193,0.0848604142665863,0.5963541666666666,0.06679721921682358,0.5568011193011191
308,1.9503451585769653,0.0001448712864657864,4.851818084716797e-05,0.0001448712864657864,0.059061162173748016,0.5833333333333329,0.06963397562503815,0.5519383019383017
309,2.028897285461426,0.00015436153626069427,6.818771362304688e-05,0.00015436153626069427,0.0653420016169548,0.522569444444444,0.06702913343906403,0.5300982800982801
310,2.230592727661133,0.00016826382488943636,3.528594970703125e-05,0.00016826382488943636,0.06663904339075089,0.4704861111111108,0.066530242562294,0.5128651378651378
311,2.125483512878418,0.00016234646318480372,6.008148193359375e-05,0.00016234646318480372,0.09750819206237793,0.5182291666666666,0.06778372824192047,0.5120973245973243
312,2.1730082035064697,0.00017298414604738355,3.212690353393555e-05,0.00017298414604738355,0.07737439125776291,0.4531249999999998,0.0705522820353508,0.4853091728091724
313,2.1243362426757812,0.00016043357027228922,3.618001937866211e-05,0.00016043357027228922,0.09034065902233124,0.3749999999999998,0.0707085058093071,0.4743891618891616
314,2.2717902660369873,0.00013409166422206908,3.0040740966796875e-05,0.00013409166422206908,0.09923721104860306,0.444444444444444,0.0677245706319809,0.46824665574665525
315,2.2985472679138184,0.0001526128180557862,7.009506225585938e-05,0.0001526128180557862,0.1357775330543518,0.3923611111111108,0.06982814520597458,0.46645509145509134
316,2.2638416290283203,0.0001487818663008511,2.3245811462402344e-05,0.0001487818663008511,0.11841427534818649,0.32291666666666663,0.06877952069044113,0.4661991536991533
317,2.4327025413513184,0.00011948728206334636,5.221366882324219e-05,0.00011948728206334636,0.091707244515419,0.5182291666666666,0.06630857288837433,0.46841728091728096
318,2.025048017501831,0.00013559228682424873,6.03795051574707e-05,0.00013559228682424873,0.08496039360761642,0.4574652777777777,0.06645618379116058,0.4683319683319681
319,1.8506637811660767,0.0001340153394266963,4.13060188293457e-05,0.0001340153394266963,0.06331869214773178,0.5312499999999998,0.06664786487817764,0.4678200928200926
320,2.43996262550354,0.00015010566858109087,5.608797073364258e-05,0.00015010566858109087,0.10650279372930527,0.4965277777777777,0.06592746078968048,0.4687585312585313
321,2.2127978801727295,0.00011526003072503954,5.4717063903808594e-05,0.00011526003072503954,0.07934240251779556,0.47916666666666663,0.06550110876560211,0.4691850941850939
322,2.103529930114746,0.00012545380741357803,7.158517837524414e-05,0.00012545380741357803,0.16001200675964355,0.4661458333333329,0.06603005528450012,0.46824665574665525
323,1.8392735719680786,0.00015305131091736257,2.3305416107177734e-05,0.00015305131091736257,0.0921429917216301,0.4921874999999998,0.0655398890376091,0.49571730821730775
324,2.1595170497894287,0.00012349276221357286,5.364418029785156e-05,0.00012349276221357286,0.1344301700592041,0.47916666666666663,0.06605958193540573,0.5155951405951403
325,1.9400027990341187,0.00011946039012400433,4.8100948333740234e-05,0.00011946039012400433,0.09484945237636566,0.5703124999999998,0.06703505665063858,0.49699699699699673
326,2.416057586669922,0.00014460763486567885,5.4836273193359375e-05,0.00014460763486567885,0.1062992587685585,0.4097222222222219,0.0652989000082016,0.4949494949494948
327,2.1014130115509033,0.00018447579350322485,5.072355270385742e-05,0.00018447579350322485,0.08478794991970062,0.5442708333333329,0.0646631121635437,0.4923901173901174
328,1.9850096702575684,0.0001042082003550604,4.881620407104492e-05,0.0001042082003550604,0.07066415995359421,0.5312499999999998,0.06479910016059875,0.488551051051051
329,2.088555335998535,0.00012340811372268945,3.927946090698242e-05,0.00012340811372268945,0.06729111820459366,0.40104166666666663,0.06461656093597412,0.4847972972972969
330,2.5272769927978516,0.00010570235463092104,5.310773849487305e-05,0.00010570235463092104,0.13649849593639374,0.5008680555555556,0.06377630680799484,0.4824085449085447
331,2.1650495529174805,0.00013444585783872753,4.398822784423828e-05,0.00013444585783872753,0.06720975786447525,0.4227430555555556,0.06378678977489471,0.47916666666666663
332,2.3350539207458496,0.00011820819054264575,5.7756900787353516e-05,0.00011820819054264575,0.06860565394163132,0.4574652777777777,0.0646832138299942,0.4738772863772861
333,2.174956798553467,0.00011652540706563741,6.335973739624023e-05,0.00011652540706563741,0.09887050092220306,0.5355902777777777,0.06569094955921173,0.46952634452634423
334,1.9088383913040161,0.000124656711705029,4.9173831939697266e-05,0.000124656711705029,0.07630431652069092,0.4618055555555556,0.06328170746564865,0.47097665847665837
335,2.3489086627960205,0.00010779259173432365,4.869699478149414e-05,0.00010779259173432365,0.07973425835371017,0.4618055555555556,0.06286413222551346,0.471659159159159
336,2.4720988273620605,0.00011723858915502205,4.017353057861328e-05,0.00011723858915502205,0.08446910232305527,0.4097222222222219,0.06296171247959137,0.47123259623259584
337,2.0416769981384277,0.00011148944031447172,3.516674041748047e-05,0.00011148944031447172,0.08458831161260605,0.4140624999999998,0.06419476121664047,0.47020884520884487
338,2.1606903076171875,0.00011658150469884276,2.396106719970703e-05,0.00011658150469884276,0.07616980373859406,0.4921874999999998,0.06498854607343674,0.4688438438438436
339,1.9957759380340576,0.0001046419347403571,4.57763671875e-05,0.0001046419347403571,0.08897485584020615,0.5052083333333329,0.0642741397023201,0.45852102102102055
340,2.1550939083099365,0.00012797056115232408,4.410743713378906e-05,0.00012797056115232408,0.07397812604904175,0.5138888888888887,0.0668833777308464,0.5170454545454545
341,2.1391758918762207,0.00012125150533393025,5.91278076171875e-05,0.00012125150533393025,0.08857543021440506,0.5008680555555556,0.06627915799617767,0.5176426426426423
342,2.2511255741119385,0.00012040924048051238,6.73532485961914e-05,0.00012040924048051238,0.05496207997202873,0.5442708333333329,0.0674755722284317,0.5176426426426423
343,1.9789178371429443,0.00010821199248312041,5.263090133666992e-05,0.00010821199248312041,0.1090446338057518,0.4618055555555556,0.06795018911361694,0.5172160797160796
344,2.155109167098999,9.245082037523389e-05,5.2869319915771484e-05,9.245082037523389e-05,0.1028563529253006,0.5399305555555556,0.0675397738814354,0.5177279552279551
345,2.415290355682373,0.0001435160666005686,2.664327621459961e-05,0.0001435160666005686,0.16489343345165253,0.4618055555555556,0.06725919991731644,0.5180692055692054
346,2.1183836460113525,9.859050624072552e-05,4.506111145019531e-05,9.859050624072552e-05,0.07151412963867188,0.4878472222222219,0.06746535748243332,0.5179838929838926
347,2.0970728397369385,0.0001155637510237284,3.49879264831543e-05,0.0001155637510237284,0.09206830710172653,0.4618055555555556,0.06801463663578033,0.5168748293748293
348,2.0983386039733887,0.00013675197260454297,2.86102294921875e-05,0.00013675197260454297,0.11835260689258575,0.5269097222222219,0.06772665679454803,0.5173013923013919
349,2.2007954120635986,9.571060945745558e-05,3.504753112792969e-05,9.571060945745558e-05,0.0937374159693718,0.5355902777777777,0.06727712601423264,0.5180692055692054
350,2.1041338443756104,9.787899762159213e-05,4.0590763092041016e-05,9.787899762159213e-05,0.0717507004737854,0.5355902777777777,0.06726744771003723,0.5181545181545177
351,2.107185125350952,0.00011113250366179273,5.97834587097168e-05,0.00011113250366179273,0.12234274297952652,0.47916666666666663,0.06709674000740051,0.5183251433251429
352,1.910197138786316,9.169788972940296e-05,4.7266483306884766e-05,9.169788972940296e-05,0.0803704783320427,0.5789930555555556,0.06657280027866364,0.5182398307398306
353,2.2164502143859863,9.577399032423273e-05,4.0411949157714844e-05,9.577399032423273e-05,0.08750207722187042,0.5138888888888887,0.06696943193674088,0.5183251433251429
354,2.4265456199645996,8.569780766265467e-05,3.3915042877197266e-05,8.569780766265467e-05,0.08616006374359131,0.5529513888888887,0.0672377198934555,0.5181545181545177
355,1.9978786706924438,7.783705223118886e-05,3.528594970703125e-05,7.783705223118886e-05,0.07717208564281464,0.5572916666666666,0.06744507700204849,0.5178132678132674
356,2.555281639099121,8.965190500020981e-05,4.935264587402344e-05,8.965190500020981e-05,0.11942923069000244,0.483506944444444,0.06693767756223679,0.5183251433251429
357,2.354323387145996,0.00010063016816275194,3.6776065826416016e-05,0.00010063016816275194,0.077048659324646,0.5442708333333329,0.06693357229232788,0.5184104559104558
358,2.054434061050415,8.847720891935751e-05,4.655122756958008e-05,8.847720891935751e-05,0.09367918968200684,0.5138888888888887,0.06679950654506683,0.5180692055692054
359,2.08677077293396,9.502658940618858e-05,5.120038986206055e-05,9.502658940618858e-05,0.07854142785072327,0.5529513888888887,0.06584110856056213,0.5184104559104558
360,2.366957426071167,8.595367398811504e-05,3.910064697265625e-05,8.595367398811504e-05,0.08417331427335739,0.5920138888888887,0.0653390884399414,0.5178985803985803
361,2.453861951828003,9.256134944735095e-05,4.38690185546875e-05,9.256134944735095e-05,0.08375172317028046,0.5052083333333329,0.06505418568849564,0.5178985803985803
362,2.142784357070923,8.936238737078384e-05,5.227327346801758e-05,8.936238737078384e-05,0.09338469803333282,0.5008680555555556,0.06510231643915176,0.5180692055692054
363,2.160576105117798,8.497981616528705e-05,3.5643577575683594e-05,8.497981616528705e-05,0.10076683759689331,0.522569444444444,0.0654725506901741,0.5180692055692054
364,2.2878971099853516,9.37121658353135e-05,4.076957702636719e-05,9.37121658353135e-05,0.09475444257259369,0.4704861111111108,0.06520746648311615,0.5179838929838926
365,2.112569570541382,7.921278302092105e-05,4.374980926513672e-05,7.921278302092105e-05,0.06759236007928848,0.5442708333333329,0.06507036089897156,0.5180692055692054
366,1.9974260330200195,9.935409616446123e-05,5.1140785217285156e-05,9.935409616446123e-05,0.09791874140501022,0.5833333333333329,0.06494521349668503,0.5179838929838926
367,2.4204025268554688,7.58366659283638e-05,4.2319297790527344e-05,7.58366659283638e-05,0.09927001595497131,0.5486111111111108,0.06497891992330551,0.5182398307398306
368,2.004662275314331,6.715110066579655e-05,2.9146671295166016e-05,6.715110066579655e-05,0.07920679450035095,0.5312499999999998,0.06532210111618042,0.5180692055692054
369,2.2498786449432373,8.164561586454511e-05,3.331899642944336e-05,8.164561586454511e-05,0.08734040707349777,0.47482638888888873,0.06513015925884247,0.5180692055692054
370,2.3310816287994385,8.936099766287953e-05,4.094839096069336e-05,8.936099766287953e-05,0.0957287922501564,0.5182291666666666,0.06487619876861572,0.5182398307398306
371,2.088939666748047,6.801349809393287e-05,4.38690185546875e-05,6.801349809393287e-05,0.06367068737745285,0.5312499999999998,0.06479374319314957,0.5180692055692054
372,2.282358407974243,8.348077244590968e-05,2.9265880584716797e-05,8.348077244590968e-05,0.0658925473690033,0.4921874999999998,0.06469925493001938,0.5180692055692054
373,2.195305585861206,8.483160490868613e-05,3.4689903259277344e-05,8.483160490868613e-05,0.08335999399423599,0.5095486111111108,0.06481678038835526,0.5183251433251429
374,1.9141302108764648,8.245343633461744e-05,4.225969314575195e-05,8.245343633461744e-05,0.08417662233114243,0.5052083333333329,0.06487469375133514,0.5182398307398306
375,2.1118836402893066,7.550005102530122e-05,3.802776336669922e-05,7.550005102530122e-05,0.06594768911600113,0.522569444444444,0.06507819145917892,0.5180692055692054
376,2.2910356521606445,7.837765588192269e-05,5.1856040954589844e-05,7.837765588192269e-05,0.07095937430858612,0.5095486111111108,0.06509386003017426,0.5178985803985803
377,2.2682547569274902,6.691232556477189e-05,2.6047229766845703e-05,6.691232556477189e-05,0.09810987859964371,0.5269097222222219,0.06492103636264801,0.5180692055692054
378,2.0042548179626465,9.111391409533098e-05,2.187490463256836e-05,9.111391409533098e-05,0.06312130391597748,0.5659722222222219,0.06483782827854156,0.5181545181545177
379,1.9981194734573364,7.751350494800135e-05,3.707408905029297e-05,7.751350494800135e-05,0.09532671421766281,0.5182291666666666,0.06484370678663254,0.5181545181545177
380,2.316298007965088,6.905935151735321e-05,3.230571746826172e-05,6.905935151735321e-05,0.08640263974666595,0.5052083333333329,0.06484370678663254,0.5181545181545177
381,2.0693247318267822,6.901854794705287e-05,3.30805778503418e-05,6.901854794705287e-05,0.06654352694749832,0.5138888888888887,0.06480608880519867,0.5180692055692054
382,2.1751444339752197,7.46026707929559e-05,3.4332275390625e-05,7.46026707929559e-05,0.0993853509426117,0.5095486111111108,0.06483586877584457,0.5181545181545177
383,2.3005237579345703,9.610673441784456e-05,4.965066909790039e-05,9.610673441784456e-05,0.06936463713645935,0.47482638888888873,0.06493475288152695,0.5180692055692054
384,2.2643046379089355,7.762492896290496e-05,4.690885543823242e-05,7.762492896290496e-05,0.09837047010660172,0.483506944444444,0.06495629251003265,0.5181545181545177
385,1.9938100576400757,9.99802359729074e-05,2.9981136322021484e-05,9.99802359729074e-05,0.09131785482168198,0.5876736111111108,0.06484483182430267,0.5183251433251429
386,2.1716747283935547,6.818447582190856e-05,4.011392593383789e-05,6.818447582190856e-05,0.09140126407146454,0.4140624999999998,0.06453345715999603,0.5178985803985803
387,2.379483461380005,0.0001049037673510611,3.504753112792969e-05,0.0001049037673510611,0.10276921838521957,0.4574652777777777,0.0643572062253952,0.5177279552279551
388,2.2923686504364014,9.131435217568651e-05,2.562999725341797e-05,9.131435217568651e-05,0.06617957353591919,0.5355902777777777,0.06433675438165665,0.5178132678132674
389,2.3729331493377686,7.36065921955742e-05,2.759695053100586e-05,7.36065921955742e-05,0.07958624511957169,0.5182291666666666,0.06429240107536316,0.5177279552279551
390,2.246114730834961,6.776534428354353e-05,3.421306610107422e-05,6.776534428354353e-05,0.09081841260194778,0.483506944444444,0.06426457315683365,0.5177279552279551
391,2.1908633708953857,5.858920485479757e-05,3.165006637573242e-05,5.858920485479757e-05,0.08830574154853821,0.47482638888888873,0.06425660848617554,0.5177279552279551
392,2.1561076641082764,5.7788387493928894e-05,3.147125244140625e-05,5.7788387493928894e-05,0.07055414468050003,0.4965277777777777,0.06419725716114044,0.5177279552279551
393,2.350368022918701,6.632415897911415e-05,3.3020973205566406e-05,6.632415897911415e-05,0.05107975751161575,0.561631944444444,0.06421146541833878,0.5177279552279551
394,2.1242246627807617,6.152115383883938e-05,3.647804260253906e-05,6.152115383883938e-05,0.07993265986442566,0.4704861111111108,0.06421295553445816,0.5177279552279551
395,2.339035749435425,8.001222886377946e-05,4.363059997558594e-05,8.001222886377946e-05,0.05451245605945587,0.5659722222222219,0.06419140845537186,0.5177279552279551
396,2.3183770179748535,6.661300722043961e-05,2.6941299438476562e-05,6.661300722043961e-05,0.07879957556724548,0.4704861111111108,0.06419786810874939,0.5176426426426423
397,2.3347384929656982,6.899125583004206e-05,3.1054019927978516e-05,6.899125583004206e-05,0.09706128388643265,0.5355902777777777,0.064195916056633,0.5176426426426423
398,2.1183671951293945,6.36401746305637e-05,3.55839729309082e-05,6.36401746305637e-05,0.09712880849838257,0.4878472222222219,0.06417194753885269,0.51755733005733
399,1.9985253810882568,5.482234701048583e-05,3.349781036376953e-05,5.482234701048583e-05,0.05396589636802673,0.5008680555555556,0.06418565660715103,0.51755733005733
