,loss_g,loss_d,train_wd,train_ce_d,train_mse,train_acc,test_mse,test_acc
0,0.1478956639766693,6.903841972351074,0.0021418333053588867,0.7091255187988281,0.2379227876663208,0.21440972222222188,0.10026057809591293,0.17622167622167617
1,0.16205468773841858,0.04934334009885788,-0.000272601842880249,0.7725734114646912,0.11114008724689484,0.16666666666666663,0.14109349250793457,0.1296410046410046
2,0.17057543992996216,0.048285145312547684,-0.00022485852241516113,0.7872288227081299,0.3576824367046356,0.023437499999999778,0.24835924804210663,0.1000375375375373
3,0.15822994709014893,0.03446711227297783,-0.00017085671424865723,0.7995931506156921,0.33445632457733154,0.08420138888888873,0.27688249945640564,0.10029347529347532
4,0.16373300552368164,0.017759008333086967,-0.0003224611282348633,0.7964062094688416,0.3744715750217438,0.09288194444444398,0.260508269071579,0.10029347529347532
5,0.15902367234230042,0.010297559201717377,3.355741500854492e-05,0.8045803904533386,0.24318009614944458,0.14062499999999978,0.2283799797296524,0.10131722631722628
6,0.16549710929393768,0.007979143410921097,0.000429689884185791,0.7985711097717285,0.2029125690460205,0.08854166666666663,0.2073884755373001,0.10131722631722628
7,0.14713633060455322,0.005333984736353159,0.0007087290287017822,0.8085867762565613,0.25611546635627747,0.20138888888888873,0.2077682912349701,0.1008906633906631
8,0.1476508378982544,0.003785453736782074,0.0011734366416931152,0.8090867400169373,0.21365490555763245,0.12760416666666663,0.20660212635993958,0.10063472563472564
9,0.1703765094280243,0.003551333211362362,0.0019822418689727783,0.8017634153366089,0.26663661003112793,0.01041666666666663,0.20725806057453156,0.10054941304941278
10,0.15516772866249084,0.0034138946793973446,0.0019477009773254395,0.8037089705467224,0.17289219796657562,0.18402777777777768,0.2054893523454666,0.09935503685503666
11,0.15615975856781006,0.0023026536218822002,0.002482175827026367,0.807676374912262,0.30106356739997864,0.16232638888888873,0.20707981288433075,0.09952566202566182
12,0.15665583312511444,-0.0003374048974364996,0.00308912992477417,0.8126434087753296,0.1917453110218048,0.14496527777777768,0.2073378562927246,0.09824597324597284
13,0.16028568148612976,-0.0006440801080316305,0.003268003463745117,0.8168195486068726,0.22176407277584076,0.019097222222221877,0.21010898053646088,0.0975634725634722
14,0.14985491335391998,-0.0015409139450639486,0.0038264691829681396,0.818263828754425,0.23177474737167358,0.18402777777777768,0.21602141857147217,0.09653972153972123
15,0.16669760644435883,-0.0015247408300638199,0.004317283630371094,0.8165248036384583,0.27739429473876953,0.04513888888888873,0.22175024449825287,0.09730753480753473
16,0.17160974442958832,-0.0025589994620531797,0.005409717559814453,0.817639946937561,0.25277194380760193,-0.0026041666666670737,0.22254735231399536,0.09577190827190829
17,0.15393149852752686,-0.0022856872528791428,0.004668682813644409,0.8273079991340637,0.2828230857849121,0.09288194444444398,0.22492243349552155,0.09952566202566182
18,0.1559927761554718,-0.0031633717007935047,0.004957050085067749,0.8263230323791504,0.21003440022468567,0.20572916666666663,0.23331961035728455,0.09884316134316118
19,0.16519172489643097,-0.002332834294065833,0.005032151937484741,0.8273290395736694,0.4351266026496887,0.10590277777777768,0.301462858915329,0.09312721812721803
20,0.15036478638648987,-0.003508433699607849,0.004729032516479492,0.8297170400619507,0.4078291654586792,0.07986111111111083,0.31222665309906006,0.08766721266721234
21,0.16734440624713898,-0.003141345689073205,0.005455195903778076,0.820595383644104,0.31386467814445496,0.07552083333333293,0.31353411078453064,0.09517472017471995
22,0.15992270410060883,-0.004117854870855808,0.005139589309692383,0.8330062627792358,0.3852892518043518,0.12326388888888873,0.26639479398727417,0.09816066066066054
23,0.16637028753757477,-0.00347828958183527,0.005136430263519287,0.830110490322113,0.25655654072761536,0.0017361111111108274,0.305968314409256,0.09457753207753161
24,0.15893246233463287,-0.003965708427131176,0.005074501037597656,0.832292914390564,0.3178800046443939,0.17100694444444398,0.2887886166572571,0.09500409500409479
25,0.17045210301876068,-0.0038467571139335632,0.004875063896179199,0.8238552808761597,0.27747857570648193,0.06684027777777768,0.25792792439460754,0.0967103467103464
26,0.16245464980602264,-0.004022195003926754,0.005093574523925781,0.8369666934013367,0.3036646842956543,0.11892361111111083,0.2775447964668274,0.09653972153972123
27,0.18548424541950226,-0.00439856993034482,0.005752682685852051,0.8239094614982605,0.3528282344341278,0.05815972222222188,0.2736801207065582,0.0974781599781599
28,0.18170318007469177,-0.004133715759962797,0.004969954490661621,0.8302276134490967,0.3000998795032501,0.09288194444444398,0.2587219178676605,0.11018973518973518
29,0.16026213765144348,-0.00305626867339015,0.004765033721923828,0.8404122591018677,0.3092079758644104,0.15364583333333293,0.2715248465538025,0.11462598962598936
30,0.15611809492111206,-0.004246976226568222,0.005256831645965576,0.8384963870048523,0.31710946559906006,0.16666666666666663,0.26205605268478394,0.11957411957411956
31,0.16351456940174103,-0.004415609408169985,0.0052182674407958984,0.8363481163978577,0.35633835196495056,0.06684027777777768,0.2750696539878845,0.12324256074256079
32,0.15616877377033234,-0.004099145997315645,0.0051749348640441895,0.8410703539848328,0.3027638792991638,0.16232638888888873,0.2655012011528015,0.12196287196287181
33,0.16634662449359894,-0.004541993141174316,0.005303502082824707,0.8378775119781494,0.3077148199081421,0.13628472222222188,0.2633591592311859,0.13919601419601413
34,0.16130578517913818,-0.0037712138146162033,0.004425942897796631,0.8403498530387878,0.33129459619522095,0.11892361111111083,0.2722761332988739,0.14926289926289915
35,0.17016373574733734,-0.004039735998958349,0.004990279674530029,0.8397494554519653,0.3133854568004608,0.16666666666666663,0.28193363547325134,0.14465601965601926
36,0.17595332860946655,-0.004493606276810169,0.005160093307495117,0.8310532569885254,0.2613316476345062,0.15798611111111083,0.265060156583786,0.15045727545727527
37,0.17279867827892303,-0.00432345736771822,0.00492328405380249,0.8400082588195801,0.2881236672401428,0.13628472222222188,0.25901907682418823,0.1485803985803985
38,0.15884611010551453,-0.0040360246784985065,0.0046724677085876465,0.8430277705192566,0.3078659176826477,0.19704861111111083,0.2561931312084198,0.1418407043407044
39,0.1673285812139511,-0.003967753611505032,0.004647195339202881,0.8391230702400208,0.2743016481399536,0.13194444444444398,0.2550458610057831,0.1477272727272727
40,0.14414839446544647,-0.0025561051443219185,0.004563570022583008,0.8544430732727051,0.29039114713668823,0.21006944444444398,0.2579749524593353,0.12878787878787878
41,0.1559278815984726,-0.004053050186485052,0.004518032073974609,0.8540209531784058,0.3477173447608948,0.20138888888888873,0.25002408027648926,0.14320570570570568
42,0.16250933706760406,-0.004226693883538246,0.004872798919677734,0.8462594151496887,0.31175997853279114,0.13628472222222188,0.24840836226940155,0.13996382746382707
43,0.16704314947128296,-0.004342037718743086,0.004920303821563721,0.841373860836029,0.21382087469100952,0.19704861111111083,0.25129398703575134,0.1300675675675672
44,0.17074374854564667,-0.004640959668904543,0.005249083042144775,0.8449775576591492,0.3407977819442749,0.07552083333333293,0.2499426156282425,0.13586882336882322
45,0.154931902885437,-0.004534471780061722,0.005167365074157715,0.8488125801086426,0.9662336707115173,0.12760416666666663,0.254888117313385,0.13902538902538897
46,0.16829222440719604,-0.004549098201096058,0.004995465278625488,0.8369700312614441,0.22378237545490265,0.18836805555555558,0.252488911151886,0.14132882882882836
47,0.1586221307516098,-0.005126317963004112,0.005502462387084961,0.8411889672279358,0.3110326826572418,0.13628472222222188,0.24123045802116394,0.13621007371007354
48,0.15926823019981384,-0.004855023697018623,0.005188584327697754,0.842653751373291,0.23515844345092773,0.18402777777777768,0.2543696165084839,0.13245631995631946
49,0.15127314627170563,-0.003943797666579485,0.004364371299743652,0.8491252064704895,0.22862203419208527,0.2708333333333329,0.24454109370708466,0.13527163527163488
50,0.161072239279747,-0.004458142444491386,0.004896581172943115,0.8483355641365051,0.2863622307777405,0.14496527777777768,0.2449844479560852,0.13194444444444398
51,0.1762837916612625,-0.005021045450121164,0.005573749542236328,0.8417010307312012,0.30235108733177185,0.06249999999999978,0.25884944200515747,0.1461063336063334
52,0.14333611726760864,-0.002884018700569868,0.0048697590827941895,0.8594111204147339,0.3196709156036377,0.20138888888888873,0.24727731943130493,0.13911070161070127
53,0.15180255472660065,-0.004068042617291212,0.004751861095428467,0.8505706787109375,0.2664858400821686,0.23611111111111083,0.2466791421175003,0.13919601419601413
54,0.15705221891403198,-0.004594133235514164,0.004914641380310059,0.8455600142478943,0.25770655274391174,0.10590277777777768,0.25797373056411743,0.1426938301938302
55,0.16225194931030273,-0.004179217386990786,0.0045514702796936035,0.8500548005104065,0.6629650592803955,0.16232638888888873,0.24738772213459015,0.13783101283101284
56,0.17718081176280975,-0.004523944575339556,0.004934787750244141,0.8398008942604065,0.27776405215263367,0.03211805555555558,0.24903352558612823,0.13842820092820063
57,0.1590178906917572,-0.004235895816236734,0.004616379737854004,0.8519929051399231,0.2805143892765045,0.15798611111111083,0.24599836766719818,0.13569819819819806
58,0.15128426253795624,-0.004395843017846346,0.005023002624511719,0.8514180183410645,0.2908974587917328,0.11458333333333293,0.240433007478714,0.13911070161070127
59,0.16293194890022278,-0.003849844913929701,0.004773616790771484,0.8436295986175537,0.28119152784347534,0.11458333333333293,0.2501964569091797,0.14149945399945352
60,0.15722700953483582,-0.004675950389355421,0.005097091197967529,0.8450660705566406,0.2883845865726471,0.13194444444444398,0.2457895278930664,0.14397351897351862
61,0.16228103637695312,-0.004037135746330023,0.0050002336502075195,0.8462257385253906,0.31864553689956665,0.15364583333333293,0.24567027390003204,0.14167007917007868
62,0.17629125714302063,-0.0048376466147601604,0.005375802516937256,0.8341997861862183,0.34360548853874207,0.10590277777777768,0.24177390336990356,0.13825757575757547
63,0.15005293488502502,-0.004473904613405466,0.004785418510437012,0.8502840995788574,0.2580060064792633,0.2534722222222219,0.2545448839664459,0.13484507234507226
64,0.15160246193408966,-0.004786187782883644,0.0050809383392333984,0.8478114604949951,0.23112796247005463,0.13628472222222188,0.24368149042129517,0.13987851487851477
65,0.15607692301273346,-0.004765112418681383,0.00517427921295166,0.8521774411201477,0.27148744463920593,0.16666666666666663,0.24532367289066315,0.1418407043407044
66,0.16341078281402588,-0.004609316121786833,0.004886984825134277,0.843184232711792,0.2517099976539612,0.16666666666666663,0.24312491714954376,0.13868413868413865
67,0.15927135944366455,-0.00422732112929225,0.004551291465759277,0.8511227369308472,0.27208006381988525,0.13194444444444398,0.2444780170917511,0.13748976248976252
68,0.17643015086650848,-0.0045697963796556,0.004950046539306641,0.8397355675697327,0.2923290729522705,0.13194444444444398,0.25196367502212524,0.14542383292383276
69,0.15059134364128113,-0.003984220325946808,0.004425048828125,0.8535938858985901,0.2324695587158203,0.15798611111111083,0.24683807790279388,0.14004914004913993
70,0.16119150817394257,-0.004431675188243389,0.005017101764678955,0.8445907235145569,0.31333127617836,0.14062499999999978,0.23434562981128693,0.14397351897351862
71,0.18450668454170227,-0.0048608798533678055,0.005209922790527344,0.8391721844673157,0.293224036693573,0.06249999999999978,0.24361009895801544,0.15011602511602495
72,0.16540130972862244,-0.0048027969896793365,0.0050640106201171875,0.8431165814399719,0.3009730875492096,0.17100694444444398,0.24354811012744904,0.14730070980070953
73,0.16103969514369965,-0.004308861680328846,0.004726886749267578,0.8504095077514648,0.5710533261299133,0.17100694444444398,0.24854041635990143,0.14559445809445792
74,0.16170862317085266,-0.0045478628017008305,0.0047994256019592285,0.8470075726509094,0.24109014868736267,0.14930555555555558,0.23594245314598083,0.15267540267540236
75,0.1616871953010559,-0.0043927389197051525,0.004973292350769043,0.8473092317581177,0.23765571415424347,0.11892361111111083,0.24565556645393372,0.143546956046956
76,0.15430288016796112,-0.004567345604300499,0.004994809627532959,0.8517570495605469,0.22045673429965973,0.15364583333333293,0.23739299178123474,0.14380289380289346
77,0.1528172641992569,-0.004678033292293549,0.005108356475830078,0.8523457050323486,0.27656757831573486,0.24045138888888873,0.23461094498634338,0.15514946764946747
78,0.1706036627292633,-0.004938631784170866,0.005349159240722656,0.8463283777236938,0.3135654926300049,0.13628472222222188,0.24002425372600555,0.1473860223860224
79,0.1497180163860321,-0.003864576108753681,0.004712462425231934,0.8492475748062134,0.4240843653678894,0.17534722222222188,0.24613231420516968,0.1329681954681955
80,0.1621965765953064,-0.0029656190890818834,0.004764914512634277,0.8461254835128784,0.17408844828605652,0.15798611111111083,0.23549723625183105,0.13535694785694774
81,0.1670069545507431,-0.004206556361168623,0.004656374454498291,0.8476070761680603,0.2230556309223175,0.10156249999999978,0.2394377589225769,0.13731913731913736
82,0.16537953913211823,-0.005155039951205254,0.0055373311042785645,0.8431382775306702,0.2698269486427307,0.11458333333333293,0.23469038307666779,0.13791632541632515
83,0.15926098823547363,-0.004153881222009659,0.004449963569641113,0.8500855565071106,0.34160298109054565,0.14496527777777768,0.23706698417663574,0.1444853944853941
84,0.14387962222099304,-0.004599326755851507,0.00500178337097168,0.8492559194564819,0.23919807374477386,0.21874999999999978,0.22624674439430237,0.1426938301938302
85,0.15607811510562897,-0.0035744700580835342,0.0048097968101501465,0.8451942205429077,0.23283813893795013,0.17534722222222188,0.2337760329246521,0.1377457002457
86,0.1437070667743683,-0.004893725737929344,0.005164206027984619,0.8548856973648071,0.2828872501850128,0.19270833333333293,0.24221333861351013,0.14260851760851734
87,0.15130998194217682,-0.0044917091727256775,0.004848182201385498,0.8500823974609375,0.19235561788082123,0.19270833333333293,0.22902067005634308,0.14422945672945664
88,0.17720665037631989,-0.0045792823657393456,0.005121171474456787,0.8391323685646057,0.3143823742866516,0.14062499999999978,0.23198609054088593,0.14465601965601926
89,0.1713499128818512,-0.0048297070898115635,0.005314052104949951,0.8408698439598083,0.28720587491989136,0.11458333333333293,0.23407159745693207,0.13441850941850908
90,0.16992832720279694,-0.004965449217706919,0.005364179611206055,0.8414930701255798,0.3014553189277649,0.09722222222222188,0.2300984263420105,0.13441850941850908
91,0.14713571965694427,-0.004636923782527447,0.004845559597015381,0.8540209531784058,0.2736440598964691,0.21006944444444398,0.22423119843006134,0.13254163254163231
92,0.18286150693893433,-0.004418619908392429,0.005419552326202393,0.8424160480499268,0.26824402809143066,0.04947916666666663,0.2177707552909851,0.1388547638547638
93,0.15381090342998505,-0.005329818930476904,0.005608856678009033,0.847800612449646,0.22896602749824524,0.22309027777777768,0.2191782146692276,0.14499726999726958
94,0.1495058238506317,-0.004377820063382387,0.004799008369445801,0.8524357080459595,0.22936129570007324,0.13628472222222188,0.21321725845336914,0.15062790062790044
95,0.1621672362089157,-0.004806043580174446,0.00514751672744751,0.8470253944396973,0.28186872601509094,0.18402777777777768,0.21780358254909515,0.14013445263445223
96,0.14379970729351044,-0.004642559681087732,0.004888474941253662,0.8578447103500366,0.2550703287124634,0.13628472222222188,0.22945243120193481,0.14132882882882836
97,0.1688486933708191,-0.0036361264064908028,0.004552125930786133,0.8403469920158386,0.21974974870681763,0.13628472222222188,0.2210942506790161,0.1571969696969694
98,0.15553018450737,-0.005037783645093441,0.005363047122955322,0.849820077419281,0.37269091606140137,0.16232638888888873,0.2275743931531906,0.1426938301938302
99,0.17246302962303162,-0.004466635640710592,0.004968404769897461,0.8478626608848572,0.3028554916381836,0.09288194444444398,0.22742460668087006,0.14218195468195471
100,0.16729167103767395,-0.0045845285058021545,0.004865288734436035,0.8442522883415222,0.2295507937669754,0.20138888888888873,0.2221364676952362,0.14840977340977335
101,0.15768319368362427,-0.004818585701286793,0.005404412746429443,0.8494648933410645,0.297833114862442,0.08420138888888873,0.22406935691833496,0.15617321867321843
102,0.16970327496528625,-0.004649829585105181,0.005290985107421875,0.842312753200531,0.2100735306739807,0.14930555555555558,0.2241448014974594,0.14934821184821145
103,0.15532027184963226,-0.004897829610854387,0.0052947998046875,0.8475660085678101,0.30481281876564026,0.14062499999999978,0.23309656977653503,0.15608790608790613
104,0.1636507362127304,-0.005484927445650101,0.005707740783691406,0.8471072316169739,0.29542025923728943,0.07986111111111083,0.21703244745731354,0.14294976794976766
105,0.15597568452358246,-0.0040151807479560375,0.005114555358886719,0.8481186032295227,0.22457845509052277,0.20138888888888873,0.21365205943584442,0.1458503958503954
106,0.1613510400056839,-0.004994474817067385,0.005296170711517334,0.8457413911819458,0.44243529438972473,0.11458333333333293,0.20950408279895782,0.1494335244335243
107,0.17115584015846252,-0.004242420196533203,0.005125999450683594,0.8466575741767883,0.25352925062179565,0.17100694444444398,0.20922675728797913,0.1558319683319681
108,0.15687458217144012,-0.004606455098837614,0.005062103271484375,0.8500800728797913,0.21318480372428894,0.14496527777777768,0.20665760338306427,0.14900696150696113
109,0.16479109227657318,-0.004169998224824667,0.004935503005981445,0.8491774201393127,0.23767748475074768,0.12326388888888873,0.20009124279022217,0.15344321594321586
110,0.16688480973243713,-0.004868154879659414,0.005095005035400391,0.8496618866920471,0.22583194077014923,0.16232638888888873,0.20787179470062256,0.14934821184821145
111,0.1561671644449234,-0.004836705047637224,0.005309462547302246,0.8483906388282776,0.29443594813346863,0.18836805555555558,0.20193317532539368,0.16180384930384928
112,0.15740256011486053,-0.00461683189496398,0.004851162433624268,0.855705976486206,0.21368654072284698,0.18836805555555558,0.20989394187927246,0.1485803985803985
113,0.14960062503814697,-0.005278103053569794,0.005503058433532715,0.8582828044891357,0.2768664062023163,0.18402777777777768,0.20673613250255585,0.14815383565383533
114,0.16052433848381042,-0.004662459250539541,0.004895210266113281,0.8543345928192139,0.19543512165546417,0.12326388888888873,0.19128942489624023,0.15898853398853385
115,0.16195982694625854,-0.0049391575157642365,0.005418121814727783,0.8517530560493469,0.22584125399589539,0.15364583333333293,0.18425093591213226,0.15037196287196242
116,0.1669447124004364,-0.003957261331379414,0.005481362342834473,0.8490896821022034,0.19319280982017517,0.16666666666666663,0.18186970055103302,0.15404040404040364
117,0.15537188947200775,-0.004831505473703146,0.005216717720031738,0.8528463244438171,0.23484298586845398,0.28385416666666663,0.19266735017299652,0.16794635544635506
118,0.1578671932220459,-0.004086235072463751,0.005307197570800781,0.8555988669395447,0.19119636714458466,0.13628472222222188,0.19588766992092133,0.15259009009009006
119,0.15849566459655762,-0.0035408351104706526,0.005247950553894043,0.8539707660675049,0.2288670539855957,0.14062499999999978,0.17340439558029175,0.16368072618072604
120,0.16009345650672913,-0.004777250811457634,0.005210220813751221,0.8528904914855957,0.18770162761211395,0.17968749999999978,0.17516031861305237,0.14815383565383533
121,0.1677899807691574,-0.005074296146631241,0.005587279796600342,0.8486829996109009,0.18195000290870667,0.07118055555555558,0.17495840787887573,0.15037196287196242
122,0.16481056809425354,-0.00398579565808177,0.005059778690338135,0.8528759479522705,0.27462029457092285,0.21440972222222188,0.16482047736644745,0.16231572481572476
123,0.17152506113052368,-0.005088134203106165,0.005335688591003418,0.8519009351730347,0.2742398977279663,0.14062499999999978,0.1788143366575241,0.15702634452634423
124,0.16821742057800293,-0.0049338266253471375,0.005471646785736084,0.8505985736846924,0.24116703867912292,0.09288194444444398,0.19157326221466064,0.1542110292110288
125,0.15388336777687073,-0.004043283872306347,0.00530320405960083,0.8556451201438904,0.18750372529029846,0.24045138888888873,0.18901093304157257,0.15429634179634166
126,0.1762290894985199,-0.005090987775474787,0.005593240261077881,0.850910484790802,0.24140816926956177,0.10156249999999978,0.17275463044643402,0.149092274092274
127,0.15967442095279694,-0.005020683631300926,0.005177021026611328,0.8532282710075378,0.23123377561569214,0.23177083333333293,0.18165038526058197,0.16009759759759712
128,0.16369417309761047,-0.005123563576489687,0.00579833984375,0.8526602387428284,0.2477334588766098,0.14062499999999978,0.1822158247232437,0.1583060333060332
129,0.14129412174224854,-0.004824868869036436,0.005110621452331543,0.8643285632133484,0.16800519824028015,0.23611111111111083,0.18421794474124908,0.14875102375102367
130,0.14851753413677216,-0.004866296891123056,0.005091965198516846,0.8610264658927917,0.22331711649894714,0.23611111111111083,0.19092325866222382,0.15856197106197067
131,0.16670258343219757,-0.005106124095618725,0.0059320926666259766,0.8491814732551575,0.2128908485174179,0.14496527777777768,0.18347550928592682,0.1630835380835377
132,0.1583823710680008,-0.004848801530897617,0.005116879940032959,0.8587836623191833,0.19966737926006317,0.11892361111111083,0.18114463984966278,0.16931135681135634
133,0.163074791431427,-0.004206132609397173,0.005264997482299805,0.8564727306365967,0.220795139670372,0.18836805555555558,0.18870189785957336,0.1547229047229043
134,0.14291159808635712,-0.005133443977683783,0.005611002445220947,0.8609290719032288,0.2410351186990738,0.21006944444444398,0.1852230280637741,0.1583060333060332
135,0.1536560207605362,-0.0050968630239367485,0.005430102348327637,0.8659449815750122,0.2472342997789383,0.07986111111111083,0.19534911215305328,0.1694819819819815
136,0.17014648020267487,-0.005167721305042505,0.005432724952697754,0.8560805916786194,0.2057892084121704,0.036458333333332926,0.18307404220104218,0.16368072618072604
137,0.1778184026479721,-0.005361880641430616,0.005599915981292725,0.8475979566574097,0.381840318441391,0.13194444444444398,0.19873857498168945,0.16086541086541062
138,0.1513146013021469,-0.0042605530470609665,0.005214989185333252,0.8580889701843262,0.2472928911447525,0.20572916666666663,0.20659667253494263,0.16043884793884744
139,0.16373242437839508,-0.005254038143903017,0.005540132522583008,0.8605836033821106,0.2096073478460312,0.14062499999999978,0.1939336359500885,0.1694819819819815
140,0.15395285189151764,-0.005422595888376236,0.005756795406341553,0.8609454035758972,0.25316858291625977,0.18402777777777768,0.20607122778892517,0.16257166257166222
141,0.16095153987407684,-0.005140882916748524,0.005486249923706055,0.8595973253250122,0.261159747838974,0.14930555555555558,0.18170814216136932,0.17127354627354596
142,0.14619101583957672,-0.005774752702564001,0.005998075008392334,0.8587678670883179,0.16666704416275024,0.24045138888888873,0.17416463792324066,0.17289448539448526
143,0.16749030351638794,-0.0039005400612950325,0.0052838921546936035,0.8577176928520203,0.17663076519966125,0.12326388888888873,0.19464470446109772,0.16990854490854468
144,0.1462356150150299,-0.005106834694743156,0.005400419235229492,0.8697425723075867,0.24163086712360382,0.21874999999999978,0.1950284242630005,0.15856197106197067
145,0.16970856487751007,-0.004989390727132559,0.005581974983215332,0.8596017360687256,0.27926546335220337,0.10590277777777768,0.20669396221637726,0.1694819819819815
146,0.17045795917510986,-0.00530387694016099,0.005585610866546631,0.8607603311538696,0.30099862813949585,0.11892361111111083,0.19967548549175262,0.17127354627354596
147,0.16809596121311188,-0.004820168949663639,0.0061980485916137695,0.8526330590248108,0.27054548263549805,0.07118055555555558,0.20474742352962494,0.16487510237510217
148,0.16408215463161469,-0.005265265703201294,0.005511820316314697,0.8593487739562988,0.164862722158432,0.21006944444444398,0.20986032485961914,0.16316885066885056
149,0.1647799164056778,-0.0055276392959058285,0.005820870399475098,0.8571712970733643,0.22741594910621643,0.19704861111111083,0.2068132609128952,0.15856197106197067
150,0.14222483336925507,-0.005331589374691248,0.005611598491668701,0.8677833676338196,0.21920137107372284,0.18402777777777768,0.20211990177631378,0.16078009828009832
151,0.16119790077209473,-0.0053626238368451595,0.005663931369781494,0.8586136102676392,0.17563334107398987,0.14930555555555558,0.19220209121704102,0.16197447447447444
152,0.15997931361198425,-0.004377539735287428,0.005157172679901123,0.8659963607788086,0.20503070950508118,0.21440972222222188,0.1972959041595459,0.1613772863772861
153,0.16637751460075378,-0.004567414987832308,0.005546271800994873,0.8597316145896912,0.273872047662735,0.16666666666666663,0.19495826959609985,0.1701644826644827
154,0.15775197744369507,-0.005522549618035555,0.005680441856384277,0.8594022989273071,0.3436504304409027,0.22743055555555558,0.19401590526103973,0.16811698061698022
155,0.16539762914180756,-0.005491666030138731,0.005708277225494385,0.8577424883842468,0.24965643882751465,0.16232638888888873,0.19443896412849426,0.16811698061698022
156,0.1596592366695404,-0.005019737873226404,0.005175530910491943,0.8613703846931458,0.26385191082954407,0.17534722222222188,0.18876813352108002,0.16794635544635506
157,0.1610642969608307,-0.0052023655734956264,0.005390822887420654,0.8626964092254639,0.21237921714782715,0.16232638888888873,0.16523578763008118,0.17929292929292906
158,0.14999651908874512,-0.005100781563669443,0.005374908447265625,0.8673258423805237,0.2108553946018219,0.19270833333333293,0.1688537746667862,0.20846983346983317
159,0.16667544841766357,-0.0054991599172353745,0.005776643753051758,0.8583589196205139,0.2355533242225647,0.27951388888888873,0.17350104451179504,0.20505733005732996
160,0.1590953916311264,-0.005277205724269152,0.005880117416381836,0.8611335158348083,0.16113154590129852,0.2621527777777777,0.1763203740119934,0.21486827736827696
161,0.1733040064573288,-0.005379440262913704,0.005679011344909668,0.8529046177864075,0.18724298477172852,0.15364583333333293,0.1769482046365738,0.2002798252798249
162,0.1661008894443512,-0.005643581505864859,0.00613558292388916,0.8575405478477478,0.19582794606685638,0.19270833333333293,0.173578679561615,0.2104320229320228
163,0.1668449342250824,-0.004107717890292406,0.005346715450286865,0.8587743639945984,0.20927950739860535,0.18836805555555558,0.16863664984703064,0.20684889434889386
164,0.16082368791103363,-0.004961461294442415,0.0055204033851623535,0.8662641644477844,0.30652478337287903,0.13194444444444398,0.17002756893634796,0.20053576303576293
165,0.17362692952156067,-0.006085843779146671,0.006480097770690918,0.8573043346405029,0.21026724576950073,0.15364583333333293,0.17915715277194977,0.21316202566202536
166,0.15801985561847687,-0.005358582362532616,0.005901336669921875,0.8601675033569336,0.2550881505012512,0.18836805555555558,0.1721620261669159,0.19985326235326228
167,0.15655101835727692,-0.004812037572264671,0.0055389404296875,0.8624535799026489,0.1896255612373352,0.19270833333333293,0.17363908886909485,0.21102921102921057
168,0.1550198793411255,-0.005107443779706955,0.00538182258605957,0.8600141406059265,0.19751280546188354,0.27951388888888873,0.174522265791893,0.20394826644826614
169,0.17460818588733673,-0.0058375997468829155,0.006041228771209717,0.8561440706253052,0.2123919278383255,0.11892361111111083,0.18284209072589874,0.21026139776139763
170,0.16553136706352234,-0.005719024688005447,0.005951523780822754,0.8602706789970398,0.1968984603881836,0.22743055555555558,0.17449285089969635,0.20548389298389258
171,0.16832400858402252,-0.004927131347358227,0.006188929080963135,0.8549395799636841,0.1873059719800949,0.19270833333333293,0.16531753540039062,0.2171717171717169
172,0.1672939658164978,-0.005254054442048073,0.005810678005218506,0.8580058217048645,0.1846938282251358,0.27951388888888873,0.1560363620519638,0.2066782691782687
173,0.15349437296390533,-0.005310577806085348,0.006062567234039307,0.8587806820869446,0.22834576666355133,0.17968749999999978,0.1625588834285736,0.20864045864045833
174,0.1681421548128128,-0.003215435426682234,0.005686283111572266,0.8553429841995239,0.2098119705915451,0.20138888888888873,0.16217610239982605,0.20258326508326485
175,0.15812115371227264,-0.005491313524544239,0.006017148494720459,0.8639810085296631,0.18148833513259888,0.21440972222222188,0.1973022222518921,0.20138888888888873
176,0.17868824303150177,-0.005431144963949919,0.005813002586364746,0.8572645783424377,0.20685310661792755,0.14496527777777768,0.19320128858089447,0.20838452088452086
177,0.17904727160930634,-0.005313050001859665,0.005735635757446289,0.8550037741661072,0.3130298852920532,0.20138888888888873,0.18533644080162048,0.21700109200109174
178,0.15779642760753632,-0.005148047581315041,0.005350172519683838,0.865380048751831,0.21391497552394867,0.2664930555555556,0.19436737895011902,0.2011329511329507
179,0.18076731264591217,-0.005421887151896954,0.005977332592010498,0.8608168959617615,0.2077634185552597,0.09722222222222188,0.17475499212741852,0.19891482391482362
180,0.15744708478450775,-0.0045910184271633625,0.00594562292098999,0.8637423515319824,0.16705144941806793,0.19704861111111083,0.1715945303440094,0.2019007644007642
181,0.16638901829719543,-0.0055076549760997295,0.005847156047821045,0.8587573170661926,0.2524300217628479,0.22743055555555558,0.16774314641952515,0.20804327054327054
182,0.16173748672008514,-0.0055473060347139835,0.006145000457763672,0.8679038882255554,0.18322357535362244,0.16232638888888873,0.16638390719890594,0.21034671034670993
183,0.15532875061035156,-0.005597531329840422,0.0060166120529174805,0.862017810344696,0.21754182875156403,0.2534722222222219,0.18178817629814148,0.21333265083265052
184,0.1422586441040039,-0.005146201234310865,0.0053476691246032715,0.8712915182113647,0.21452516317367554,0.19704861111111083,0.1899869740009308,0.20130357630357587
185,0.15024149417877197,-0.005789161194115877,0.0059548020362854,0.8654924035072327,0.16721464693546295,0.2751736111111108,0.16667667031288147,0.19917076167076164
186,0.16508139669895172,-0.005976258311420679,0.006152927875518799,0.8617228269577026,0.19715772569179535,0.21874999999999978,0.16477569937705994,0.20761670761670736
187,0.166493758559227,-0.0061475797556340694,0.006409347057342529,0.8623670339584351,0.15028074383735657,0.2664930555555556,0.1528012752532959,0.20130357630357587
188,0.1687534749507904,-0.005578009411692619,0.006228804588317871,0.8578730821609497,0.167906254529953,0.16666666666666663,0.15453821420669556,0.19874419874419846
189,0.17518050968647003,-0.0056638652458786964,0.006789863109588623,0.8538933992385864,0.21999575197696686,0.16666666666666663,0.15613555908203125,0.2011329511329507
190,0.16173425316810608,-0.004431046079844236,0.006118714809417725,0.8582656383514404,0.1423976719379425,0.20572916666666663,0.153314471244812,0.1985735735735733
191,0.17361092567443848,-0.005895047448575497,0.0061269402503967285,0.8569956421852112,0.17208632826805115,0.18836805555555558,0.15891942381858826,0.2123942123942124
192,0.17620034515857697,-0.006112476345151663,0.006318211555480957,0.8605819940567017,0.18101289868354797,0.17534722222222188,0.16209445893764496,0.20625170625170608
193,0.1551593393087387,-0.005632670130580664,0.006026327610015869,0.8667283654212952,0.2417466938495636,0.24045138888888873,0.1708461344242096,0.20608108108108092
194,0.16654209792613983,-0.005595210939645767,0.005943596363067627,0.8586483597755432,0.12786750495433807,0.20572916666666663,0.15615522861480713,0.1999385749385746
195,0.1717485785484314,-0.0059431749396026134,0.006185412406921387,0.85672926902771,0.17057234048843384,0.20138888888888873,0.17063286900520325,0.20420420420420415
196,0.17864249646663666,-0.005789958406239748,0.006051540374755859,0.8553330898284912,0.250270813703537,0.14496527777777768,0.17604026198387146,0.20045045045045007
197,0.1512909233570099,-0.0057881674729287624,0.0059896111488342285,0.8686003088951111,0.20782941579818726,0.21874999999999978,0.17093436419963837,0.1943932568932566
198,0.1628507822751999,-0.005525338463485241,0.006197214126586914,0.8668467402458191,0.23119260370731354,0.16232638888888873,0.16669999063014984,0.20036513786513777
199,0.16828978061676025,-0.0062010157853364944,0.006564199924468994,0.8577513098716736,0.21130086481571198,0.24045138888888873,0.1521158367395401,0.20463076713076678
200,0.1582200676202774,-0.005951997824013233,0.006168663501739502,0.8634738326072693,0.2419259399175644,0.20572916666666663,0.16191589832305908,0.1943932568932566
201,0.1589267998933792,-0.005618239752948284,0.005935728549957275,0.8634740710258484,0.1871820092201233,0.22743055555555558,0.15181602537631989,0.19550232050232041
202,0.16946861147880554,-0.0052545443177223206,0.00580906867980957,0.861766517162323,0.17267970740795135,0.15798611111111083,0.16099917888641357,0.19925607425607395
203,0.16562746465206146,-0.0057656727731227875,0.006156861782073975,0.8540788292884827,0.1367555856704712,0.24479166666666663,0.14651702344417572,0.21196764946764923
204,0.16884498298168182,-0.005616224370896816,0.00603032112121582,0.8643521070480347,0.19899407029151917,0.12326388888888873,0.15965354442596436,0.20053576303576293
205,0.1556054651737213,-0.00473784189671278,0.005626261234283447,0.8630458116531372,0.17396973073482513,0.23611111111111083,0.1577383130788803,0.19627013377013336
206,0.1650085151195526,-0.0054199849255383015,0.0060520172119140625,0.8657578825950623,0.2192172110080719,0.22743055555555558,0.15890629589557648,0.2019860769860765
207,0.1805550456047058,-0.005839872173964977,0.006115913391113281,0.8582744002342224,0.22932791709899902,0.08854166666666663,0.167045459151268,0.192687005187005
208,0.15998251736164093,-0.004567220341414213,0.004943490028381348,0.8675159811973572,0.19837512075901031,0.3532986111111108,0.1720559149980545,0.19644075894075852
209,0.1399879902601242,-0.005107548553496599,0.005445003509521484,0.8728974461555481,0.18126599490642548,0.24045138888888873,0.16761456429958344,0.1943932568932566
210,0.1737186461687088,-0.005250405054539442,0.006139993667602539,0.8634510636329651,0.15207841992378235,0.21874999999999978,0.15932711958885193,0.19652607152607138
211,0.16513919830322266,-0.005782049149274826,0.0061301589012146,0.8637710213661194,0.15270192921161652,0.20138888888888873,0.15561039745807648,0.19234575484575467
212,0.1635817289352417,-0.005916502792388201,0.006216108798980713,0.8664758205413818,0.18196284770965576,0.17968749999999978,0.1584407240152359,0.20369232869232867
213,0.1720225214958191,-0.006265424191951752,0.0064980387687683105,0.8596264123916626,0.18957723677158356,0.18402777777777768,0.16488611698150635,0.19746450996450948
214,0.15714146196842194,-0.005441681947559118,0.005774497985839844,0.864593505859375,0.21288804709911346,0.15798611111111083,0.1610933244228363,0.20292451542451517
215,0.1801839917898178,-0.0067113540135324,0.007010459899902344,0.8568926453590393,0.16854487359523773,0.12760416666666663,0.15262053906917572,0.1968673218673217
216,0.14963553845882416,-0.002899241168051958,0.005648374557495117,0.8711427450180054,0.18813875317573547,0.2534722222222219,0.15399394929409027,0.20002388752388744
217,0.1614927053451538,-0.004921934567391872,0.0059070587158203125,0.8666636943817139,0.14865806698799133,0.17968749999999978,0.15124930441379547,0.20855514605514602
218,0.16921423375606537,-0.004877619910985231,0.00582355260848999,0.8647447228431702,0.17851507663726807,0.20138888888888873,0.1668820083141327,0.20130357630357587
219,0.16848106682300568,-0.00570085272192955,0.005878925323486328,0.865375816822052,0.1814771443605423,0.20138888888888873,0.17181812226772308,0.1930282555282553
220,0.17421478033065796,-0.006524674128741026,0.006710529327392578,0.8627232313156128,0.24229083955287933,0.10156249999999978,0.1657990962266922,0.20096232596232555
221,0.1648196280002594,-0.00532130803912878,0.005653977394104004,0.8669288754463196,0.1924341320991516,0.09722222222222188,0.15643581748008728,0.1951610701610701
222,0.17644934356212616,-0.005786530673503876,0.005965590476989746,0.8614425659179688,0.1738237887620926,0.15798611111111083,0.14949443936347961,0.20522795522795512
223,0.14877216517925262,-0.005344240926206112,0.006057798862457275,0.8695852160453796,0.1297425627708435,0.3359374999999998,0.1588859111070633,0.20002388752388744
224,0.17018546164035797,-0.00544001255184412,0.006349027156829834,0.8621899485588074,0.18424676358699799,0.2708333333333329,0.15524350106716156,0.2041188916188913
225,0.18059749901294708,-0.005290214437991381,0.006553530693054199,0.8575384020805359,0.20103813707828522,0.13194444444444398,0.14994053542613983,0.20463076713076678
226,0.16443122923374176,-0.005337736569344997,0.005658864974975586,0.8686684966087341,0.1692909449338913,0.19704861111111083,0.15097050368785858,0.19635544635544622
227,0.14293327927589417,-0.005305718630552292,0.005546450614929199,0.8753457069396973,0.16902515292167664,0.3098958333333329,0.16557136178016663,0.19644075894075852
228,0.15568439662456512,-0.0059412214905023575,0.006270229816436768,0.8677790760993958,0.14608514308929443,0.23177083333333293,0.15114352107048035,0.2073607698607699
229,0.18282313644886017,-0.005829367786645889,0.006145477294921875,0.8574075102806091,0.17339827120304108,0.15798611111111083,0.1643640249967575,0.21572140322140276
230,0.1600378304719925,-0.00575778866186738,0.005962550640106201,0.8655088543891907,0.22611384093761444,0.27951388888888873,0.16097791492938995,0.204033579033579
231,0.1601688712835312,-0.005492217838764191,0.005736052989959717,0.863977313041687,0.18645882606506348,0.19704861111111083,0.16798779368400574,0.208299208299208
232,0.14571808278560638,-0.00624728063121438,0.006400048732757568,0.8717884421348572,0.15339982509613037,0.23177083333333293,0.1532258838415146,0.2041188916188913
233,0.17792141437530518,-0.006060865707695484,0.006490945816040039,0.8609144687652588,0.2248668670654297,0.18402777777777768,0.15370886027812958,0.196952634452634
234,0.1734037697315216,-0.00573354959487915,0.006665527820587158,0.8567432761192322,0.1621324121952057,0.2534722222222219,0.15479153394699097,0.19123669123669085
235,0.1677955985069275,-0.005830727517604828,0.0060713887214660645,0.8651966452598572,0.1857728213071823,0.24479166666666663,0.14647705852985382,0.19840294840294814
236,0.15333296358585358,-0.005748280324041843,0.005935072898864746,0.8725378513336182,0.18211285769939423,0.2708333333333329,0.1384778767824173,0.20642233142233124
237,0.16306157410144806,-0.005585098639130592,0.005746960639953613,0.8689402937889099,0.3772941529750824,0.2708333333333329,0.15764479339122772,0.2024126399126397
238,0.17027564346790314,-0.006298338994383812,0.00650334358215332,0.8622754812240601,0.17919936776161194,0.15798611111111083,0.1659398376941681,0.21324733824733821
239,0.16654850542545319,-0.0056500802747905254,0.0060956478118896484,0.8671284317970276,0.19233962893486023,0.20138888888888873,0.1579105406999588,0.20010920010919975
240,0.17096418142318726,-0.006109645590186119,0.006333768367767334,0.8684902787208557,0.20438608527183533,0.17534722222222188,0.16794730722904205,0.20207138957138937
241,0.17810386419296265,-0.0059955851174890995,0.006602883338928223,0.8601754307746887,0.2133382111787796,0.19270833333333293,0.1602509617805481,0.19558763308763272
242,0.16874122619628906,-0.00451183645054698,0.006186068058013916,0.863990306854248,0.20339199900627136,0.13194444444444398,0.14827151596546173,0.20676358176358156
243,0.15303552150726318,-0.0060030389577150345,0.006272673606872559,0.8679080009460449,0.19113735854625702,0.24913194444444398,0.14898867905139923,0.20531326781326742
244,0.18003436923027039,-0.0059884898364543915,0.006348967552185059,0.8628854155540466,0.20596446096897125,0.23611111111111083,0.1531740427017212,0.20778733278733252
245,0.15902237594127655,-0.005277717486023903,0.00579303503036499,0.8724304437637329,0.16245406866073608,0.23611111111111083,0.1616513431072235,0.20002388752388744
246,0.18115872144699097,-0.005980712361633778,0.00677037239074707,0.8638360500335693,0.19363072514533997,0.19704861111111083,0.15076187252998352,0.19729388479388432
247,0.14220549166202545,-0.005251464433968067,0.005472719669342041,0.883006751537323,0.19077613949775696,0.3012152777777777,0.1492656022310257,0.20898170898170865
248,0.1595349907875061,-0.005658300127834082,0.006307721138000488,0.8637089133262634,0.1309468150138855,0.27951388888888873,0.14671795070171356,0.20650764400764354
249,0.18110498785972595,-0.005845727398991585,0.006332874298095703,0.8638985753059387,0.21682725846767426,0.09722222222222188,0.15159757435321808,0.20974952224952215
250,0.16152720153331757,-0.003596197348088026,0.006379544734954834,0.8712490797042847,0.22195139527320862,0.17968749999999978,0.16604000329971313,0.20258326508326485
251,0.15089532732963562,-0.0059973993338644505,0.006596982479095459,0.8727976679801941,0.19770389795303345,0.19270833333333293,0.15392808616161346,0.20300982800982803
252,0.16758190095424652,-0.001730149844661355,0.005173742771148682,0.8728417754173279,0.14734625816345215,0.14496527777777768,0.15918150544166565,0.192687005187005
253,0.16476385295391083,-0.004477478098124266,0.006154835224151611,0.8603454828262329,0.20280694961547852,0.2621527777777777,0.1552300900220871,0.19413731913731913
254,0.17167474329471588,-0.0061880359426140785,0.006554543972015381,0.8677880764007568,0.21145427227020264,0.10156249999999978,0.16311931610107422,0.19499044499044493
255,0.16584895551204681,-0.006053248420357704,0.006241977214813232,0.8684423565864563,0.17259296774864197,0.17968749999999978,0.15530194342136383,0.2035217035217035
256,0.1801053136587143,-0.005843054968863726,0.006020605564117432,0.8653241991996765,0.21437452733516693,0.17534722222222188,0.1512952297925949,0.19481981981981977
257,0.16315308213233948,-0.005969767924398184,0.006175994873046875,0.871361255645752,0.20088256895542145,0.14930555555555558,0.1508607417345047,0.19533169533169525
258,0.15646380186080933,-0.005549849011003971,0.005865812301635742,0.8755483627319336,0.1556505560874939,0.2968749999999998,0.14948776364326477,0.2048867048867048
259,0.153818279504776,-0.005951291881501675,0.0061370134353637695,0.8735628724098206,0.1771022081375122,0.24913194444444398,0.15163138508796692,0.20420420420420415
260,0.17489606142044067,-0.00553472014144063,0.00640183687210083,0.8671157360076904,0.16019782423973083,0.17534722222222188,0.15237103402614594,0.20036513786513777
261,0.1611175239086151,-0.005546514876186848,0.005899548530578613,0.87564617395401,0.16351968050003052,0.2578124999999998,0.14844073355197906,0.19499044499044493
262,0.1660895049571991,-0.005951978731900454,0.006154119968414307,0.868377685546875,0.1700451672077179,0.19704861111111083,0.14523054659366608,0.20974952224952215
263,0.1765698492527008,-0.005643103271722794,0.006032347679138184,0.868864893913269,0.21675288677215576,0.15364583333333293,0.14266729354858398,0.2057398307398306
264,0.15901528298854828,-0.006090597249567509,0.006281018257141113,0.8730201125144958,0.1575964391231537,0.3012152777777777,0.14140653610229492,0.19703794703794686
265,0.16047509014606476,-0.005563355516642332,0.0059989094734191895,0.8724521994590759,0.19256474077701569,0.17968749999999978,0.14661090075969696,0.19627013377013336
266,0.16235359013080597,-0.005838897544890642,0.00668567419052124,0.8711021542549133,0.20452283322811127,0.18402777777777768,0.1620311141014099,0.19627013377013336
267,0.16926975548267365,-0.006040407344698906,0.0063520073890686035,0.868495762348175,0.17801403999328613,0.17534722222222188,0.15000666677951813,0.19823232323232298
268,0.15255379676818848,-0.00530341686680913,0.006203114986419678,0.8766758441925049,0.15214046835899353,0.2621527777777777,0.1493421047925949,0.19823232323232298
269,0.1542534977197647,-0.005758701823651791,0.0059833526611328125,0.8761506676673889,0.14753837883472443,0.2534722222222219,0.15101267397403717,0.1994266994266991
270,0.16941940784454346,-0.005398518871515989,0.006033480167388916,0.8796769976615906,0.19302313029766083,0.20138888888888873,0.15770742297172546,0.2010476385476384
271,0.14231529831886292,-0.0054551586508750916,0.0058727264404296875,0.8822604417800903,0.18458954989910126,0.19704861111111083,0.1421463042497635,0.208299208299208
272,0.15968120098114014,-0.006093112286180258,0.006503880023956299,0.8714497089385986,0.16297687590122223,0.24479166666666663,0.1467083841562271,0.19644075894075852
273,0.1708918809890747,-0.006236045155674219,0.006460011005401611,0.871986985206604,0.17399699985980988,0.19704861111111083,0.14756229519844055,0.1968673218673217
274,0.15564082562923431,-0.00629084836691618,0.0064751505851745605,0.8793148994445801,0.1686633676290512,0.20138888888888873,0.14638522267341614,0.19413731913731913
275,0.16393686830997467,-0.006304657552391291,0.006564497947692871,0.8738882541656494,0.1511165201663971,0.16666666666666663,0.15012723207473755,0.20591045591045576
276,0.16516080498695374,-0.005635465495288372,0.0058653950691223145,0.8731151819229126,0.17557495832443237,0.21874999999999978,0.15092110633850098,0.20591045591045576
277,0.17034518718719482,-0.005609626416116953,0.005846500396728516,0.874190092086792,0.22403748333454132,0.20572916666666663,0.1526503562927246,0.19746450996450948
278,0.16236454248428345,-0.005685638170689344,0.005823671817779541,0.8782476782798767,0.175510436296463,0.14062499999999978,0.14506080746650696,0.20471607971607964
279,0.17486625909805298,-0.00578972976654768,0.005986511707305908,0.8692591786384583,0.17650243639945984,0.12326388888888873,0.1371830850839615,0.20923764673764667
280,0.1658356785774231,-0.006277256179600954,0.006501913070678711,0.8739645481109619,0.146673783659935,0.12760416666666663,0.13687309622764587,0.19951201201201196
281,0.15866705775260925,-0.0057252091355621815,0.005940079689025879,0.8796769380569458,0.19665682315826416,0.2664930555555556,0.13648727536201477,0.20642233142233124
282,0.15904155373573303,-0.005515629425644875,0.006071031093597412,0.8737257122993469,0.146645650267601,0.3055555555555556,0.13476945459842682,0.20522795522795512
283,0.16435307264328003,-0.005459875799715519,0.006536304950714111,0.869387149810791,0.13367639482021332,0.23177083333333293,0.13953432440757751,0.19063950313950306
284,0.1590689718723297,-0.005230626091361046,0.006380021572113037,0.875804603099823,0.13988342881202698,0.22743055555555558,0.14328788220882416,0.19925607425607395
285,0.16070438921451569,-0.004924021661281586,0.005279839038848877,0.8737547397613525,0.20631645619869232,0.20572916666666663,0.14258936047554016,0.1951610701610701
286,0.18594001233577728,-0.005839259829372168,0.0060762763023376465,0.8746224641799927,0.21878443658351898,0.08420138888888873,0.15015676617622375,0.1943932568932566
287,0.16085593402385712,-0.005484525579959154,0.005911767482757568,0.8785935640335083,0.18917754292488098,0.17534722222222188,0.16038882732391357,0.20642233142233124
288,0.1723344624042511,-0.005427146330475807,0.006577432155609131,0.8703869581222534,0.1971025913953781,0.12326388888888873,0.15187466144561768,0.19336950586950563
289,0.18607857823371887,-0.0058313999325037,0.006106019020080566,0.865972101688385,0.16698309779167175,0.17968749999999978,0.14803571999073029,0.20224201474201453
290,0.1572897583246231,-0.005350602325052023,0.006305336952209473,0.8755548000335693,0.1367504596710205,0.22309027777777768,0.14072807133197784,0.21068796068796025
291,0.1621505618095398,-0.005264686420559883,0.006115078926086426,0.881546139717102,0.15412451326847076,0.24479166666666663,0.14454172551631927,0.2007917007917004
292,0.17771339416503906,-0.006519445218145847,0.0070534348487854,0.868170440196991,0.16259808838367462,0.19704861111111083,0.14258646965026855,0.20386295386295383
293,0.17289257049560547,-0.006035727448761463,0.0062059760093688965,0.876495361328125,0.19579467177391052,0.14930555555555558,0.1458870768547058,0.20864045864045833
294,0.17419485747814178,-0.006060672923922539,0.006501436233520508,0.8729324340820312,0.17894981801509857,0.04947916666666663,0.15006466209888458,0.19627013377013336
295,0.1543695479631424,-0.005572339985519648,0.005733668804168701,0.8813832998275757,0.13530628383159637,0.2708333333333329,0.14838464558124542,0.1977204477204475
296,0.1675652414560318,-0.0057168155908584595,0.006158292293548584,0.8723791241645813,0.16859962046146393,0.19704861111111083,0.1429576575756073,0.2066782691782687
297,0.16416120529174805,-0.005349157378077507,0.006154179573059082,0.878278911113739,0.22289560735225677,0.20138888888888873,0.14782066643238068,0.19447856947856945
298,0.17198242247104645,-0.006349038798362017,0.006535828113555908,0.8708602786064148,0.19047494232654572,0.19270833333333293,0.14636796712875366,0.20420420420420415
299,0.16620488464832306,-0.005467444658279419,0.005832314491271973,0.878362238407135,0.12867899239063263,0.22309027777777768,0.14531606435775757,0.19200450450450435
300,0.17454853653907776,-0.0053434912115335464,0.006238877773284912,0.8724164962768555,0.1574147343635559,0.18836805555555558,0.14469251036643982,0.2032657657657655
301,0.16306240856647491,-0.00581439258530736,0.005989253520965576,0.879904568195343,0.17093098163604736,0.21006944444444398,0.14790134131908417,0.20693420693420672
302,0.1676047146320343,-0.006201768293976784,0.0064280033111572266,0.8742356896400452,0.17805840075016022,0.2534722222222219,0.14565011858940125,0.2019007644007642
303,0.19061073660850525,-0.005597502924501896,0.006223917007446289,0.8665078282356262,0.17258861660957336,0.11024305555555558,0.15197822451591492,0.20753139503139506
304,0.17221000790596008,-0.006313078571110964,0.0065770745277404785,0.8791680335998535,0.23013824224472046,0.13628472222222188,0.1597067415714264,0.19618482118482106
305,0.18149840831756592,-0.005864409729838371,0.006112277507781982,0.8745129108428955,0.2108275294303894,0.21006944444444398,0.15037906169891357,0.21179702429702407
306,0.16535678505897522,-0.004824917763471603,0.005786299705505371,0.8763569593429565,0.18382595479488373,0.19704861111111083,0.1486961841583252,0.19891482391482362
307,0.16170068085193634,-0.005869538988918066,0.006222724914550781,0.8790890574455261,0.16455508768558502,0.23611111111111083,0.14246489107608795,0.20940827190827183
308,0.16507503390312195,-0.005900579039007425,0.0062427520751953125,0.8770808577537537,0.21496066451072693,0.15364583333333293,0.14670395851135254,0.1960995085995082
309,0.1786685436964035,-0.004895935766398907,0.006192922592163086,0.869920015335083,0.18911787867546082,0.23611111111111083,0.146527498960495,0.20181545181545135
310,0.1545080840587616,-0.005068286322057247,0.005855858325958252,0.8860252499580383,0.19721417129039764,0.288194444444444,0.1481401026248932,0.20514264264264226
311,0.16322100162506104,-0.00561978854238987,0.006239175796508789,0.8792855739593506,0.18432432413101196,0.2534722222222219,0.14988499879837036,0.2019007644007642
312,0.16476696729660034,-0.005949834361672401,0.00666046142578125,0.8796693682670593,0.24164117872714996,0.21006944444444398,0.14425459504127502,0.209578897078897
313,0.1717875450849533,-0.005725799594074488,0.0064296722412109375,0.8733716011047363,0.16591207683086395,0.08854166666666663,0.14936259388923645,0.19840294840294814
314,0.17344103753566742,-0.005499063525348902,0.006057620048522949,0.8765220642089844,0.22347690165042877,0.09288194444444398,0.14180877804756165,0.20147420147420103
315,0.15524594485759735,-0.0043782200664281845,0.0057582855224609375,0.8841961026191711,0.17883168160915375,0.28385416666666663,0.1539384126663208,0.2048867048867048
316,0.17478856444358826,-0.0038924184627830982,0.00610959529876709,0.8788555860519409,0.15030977129936218,0.18836805555555558,0.15778490900993347,0.2016448266448262
317,0.175968736410141,-0.005282022524625063,0.00633472204208374,0.8736354112625122,0.16447283327579498,0.12760416666666663,0.16568636894226074,0.1930282555282553
318,0.15184271335601807,-0.005579679738730192,0.006209075450897217,0.8876933455467224,0.11542309075593948,0.19270833333333293,0.14908674359321594,0.19558763308763272
319,0.16176682710647583,-0.005719427950680256,0.006271779537200928,0.885439932346344,0.26582393050193787,0.2664930555555556,0.1474042534828186,0.19754982254982234
320,0.15765780210494995,-0.006023211404681206,0.006470322608947754,0.8835594058036804,0.1718340814113617,0.27951388888888873,0.15297746658325195,0.20300982800982803
321,0.17087043821811676,-0.005567388143390417,0.005864381790161133,0.879965603351593,0.18493004143238068,0.2578124999999998,0.15163648128509521,0.21196764946764923
322,0.17112809419631958,-0.004037446808069944,0.004510343074798584,0.8863073587417603,0.20392397046089172,0.24913194444444398,0.1632157415151596,0.20471607971607964
323,0.16364838182926178,-0.004542580805718899,0.0053487420082092285,0.8847967386245728,0.18896353244781494,0.22309027777777768,0.1520727127790451,0.2129060879060879
324,0.15697486698627472,-0.004611681681126356,0.005311310291290283,0.8850970268249512,0.2046186625957489,0.20138888888888873,0.1387663036584854,0.21230889980889955
325,0.15833470225334167,-0.004409427754580975,0.004997372627258301,0.8858488202095032,0.17431019246578217,0.24913194444444398,0.14201685786247253,0.20795795795795768
326,0.17388251423835754,-0.005858775693923235,0.006021261215209961,0.8763784170150757,0.15863512456417084,0.17100694444444398,0.1383233368396759,0.20428951678951646
327,0.1703421175479889,-0.0029978922102600336,0.004599094390869141,0.8863053321838379,0.16728872060775757,0.19270833333333293,0.1384267657995224,0.20181545181545135
328,0.15811115503311157,-0.0051254574209451675,0.005611598491668701,0.8843939304351807,0.13689105212688446,0.23611111111111083,0.14120134711265564,0.20701951951951902
329,0.17811577022075653,-0.0046870168298482895,0.005247235298156738,0.8741298913955688,0.15486691892147064,0.20572916666666663,0.14875538647174835,0.20974952224952215
330,0.15689189732074738,-0.004618166480213404,0.004976630210876465,0.8871404528617859,0.1794435828924179,0.23611111111111083,0.14109577238559723,0.19900013650013648
331,0.15969812870025635,-0.005195394158363342,0.0053910017013549805,0.8870282173156738,0.17382533848285675,0.19270833333333293,0.141399547457695,0.20608108108108092
332,0.16729137301445007,-0.005220919847488403,0.0053324103355407715,0.8949636220932007,0.1927955597639084,0.23611111111111083,0.1476489156484604,0.20173013923013905
333,0.17971384525299072,-0.003681105561554432,0.005270957946777344,0.8817298412322998,0.16822421550750732,0.10156249999999978,0.13743923604488373,0.20608108108108092
334,0.1555720567703247,-0.00452234223484993,0.005053520202636719,0.8910223245620728,0.16459864377975464,0.18402777777777768,0.14258652925491333,0.1824494949494948
335,0.15408417582511902,-0.005007802043110132,0.005232572555541992,0.8909360766410828,0.17479820549488068,0.19270833333333293,0.13997964560985565,0.19115137865137855
336,0.15685226023197174,-0.004529580473899841,0.004788637161254883,0.8954063653945923,0.2070121467113495,0.18402777777777768,0.14252915978431702,0.19123669123669085
337,0.17574423551559448,-0.004516585264354944,0.005378544330596924,0.8788599967956543,0.21476978063583374,0.18402777777777768,0.14226901531219482,0.20309514059514033
338,0.16038161516189575,-0.004157884977757931,0.005603194236755371,0.8878864645957947,0.22593684494495392,0.15364583333333293,0.13720664381980896,0.20471607971607964
339,0.15623149275779724,-0.00485701858997345,0.005398988723754883,0.8874162435531616,0.18510574102401733,0.21874999999999978,0.1433032751083374,0.1922604422604418
340,0.16885314881801605,-0.004969640634953976,0.00522845983505249,0.8878132700920105,0.18603847920894623,0.10156249999999978,0.14611293375492096,0.19243106743106697
341,0.17121073603630066,-0.004200956784188747,0.00549471378326416,0.8783105611801147,0.18471550941467285,0.18402777777777768,0.1430157870054245,0.20778733278733252
342,0.15923282504081726,-0.004732418339699507,0.005329012870788574,0.8922485113143921,0.19880913197994232,0.21440972222222188,0.15512649714946747,0.19797638547638552
343,0.16481371223926544,-0.004830203019082546,0.005063295364379883,0.8791185021400452,0.21821023523807526,0.17534722222222188,0.14564400911331177,0.19925607425607395
344,0.16605164110660553,-0.005134797189384699,0.005354106426239014,0.8819636702537537,0.1913108080625534,0.17534722222222188,0.15284396708011627,0.19336950586950563
345,0.16180363297462463,-0.005074454937130213,0.00523829460144043,0.8863338828086853,0.1841912567615509,0.23177083333333293,0.14897048473358154,0.1946491946491946
346,0.15661105513572693,-0.005012308247387409,0.005329489707946777,0.8898116946220398,0.21427270770072937,0.2751736111111108,0.15310817956924438,0.19823232323232298
347,0.1607714146375656,-0.0052412813529372215,0.005645573139190674,0.8914979100227356,0.17813321948051453,0.16666666666666663,0.14766348898410797,0.2108585858585854
348,0.16355697810649872,-0.004444394260644913,0.004651129245758057,0.892076849937439,0.21278636157512665,0.21006944444444398,0.14617034792900085,0.20428951678951646
349,0.1773972362279892,-0.005557198077440262,0.0058876872062683105,0.8811289668083191,0.19030237197875977,0.19270833333333293,0.1415950059890747,0.19644075894075852
350,0.1479208618402481,-0.004141932353377342,0.0045509934425354,0.8952460885047913,0.31988024711608887,0.2925347222222219,0.146616593003273,0.2058251433251429
351,0.16095814108848572,-0.005109577439725399,0.005508065223693848,0.8931810259819031,0.19703732430934906,0.17968749999999978,0.13810616731643677,0.2001945126945126
352,0.14970390498638153,-0.004351564217358828,0.004830420017242432,0.8966570496559143,0.1993655562400818,0.18836805555555558,0.14708973467350006,0.20795795795795768
353,0.1690668910741806,-0.004781930707395077,0.005246520042419434,0.8895953297615051,0.18538671731948853,0.17968749999999978,0.14327694475650787,0.19661138411138368
354,0.16034221649169922,-0.004231832921504974,0.005368173122406006,0.8870673775672913,0.13522286713123322,0.24045138888888873,0.13873444497585297,0.20369232869232867
355,0.156844824552536,-0.005115032661706209,0.005759775638580322,0.8859968781471252,0.1302502453327179,0.21006944444444398,0.1442369520664215,0.1960141960141959
356,0.16761282086372375,-0.004540415946394205,0.005403578281402588,0.8864454627037048,0.193471759557724,0.14062499999999978,0.148979052901268,0.19038356538356505
357,0.16715320944786072,-0.004605862312018871,0.005140244960784912,0.8893498182296753,0.17775408923625946,0.2621527777777777,0.14210516214370728,0.20283920283920287
358,0.16471832990646362,-0.005853315815329552,0.006181776523590088,0.8868998289108276,0.2672717273235321,0.21440972222222188,0.15275709331035614,0.18782418782418764
359,0.1629723459482193,-0.005028051324188709,0.005583345890045166,0.8903862237930298,0.1970815360546112,0.20572916666666663,0.14445866644382477,0.19507575757575724
360,0.15676815807819366,-0.005554933566600084,0.005774796009063721,0.8923554420471191,0.1770956814289093,0.22309027777777768,0.14664438366889954,0.20693420693420672
361,0.15583935379981995,-0.0046544247306883335,0.0050847530364990234,0.8925094604492188,0.16511933505535126,0.3012152777777777,0.1490125209093094,0.20949358449358413
362,0.15287642180919647,-0.005026338156312704,0.005244731903076172,0.8925288319587708,0.1474584937095642,0.2621527777777777,0.15061090886592865,0.20275389025389
363,0.15003317594528198,-0.004952486138790846,0.006036221981048584,0.8886356949806213,0.16231578588485718,0.23177083333333293,0.14315493404865265,0.19729388479388432
364,0.17379866540431976,-0.003980083856731653,0.005077481269836426,0.8913009166717529,0.18046295642852783,0.18402777777777768,0.14504006505012512,0.1919191919191915
365,0.15938811004161835,-0.004005152266472578,0.004908502101898193,0.8971458077430725,0.15492679178714752,0.17100694444444398,0.14010268449783325,0.19533169533169525
366,0.151907280087471,-0.004297500941902399,0.005444884300231934,0.8905448317527771,0.12982085347175598,0.27951388888888873,0.14186736941337585,0.21171171171171121
367,0.17981699109077454,-0.004722947720438242,0.00546342134475708,0.8825278878211975,0.2025309056043625,0.11024305555555558,0.14486290514469147,0.196952634452634
368,0.16723597049713135,-0.004171767272055149,0.005514383316040039,0.8886833190917969,0.16191239655017853,0.19270833333333293,0.1523960828781128,0.19976794976794943
369,0.1792246550321579,-0.003481947584077716,0.005420565605163574,0.8863516449928284,0.2892343997955322,0.14062499999999978,0.140500009059906,0.20787264537264538
370,0.16850918531417847,-0.0039243875071406364,0.005175173282623291,0.892035186290741,0.20881511270999908,0.22309027777777768,0.15547752380371094,0.2082138957138957
371,0.16632094979286194,-0.004129569511860609,0.005690932273864746,0.8944413661956787,0.17138825356960297,0.17100694444444398,0.14850078523159027,0.19720857220857202
372,0.1789773553609848,-0.003963572904467583,0.005162835121154785,0.8850665092468262,0.1645219475030899,0.20572916666666663,0.15423992276191711,0.19712325962325916
373,0.1599048525094986,-0.0047041247598826885,0.0052443742752075195,0.8933852910995483,0.2054632306098938,0.18836805555555558,0.14871065318584442,0.2026685776685777
374,0.17688162624835968,-0.004481486976146698,0.0050389766693115234,0.8848245143890381,0.19153212010860443,0.14062499999999978,0.15235736966133118,0.20224201474201453
375,0.17253534495830536,-0.0038834898732602596,0.004947841167449951,0.8973516225814819,0.1970137059688568,0.18402777777777768,0.15346701443195343,0.20377764127764098
376,0.16616934537887573,-0.004811529535800219,0.0057405829429626465,0.8873298764228821,0.17103680968284607,0.23611111111111083,0.15454772114753723,0.19567294567294558
377,0.15270881354808807,-0.004220542032271624,0.004703700542449951,0.9043071866035461,0.17439059913158417,0.24045138888888873,0.16257360577583313,0.2016448266448262
378,0.17241303622722626,-0.004488755948841572,0.005062520503997803,0.8866211175918579,0.179981991648674,0.21874999999999978,0.15991587936878204,0.20130357630357587
379,0.1896018087863922,-0.005478129722177982,0.005805313587188721,0.8879764676094055,0.18949203193187714,0.17100694444444398,0.15233656764030457,0.19959732459732427
380,0.15047991275787354,-0.005078008398413658,0.005630552768707275,0.9027724862098694,0.13072484731674194,0.2751736111111108,0.15209539234638214,0.19507575757575724
381,0.16769298911094666,-0.004702114965766668,0.005016624927520752,0.895338237285614,0.19125890731811523,0.18402777777777768,0.14642757177352905,0.20249795249795255
382,0.16134051978588104,-0.005049999803304672,0.005262017250061035,0.8929527401924133,0.12947233021259308,0.3098958333333329,0.1536964625120163,0.20173013923013905
383,0.16958484053611755,-0.0053083510138094425,0.00550389289855957,0.8873846530914307,0.14111438393592834,0.18836805555555558,0.13984887301921844,0.19882951132951132
384,0.17111052572727203,-0.00458505330607295,0.004734635353088379,0.8928468227386475,0.16357655823230743,0.12326388888888873,0.1528312861919403,0.19447856947856945
385,0.18307605385780334,-0.004836563486605883,0.005060553550720215,0.8922958374023438,0.1888916790485382,0.13194444444444398,0.1422848254442215,0.19627013377013336
386,0.1755167692899704,-0.004869295284152031,0.00603252649307251,0.8936616778373718,0.198349729180336,0.13194444444444398,0.15534257888793945,0.19004231504231472
387,0.16762356460094452,-0.004121687263250351,0.005143404006958008,0.8924586176872253,0.16666653752326965,0.18836805555555558,0.15134093165397644,0.19123669123669085
388,0.17745688557624817,-0.005588392727077007,0.005980730056762695,0.8910183906555176,0.21128271520137787,0.15364583333333293,0.14866933226585388,0.1968673218673217
389,0.15773195028305054,-0.0051484783180058,0.005460202693939209,0.9035131931304932,0.17554612457752228,0.16232638888888873,0.1486722081899643,0.192687005187005
390,0.16763733327388763,-0.004945096559822559,0.005144894123077393,0.8956350088119507,0.17693886160850525,0.13194444444444398,0.15726612508296967,0.19678200928200884
391,0.17548663914203644,-0.005095352418720722,0.005314767360687256,0.8934569954872131,0.18594904243946075,0.15798611111111083,0.15009362995624542,0.19703794703794686
392,0.1689738780260086,-0.005129560828208923,0.0053528547286987305,0.8960366249084473,0.19405807554721832,0.09722222222222188,0.16562394797801971,0.20556920556920544
393,0.15184448659420013,-0.005086526274681091,0.005527198314666748,0.9009902477264404,0.15800966322422028,0.28385416666666663,0.15629610419273376,0.20770202020202022
394,0.16757357120513916,-0.00535201421007514,0.005740225315093994,0.8947279453277588,0.14571978151798248,0.19704861111111083,0.16113413870334625,0.1930282555282553
395,0.17353400588035583,-0.005208841525018215,0.0054337382316589355,0.8912832736968994,0.27626413106918335,0.2534722222222219,0.16556312143802643,0.19541700791700756
396,0.17603054642677307,-0.004544820170849562,0.0048528313636779785,0.8952838182449341,0.17707279324531555,0.22743055555555558,0.1630898267030716,0.19405200655200627
397,0.16842398047447205,-0.004370196722447872,0.005061626434326172,0.8971241116523743,0.161915585398674,0.18402777777777768,0.16602247953414917,0.1960995085995082
398,0.17318300902843475,-0.0045181699097156525,0.004897415637969971,0.8923722505569458,0.20475000143051147,0.21440972222222188,0.15615017712116241,0.19157794157794117
399,0.17237399518489838,-0.004294985439628363,0.00510638952255249,0.8991267085075378,0.22580386698246002,0.14062499999999978,0.16136305034160614,0.19541700791700756
