,loss_g,loss_d,train_wd,train_ce_d,train_mse,train_acc,test_mse,test_acc
0,51.447486877441406,8.621779441833496,-0.00019010156393051147,8.847704887390137,0.1997564285993576,0.18402777777777768,0.21827438473701477,0.22783579033579027
1,48.84754943847656,8.021397590637207,-0.0002065524458885193,8.934064865112305,0.2389778345823288,0.2664930555555556,0.214507058262825,0.22041359541359495
2,50.42310333251953,7.543872356414795,-3.654509782791138e-05,9.195199012756348,0.22162839770317078,0.2708333333333329,0.21655558049678802,0.21452702702702664
3,47.95258331298828,6.680820941925049,-0.00031688809394836426,9.015357971191406,0.2237076461315155,0.21440972222222188,0.20429399609565735,0.2129060879060879
4,48.1713981628418,5.763610363006592,-1.230090856552124e-05,8.96900749206543,0.22060319781303406,0.20572916666666663,0.20276778936386108,0.21307671307671305
5,48.89224624633789,4.044041633605957,-0.00022911280393600464,9.078619956970215,0.16877084970474243,0.2751736111111108,0.1963387429714203,0.213844526344526
6,47.74601364135742,2.8508341312408447,-0.00025047361850738525,8.823685646057129,0.16075499355793,0.19270833333333293,0.1879672110080719,0.20983483483483445
7,48.11175537109375,2.4846465587615967,0.00037316977977752686,9.145722389221191,0.17446519434452057,0.21006944444444398,0.18752461671829224,0.20932295932295897
8,47.63691711425781,2.0815317630767822,0.0001566857099533081,9.285844802856445,0.37027356028556824,0.11458333333333293,0.1817024052143097,0.21410046410046402
9,49.49715805053711,2.221475601196289,0.0004565715789794922,9.648588180541992,0.14093784987926483,0.3836805555555556,0.17837642133235931,0.21188233688233693
10,47.04024124145508,2.324599027633667,0.00048007816076278687,8.976943016052246,0.19532988965511322,0.24479166666666663,0.17968498170375824,0.20795795795795768
11,47.314090728759766,2.242908477783203,3.866851329803467e-06,8.982514381408691,0.23050794005393982,0.18836805555555558,0.1777670979499817,0.2041188916188913
12,48.28816604614258,1.7717876434326172,-0.0006535351276397705,9.203261375427246,0.2330946922302246,0.16232638888888873,0.17489565908908844,0.20650764400764354
13,47.644283294677734,1.4613150358200073,-6.64442777633667e-05,9.111381530761719,0.29887837171554565,0.15798611111111083,0.17755688726902008,0.21060264810264795
14,48.04458999633789,1.6535143852233887,-0.0001733154058456421,9.066618919372559,0.1714775413274765,0.22309027777777768,0.1713067591190338,0.20974952224952215
15,47.32261657714844,1.211676001548767,-0.00016775727272033691,9.001020431518555,0.18331614136695862,0.17968749999999978,0.17392803728580475,0.20454545454545447
16,46.367828369140625,1.2551746368408203,-0.00040809065103530884,8.91574478149414,0.20436397194862366,0.06249999999999978,0.17414076626300812,0.20855514605514602
17,47.438594818115234,0.9454442858695984,-0.0005399733781814575,9.071756362915039,0.16918258368968964,0.21006944444444398,0.17257162928581238,0.20889639639639634
18,48.25895690917969,0.9110468626022339,0.0002429559826850891,9.048818588256836,0.1580774337053299,0.32291666666666663,0.16953140497207642,0.21597734097734078
19,48.21473693847656,0.7755767703056335,0.00022427737712860107,9.219995498657227,0.1894974261522293,0.22309027777777768,0.16680321097373962,0.2244232869232865
20,46.631343841552734,0.6283799409866333,-9.744614362716675e-05,9.052335739135742,0.18846763670444489,0.19704861111111083,0.16876845061779022,0.20224201474201453
21,48.016292572021484,0.4033969044685364,0.0002808421850204468,8.898507118225098,0.1891506314277649,0.3142361111111108,0.16847437620162964,0.21094389844389827
22,46.32170867919922,0.34180307388305664,-0.00042670220136642456,8.934537887573242,0.21466659009456635,0.12760416666666663,0.17301975190639496,0.209578897078897
23,48.944480895996094,0.3664845824241638,0.00044326484203338623,9.378053665161133,0.20950452983379364,0.24913194444444398,0.16499419510364532,0.20932295932295897
24,46.88105392456055,0.21808166801929474,0.000444069504737854,8.958592414855957,0.1999840885400772,0.20572916666666663,0.1701650470495224,0.21094389844389827
25,47.195823669433594,0.19702985882759094,-6.332993507385254e-07,8.969332695007324,0.17225749790668488,0.15798611111111083,0.1692139208316803,0.20846983346983317
26,47.780975341796875,0.18008701503276825,-0.0004041343927383423,9.00868034362793,0.17645695805549622,0.24479166666666663,0.16702140867710114,0.21538015288015244
27,47.8404541015625,0.15790203213691711,1.2367963790893555e-05,9.03221607208252,0.18697893619537354,0.18836805555555558,0.1693955957889557,0.20428951678951646
28,48.53281021118164,0.13182573020458221,-1.5497207641601562e-06,9.242229461669922,0.2094777673482895,0.2708333333333329,0.169679656624794,0.20787264537264538
29,47.122802734375,0.1312595009803772,-3.475695848464966e-05,9.141081809997559,0.2093108743429184,0.17968749999999978,0.16978059709072113,0.21145577395577375
30,48.02500534057617,0.08534123748540878,0.00013858824968338013,9.399774551391602,0.16825322806835175,0.21874999999999978,0.164602592587471,0.213844526344526
31,46.04155731201172,0.10820887237787247,1.5623867511749268e-05,8.743514060974121,0.22998449206352234,0.18402777777777768,0.16794522106647491,0.2099201474201473
32,48.258934020996094,0.0792752057313919,0.00012473762035369873,9.10756778717041,0.22586718201637268,0.23611111111111083,0.16754381358623505,0.20889639639639634
33,46.72323226928711,0.0802571251988411,0.0003401562571525574,8.983732223510742,0.17124348878860474,0.16666666666666663,0.1703888326883316,0.20343639093639065
34,48.39594650268555,0.05948862060904503,-7.461756467819214e-05,9.231157302856445,0.12586228549480438,0.20138888888888873,0.16568045318126678,0.2113704613704609
35,47.895233154296875,0.05119027569890022,0.0005014762282371521,9.040371894836426,0.17010805010795593,0.18402777777777768,0.1714971512556076,0.20778733278733252
36,48.21812438964844,0.043895699083805084,-0.0001852288842201233,9.204690933227539,0.15891432762145996,0.21874999999999978,0.1722082793712616,0.21188233688233693
37,47.602909088134766,0.03893193602561951,3.9868056774139404e-05,9.133058547973633,0.19699212908744812,0.18836805555555558,0.16666842997074127,0.2090670215670215
38,48.03119659423828,0.03425946831703186,1.5348196029663086e-05,8.929302215576172,0.23472246527671814,0.22743055555555558,0.1667882651090622,0.2096642096642093
39,46.205772399902344,0.03613734617829323,-0.00016297399997711182,8.741530418395996,0.19406726956367493,0.15364583333333293,0.1683521419763565,0.21119983619983573
40,47.5051383972168,0.057815633714199066,5.556643009185791e-05,8.837388038635254,0.24914921820163727,0.15798611111111083,0.16951830685138702,0.2031804531804532
41,47.391845703125,0.02501092478632927,-0.0001828521490097046,9.016020774841309,0.22444386780261993,0.20572916666666663,0.1670236885547638,0.2120529620529621
42,48.65171813964844,0.023884214460849762,-0.0002180635929107666,9.103140830993652,0.12624682486057281,0.2751736111111108,0.16973917186260223,0.20505733005732996
43,47.786800384521484,0.024133551865816116,-6.316602230072021e-05,9.08182430267334,0.18327970802783966,0.20572916666666663,0.17200081050395966,0.21273546273546273
44,47.70064163208008,0.029070576652884483,-0.0001493692398071289,9.14421558380127,0.23726502060890198,0.18836805555555558,0.1709398627281189,0.20650764400764354
45,48.21293640136719,0.025280648842453957,-0.00020057708024978638,9.366785049438477,0.21135389804840088,0.2621527777777777,0.16219398379325867,0.2104320229320228
46,48.10505676269531,0.02204754948616028,1.2278556823730469e-05,8.995549201965332,0.19368915259838104,0.21440972222222188,0.171340212225914,0.20974952224952215
47,47.861114501953125,0.02613414078950882,0.00011692941188812256,9.124556541442871,0.14520199596881866,0.22309027777777768,0.1647220104932785,0.20872577122577118
48,48.374420166015625,0.02283993922173977,6.566941738128662e-05,9.251328468322754,0.18329310417175293,0.24045138888888873,0.17005415260791779,0.20864045864045833
49,48.16864013671875,0.016701435670256615,-4.1291117668151855e-05,9.115487098693848,0.16746875643730164,0.20572916666666663,0.16963352262973785,0.20650764400764354
50,47.583526611328125,0.025927260518074036,-6.107985973358154e-05,8.881653785705566,0.1946059763431549,0.19270833333333293,0.1679714471101761,0.20778733278733252
51,47.31648635864258,0.01991303823888302,-4.518777132034302e-05,8.776447296142578,0.16435399651527405,0.20572916666666663,0.16929110884666443,0.20889639639639634
52,46.499298095703125,0.018612632527947426,4.1387975215911865e-05,8.789814949035645,0.24258196353912354,0.14062499999999978,0.16709381341934204,0.20565451815451774
53,48.888553619384766,0.018950428813695908,0.00016401708126068115,9.292719841003418,0.28263866901397705,0.3142361111111108,0.16521534323692322,0.20625170625170608
54,48.01237487792969,0.014272984117269516,-5.152076482772827e-05,8.894028663635254,0.30009427666664124,0.20572916666666663,0.16955894231796265,0.20693420693420672
55,48.02708435058594,0.014236219227313995,0.00012611597776412964,9.297523498535156,0.20546166598796844,0.22309027777777768,0.16627487540245056,0.2057398307398306
56,47.74897766113281,0.012465223670005798,0.00015687942504882812,9.132951736450195,0.14766694605350494,0.2708333333333329,0.1657973676919937,0.2065929565929564
57,46.52618408203125,0.0163324736058712,-0.00022511184215545654,8.8372220993042,0.22683408856391907,0.16666666666666663,0.16702678799629211,0.20676358176358156
58,48.468482971191406,0.013246003538370132,0.00014147162437438965,9.29224681854248,0.17736953496932983,0.2968749999999998,0.16816386580467224,0.20608108108108092
59,47.4472541809082,0.009613050147891045,-7.06985592842102e-05,9.04336166381836,0.18992838263511658,0.17534722222222188,0.16844704747200012,0.21307671307671305
60,47.585227966308594,0.018397362902760506,-8.599460124969482e-05,9.050749778747559,0.18273109197616577,0.19704861111111083,0.16623632609844208,0.20335107835107835
61,48.30368423461914,0.007892684079706669,-1.4171004295349121e-05,9.052684783935547,0.21894951164722443,0.16232638888888873,0.16774985194206238,0.20923764673764667
62,47.46906661987305,0.015349362045526505,0.00011850148439407349,8.873093605041504,0.275683730840683,0.23177083333333293,0.16622783243656158,0.2096642096642093
63,45.97829818725586,0.010366929695010185,6.002932786941528e-05,8.786364555358887,0.21421374380588531,0.07118055555555558,0.16379976272583008,0.20889639639639634
64,47.08313751220703,0.00928199477493763,0.00022729486227035522,8.960809707641602,0.1627579927444458,0.24479166666666663,0.1640707105398178,0.2058251433251429
65,48.140411376953125,0.009714148938655853,4.423409700393677e-05,9.247430801391602,0.20253928005695343,0.28385416666666663,0.17004534602165222,0.20778733278733252
66,48.07167053222656,0.011997195892035961,7.87973403930664e-05,9.059403419494629,0.16819339990615845,0.22309027777777768,0.17102712392807007,0.20565451815451774
67,47.81778335571289,0.008693352341651917,0.00020538270473480225,9.297623634338379,0.16576813161373138,0.24045138888888873,0.16868647933006287,0.20684889434889386
68,47.33496856689453,0.013227866031229496,0.00012496113777160645,8.982510566711426,0.2472332864999771,0.14496527777777768,0.16722220182418823,0.2121382746382744
69,48.29819869995117,0.010334315709769726,-4.953891038894653e-05,9.030698776245117,0.19968023896217346,0.15798611111111083,0.1664491444826126,0.20514264264264226
70,48.512550354003906,0.008268199861049652,2.689659595489502e-05,9.087286949157715,0.15796342492103577,0.24913194444444398,0.1621701717376709,0.2057398307398306
71,47.75867462158203,0.006311503238976002,4.4286251068115234e-05,8.958619117736816,0.24542227387428284,0.17100694444444398,0.1640825718641281,0.21009077259077247
72,47.781585693359375,0.009986670687794685,-2.3417174816131592e-05,9.100512504577637,0.16698764264583588,0.17968749999999978,0.16352030634880066,0.20522795522795512
73,48.522151947021484,0.009848881512880325,0.00019218027591705322,9.189881324768066,0.15018784999847412,0.20572916666666663,0.1647668033838272,0.20684889434889386
74,48.61411666870117,0.007223858498036861,0.00013053417205810547,9.027665138244629,0.14026698470115662,0.2534722222222219,0.1672115921974182,0.20650764400764354
75,47.92829895019531,0.009993530809879303,-0.00020740926265716553,8.92856216430664,0.14794102311134338,0.24479166666666663,0.1645483374595642,0.2105173355173351
76,48.61015319824219,0.009326177649199963,-0.00013266503810882568,9.070096969604492,0.21332144737243652,0.2664930555555556,0.1660887897014618,0.20181545181545135
77,46.42472839355469,0.007468836382031441,-1.8551945686340332e-06,8.902689933776855,0.2193944901227951,0.13628472222222188,0.16958604753017426,0.2120529620529621
78,47.48666763305664,0.008539503440260887,-5.369633436203003e-05,8.8572416305542,0.17329560220241547,0.2578124999999998,0.16701053082942963,0.20983483483483445
79,48.191307067871094,0.005489518865942955,-2.1763145923614502e-05,9.268131256103516,0.1344304382801056,0.2751736111111108,0.16326937079429626,0.2065929565929564
80,47.369102478027344,0.006143033038824797,5.4702162742614746e-05,9.265371322631836,0.16178423166275024,0.21006944444444398,0.1699756532907486,0.20864045864045833
81,47.96354293823242,0.004520252346992493,-0.00012861192226409912,8.820143699645996,0.16913644969463348,0.22743055555555558,0.16119380295276642,0.20480139230139194
82,48.3605842590332,0.009114343672990799,-0.00028774142265319824,9.428953170776367,0.18878525495529175,0.21874999999999978,0.1631227433681488,0.20795795795795768
83,46.594417572021484,0.009526030160486698,0.00016732513904571533,9.089816093444824,0.17541711032390594,0.17100694444444398,0.16836827993392944,0.20633701883701838
84,47.512752532958984,0.006846327800303698,-0.00014343112707138062,8.976011276245117,0.1700514256954193,0.17100694444444398,0.1634751707315445,0.20761670761670736
85,48.10610580444336,0.004976118914783001,0.00022604316473007202,9.10976505279541,0.1540629118680954,0.21874999999999978,0.16487601399421692,0.20471607971607964
86,47.777687072753906,0.004846557974815369,0.0002224370837211609,9.092756271362305,0.1945258378982544,0.16666666666666663,0.1627512276172638,0.2088110838110835
87,47.313232421875,0.005164818838238716,0.00027674436569213867,8.82852840423584,0.23034115135669708,0.14930555555555558,0.16169114410877228,0.19865888615888616
88,47.169036865234375,0.005805584602057934,6.027519702911377e-05,9.15617847442627,0.16732321679592133,0.18836805555555558,0.1670878529548645,0.20812858312858284
89,48.40468215942383,0.00550374248996377,-5.977600812911987e-05,9.23510456085205,0.2824384272098541,0.17968749999999978,0.16316503286361694,0.20864045864045833
90,47.28746795654297,0.005780641920864582,0.0001236945390701294,8.810578346252441,0.23904258012771606,0.13628472222222188,0.16630028188228607,0.20983483483483445
91,48.508079528808594,0.005692433100193739,0.00010392814874649048,9.025619506835938,0.21467851102352142,0.15798611111111083,0.16703666746616364,0.20650764400764354
92,48.06892776489258,0.006133305840194225,0.0002961084246635437,9.005173683166504,0.16552609205245972,0.27951388888888873,0.1676042675971985,0.20471607971607964
93,48.575233459472656,0.00726908165961504,-5.8002769947052e-05,9.190954208374023,0.15549811720848083,0.2968749999999998,0.15914829075336456,0.21350327600327568
94,48.20744323730469,0.008172555826604366,-0.00021070986986160278,9.281712532043457,0.19429327547550201,0.21874999999999978,0.16584967076778412,0.20335107835107835
95,47.058807373046875,0.004858465865254402,2.6777386665344238e-05,8.925915718078613,0.19431589543819427,0.20572916666666663,0.16240987181663513,0.20591045591045576
96,48.299232482910156,0.004390324465930462,-4.388391971588135e-06,9.200456619262695,0.22583484649658203,0.2534722222222219,0.1682475507259369,0.20522795522795512
97,47.90458297729492,0.004701362922787666,0.00028314441442489624,9.050312995910645,0.17017200589179993,0.22743055555555558,0.16927063465118408,0.2066782691782687
98,49.355010986328125,0.004725431092083454,0.00022798031568527222,9.257244110107422,0.18108408153057098,0.3012152777777777,0.16553737223148346,0.2007063882063881
99,47.38905715942383,0.006214226130396128,5.418062210083008e-05,9.035861015319824,0.18175889551639557,0.17534722222222188,0.1634458303451538,0.20463076713076678
100,47.67809295654297,0.0060012927278876305,0.00017296522855758667,9.04250431060791,0.2348558008670807,0.19270833333333293,0.16296786069869995,0.2099201474201473
101,48.41390609741211,0.0033289180137217045,0.00032651424407958984,9.255461692810059,0.18294008076190948,0.2534722222222219,0.16603852808475494,0.20394826644826614
102,47.74626159667969,0.005919177085161209,4.427134990692139e-05,9.141301155090332,0.22173599898815155,0.16232638888888873,0.16647906601428986,0.20650764400764354
103,48.16498565673828,0.003479317994788289,8.776038885116577e-05,9.251208305358887,0.18119259178638458,0.19704861111111083,0.16336354613304138,0.20215670215670167
104,48.614898681640625,0.004569350741803646,-0.00015428662300109863,9.014249801635742,0.14920851588249207,0.2751736111111108,0.1654616892337799,0.21188233688233693
105,48.46537780761719,0.005106075666844845,-0.0001016855239868164,9.215753555297852,0.16644583642482758,0.22743055555555558,0.16456802189350128,0.21068796068796025
106,48.69292449951172,0.005069219507277012,0.0002534240484237671,9.084794044494629,0.22887055575847626,0.22309027777777768,0.1630859375,0.20983483483483445
107,48.11496353149414,0.003917700611054897,-0.00025825947523117065,9.146476745605469,0.17223015427589417,0.17968749999999978,0.1640574187040329,0.2129060879060879
108,46.77663040161133,0.004813393112272024,0.00012455135583877563,8.923791885375977,0.16067562997341156,0.2621527777777777,0.16547738015651703,0.20804327054327054
109,48.132789611816406,0.0034564677625894547,0.000211276113986969,9.051036834716797,0.21397840976715088,0.16232638888888873,0.1626085788011551,0.21017608517608477
110,46.71614074707031,0.0035404162481427193,0.00011732429265975952,9.022882461547852,0.19221332669258118,0.21006944444444398,0.1657460480928421,0.20838452088452086
111,46.0257682800293,0.003898083698004484,-0.0002279132604598999,8.849103927612305,0.2672603726387024,0.04947916666666663,0.16725799441337585,0.20650764400764354
112,47.296409606933594,0.004308784380555153,-4.2319297790527344e-05,8.941227912902832,0.19598287343978882,0.18402777777777768,0.16693635284900665,0.20343639093639065
113,48.180259704589844,0.00418839231133461,-8.278340101242065e-05,9.233736991882324,0.22958973050117493,0.24045138888888873,0.16551223397254944,0.2073607698607699
114,48.27694320678711,0.0030976664274930954,0.00010722875595092773,9.072101593017578,0.1652444303035736,0.19704861111111083,0.164935901761055,0.20974952224952215
115,48.10791015625,0.004508516285568476,-1.8209218978881836e-05,8.979756355285645,0.14189350605010986,0.24913194444444398,0.16425460577011108,0.2032657657657655
116,47.43471145629883,0.0034527238458395004,-0.00017924606800079346,9.006202697753906,0.25336596369743347,0.23611111111111083,0.16880428791046143,0.20283920283920287
117,49.575294494628906,0.004554902669042349,6.978213787078857e-05,9.406871795654297,0.20380395650863647,0.32291666666666663,0.16540643572807312,0.2057398307398306
118,48.02622985839844,0.00535484217107296,-0.0001617223024368286,9.133979797363281,0.21415792405605316,0.2578124999999998,0.16583430767059326,0.21350327600327568
119,48.45731735229492,0.003166522830724716,0.00019102543592453003,9.24334716796875,0.2263489067554474,0.20138888888888873,0.16665570437908173,0.20633701883701838
120,46.451717376708984,0.005633687134832144,-0.00011911243200302124,8.89193058013916,0.1920330822467804,0.19704861111111083,0.16803228855133057,0.20923764673764667
121,47.99007034301758,0.0034272477496415377,-0.00018268078565597534,9.102656364440918,0.19696985185146332,0.18402777777777768,0.16745027899742126,0.20463076713076678
122,47.18549346923828,0.0029019543435424566,-0.0002673789858818054,8.94803524017334,0.15445594489574432,0.21874999999999978,0.16803744435310364,0.20719014469014474
123,47.97197341918945,0.004696887917816639,2.7999281883239746e-05,9.064689636230469,0.16429322957992554,0.15798611111111083,0.16373644769191742,0.20514264264264226
124,47.1253547668457,0.0025542781222611666,-0.00017354637384414673,9.230326652526855,0.32221662998199463,0.17100694444444398,0.16380321979522705,0.20761670761670736
125,46.93320846557617,0.0037484648637473583,0.00016683340072631836,8.995758056640625,0.22226442396640778,0.15798611111111083,0.16606111824512482,0.20283920283920287
126,48.260929107666016,0.0026242947205901146,-3.664940595626831e-05,9.24573040008545,0.1498355120420456,0.20572916666666663,0.16620688140392303,0.20300982800982803
127,48.93973922729492,0.002660446334630251,2.837926149368286e-05,9.221497535705566,0.18478620052337646,0.24913194444444398,0.1652524322271347,0.20983483483483445
128,47.38341522216797,0.003556361887603998,-0.00025293976068496704,8.900895118713379,0.3089362680912018,0.2534722222222219,0.1648777276277542,0.20676358176358156
129,47.695430755615234,0.0021326958667486906,-4.4442713260650635e-05,8.92210865020752,0.19057385623455048,0.21006944444444398,0.1645095944404602,0.20812858312858284
130,49.01188659667969,0.0039757732301950455,0.00024084001779556274,9.232812881469727,0.17141689360141754,0.3359374999999998,0.16245417296886444,0.2123942123942124
131,48.027034759521484,0.0028121110517531633,-9.436160326004028e-05,9.094293594360352,0.19736334681510925,0.18836805555555558,0.17003224790096283,0.20147420147420103
132,47.757076263427734,0.0035580045077949762,-2.683699131011963e-05,8.907306671142578,0.17598257958889008,0.21440972222222188,0.1651361882686615,0.20974952224952215
133,47.064414978027344,0.004781941883265972,0.00013528764247894287,9.138671875,0.22036400437355042,0.16666666666666663,0.16463087499141693,0.2108585858585854
134,48.31771469116211,0.0036930078640580177,7.580220699310303e-05,9.103588104248047,0.15067073702812195,0.22743055555555558,0.17008231580257416,0.21401515151515116
135,48.32471466064453,0.0025380910374224186,0.00021405518054962158,9.1345796585083,0.1708558201789856,0.20572916666666663,0.1658521294593811,0.20932295932295897
136,47.995521545410156,0.002913229400292039,0.00011434406042098999,9.023018836975098,0.20005255937576294,0.2534722222222219,0.16588054597377777,0.21119983619983573
137,48.285133361816406,0.0029667136259377003,-0.00018602609634399414,9.324596405029297,0.14392979443073273,0.32291666666666663,0.16398310661315918,0.21145577395577375
138,48.58070755004883,0.003346105804666877,0.0001447424292564392,9.227773666381836,0.20659931004047394,0.20572916666666663,0.16284672915935516,0.20147420147420103
139,47.950138092041016,0.002685557585209608,6.693601608276367e-05,9.022250175476074,0.1741771697998047,0.20572916666666663,0.16229340434074402,0.19917076167076164
140,47.21064376831055,0.0024634101428091526,9.071081876754761e-05,8.929450035095215,0.2413787841796875,0.16666666666666663,0.17007118463516235,0.20650764400764354
141,48.46769332885742,0.0026160518173128366,1.0758638381958008e-05,9.22553825378418,0.21789123117923737,0.2621527777777777,0.1622878462076187,0.2048867048867048
142,48.00402069091797,0.002046135952696204,0.00020129233598709106,9.086427688598633,0.18107126653194427,0.24913194444444398,0.16232679784297943,0.2057398307398306
143,48.345733642578125,0.0030056689865887165,3.3229589462280273e-05,8.957206726074219,0.17076432704925537,0.24913194444444398,0.16671140491962433,0.20693420693420672
144,49.14592742919922,0.0030209606047719717,6.4067542552948e-05,9.396987915039062,0.1775076985359192,0.2664930555555556,0.16764356195926666,0.20437482937482931
145,47.19982147216797,0.0014918239321559668,0.00022361427545547485,8.881901741027832,0.1977762132883072,0.14062499999999978,0.16363874077796936,0.20616639366639322
146,46.587890625,0.0023027483839541674,0.00019656866788864136,8.661815643310547,0.16354256868362427,0.22309027777777768,0.16607195138931274,0.20275389025389
147,47.50941467285156,0.0028983375523239374,-0.00025247782468795776,8.816476821899414,0.11835963279008865,0.2708333333333329,0.16318048536777496,0.21418577668577632
148,48.06904220581055,0.0034888265654444695,-1.2286007404327393e-05,9.22005844116211,0.16889728605747223,0.16666666666666663,0.16428662836551666,0.2002798252798249
149,48.2041015625,0.0020656962879002094,0.00010969489812850952,9.296782493591309,0.18085558712482452,0.3055555555555556,0.16393840312957764,0.20889639639639634
150,48.37174606323242,0.002691213507205248,0.00010436773300170898,8.991379737854004,0.14570781588554382,0.21874999999999978,0.16633449494838715,0.20676358176358156
151,48.132118225097656,0.001889629173092544,-2.3573637008666992e-05,9.07379150390625,0.18975959718227386,0.17534722222222188,0.1617148518562317,0.20480139230139194
152,48.317054748535156,0.002072554314509034,0.00020497292280197144,9.199426651000977,0.14565379917621613,0.20138888888888873,0.16392871737480164,0.20949358449358413
153,47.518272399902344,0.002260062610730529,9.074807167053223e-06,8.91182804107666,0.17703081667423248,0.19704861111111083,0.16569668054580688,0.2091523341523338
154,47.736228942871094,0.0021168638486415148,0.00012764334678649902,8.928462982177734,0.22674259543418884,0.17100694444444398,0.1646142601966858,0.20275389025389
155,47.56382369995117,0.002689441666007042,1.8455088138580322e-05,8.778489112854004,0.23148730397224426,0.13628472222222188,0.16257883608341217,0.2035217035217035
156,47.275638580322266,0.0021080730948597193,-5.899369716644287e-05,9.142770767211914,0.1806938201189041,0.23177083333333293,0.1652180254459381,0.2024126399126397
157,48.690879821777344,0.0017514225328341126,0.00014532357454299927,9.351137161254883,0.2925279438495636,0.327256944444444,0.16532419621944427,0.21094389844389827
158,47.98889923095703,0.002356977667659521,-0.00012180209159851074,8.979116439819336,0.16828030347824097,0.17968749999999978,0.1651681363582611,0.2082138957138957
159,48.466434478759766,0.0018971969839185476,0.0001735687255859375,8.8219575881958,0.1633796989917755,0.18402777777777768,0.16719983518123627,0.20394826644826614
160,47.15559768676758,0.0028832813259214163,-1.9669532775878906e-06,9.007071495056152,0.25351113080978394,0.21440972222222188,0.16255809366703033,0.20778733278733252
161,47.49307632446289,0.0021693797316402197,0.00018531829118728638,9.024696350097656,0.1973380148410797,0.24913194444444398,0.1664627492427826,0.20889639639639634
162,48.11327362060547,0.0018205044325441122,0.00019996613264083862,9.071342468261719,0.20662842690944672,0.24479166666666663,0.16812194883823395,0.20949358449358413
163,47.64984893798828,0.0028213956393301487,6.429851055145264e-05,9.260461807250977,0.20650716125965118,0.11892361111111083,0.16455011069774628,0.21009077259077247
164,47.36524963378906,0.0028861681930720806,-0.00014916062355041504,8.81777572631836,0.20599770545959473,0.18402777777777768,0.1626816987991333,0.20898170898170865
165,48.01908874511719,0.002516423352062702,0.000116690993309021,9.217812538146973,0.1951434314250946,0.15364583333333293,0.16462892293930054,0.20386295386295383
166,49.76531982421875,0.0022380887530744076,-0.00028670579195022583,9.49588394165039,0.14717352390289307,0.35763888888888873,0.16245964169502258,0.19797638547638552
167,47.28451156616211,0.0021194489672780037,-6.093829870223999e-05,8.721899032592773,0.22051037847995758,0.15798611111111083,0.1641080528497696,0.20710483210483188
168,47.62413024902344,0.0023725342471152544,-9.178370237350464e-05,8.857364654541016,0.17721013724803925,0.14930555555555558,0.16491083800792694,0.20940827190827183
169,47.196266174316406,0.0015737087232992053,-0.0001245737075805664,9.064850807189941,0.2274138629436493,0.19270833333333293,0.1661962866783142,0.20608108108108092
170,48.4255256652832,0.0019385325722396374,0.00010675191879272461,9.109687805175781,0.16830632090568542,0.22309027777777768,0.16172899305820465,0.21034671034670993
171,47.273765563964844,0.0022419653832912445,9.443610906600952e-05,9.121830940246582,0.1599750965833664,0.21006944444444398,0.16122770309448242,0.20514264264264226
172,48.309879302978516,0.0021088041830807924,-0.00019946694374084473,9.236639976501465,0.17969584465026855,0.288194444444444,0.16550786793231964,0.20949358449358413
173,48.25796890258789,0.002659329678863287,6.434321403503418e-05,9.072294235229492,0.19767014682292938,0.24913194444444398,0.16348221898078918,0.2074460824460822
174,46.10322570800781,0.0016688491450622678,-6.164610385894775e-05,8.744820594787598,0.22861053049564362,0.16666666666666663,0.16706660389900208,0.20249795249795255
175,47.88066101074219,0.0019464269280433655,7.8544020652771e-05,9.039946556091309,0.16213300824165344,0.22743055555555558,0.1665438711643219,0.20974952224952215
176,46.607059478759766,0.0026789940893650055,5.640089511871338e-05,8.792121887207031,0.20927578210830688,0.04513888888888873,0.1619684398174286,0.2007917007917004
177,46.4349365234375,0.002594202756881714,-1.023709774017334e-05,8.888842582702637,0.18956567347049713,0.14062499999999978,0.16258886456489563,0.1993413868413868
178,49.30742645263672,0.0024934110697358847,-0.00016968697309494019,9.25905704498291,0.16246342658996582,0.288194444444444,0.16349342465400696,0.20701951951951902
179,47.751182556152344,0.002364569343626499,-0.00010261684656143188,8.937299728393555,0.14643359184265137,0.24913194444444398,0.16173231601715088,0.20616639366639322
180,47.107112884521484,0.001322194468230009,0.00022157281637191772,8.85986328125,0.175898015499115,0.17534722222222188,0.16287989914417267,0.2015595140595139
181,46.892173767089844,0.001302292919717729,0.00015904009342193604,8.900619506835938,0.1510634422302246,0.22743055555555558,0.16548430919647217,0.20932295932295897
182,46.588993072509766,0.0034294219221919775,8.842349052429199e-05,9.002184867858887,0.22062087059020996,0.19270833333333293,0.16487984359264374,0.2019860769860765
183,47.12087631225586,0.0017550591146573424,-3.104656934738159e-05,8.980809211730957,0.13619494438171387,0.17100694444444398,0.16632936894893646,0.20787264537264538
184,47.02731704711914,0.0017908733570948243,1.2286007404327393e-05,9.04110050201416,0.1781630665063858,0.11892361111111083,0.1616915464401245,0.20053576303576293
185,48.18076705932617,0.002712889574468136,-3.9383769035339355e-05,9.073497772216797,0.1499723643064499,0.23611111111111083,0.1640169471502304,0.20394826644826614
186,47.81843566894531,0.001760798622854054,-6.172060966491699e-05,9.017210006713867,0.20445072650909424,0.14930555555555558,0.16647794842720032,0.21145577395577375
187,47.56298828125,0.0016563385725021362,0.00022935867309570312,9.201741218566895,0.1854606419801712,0.2708333333333329,0.16388151049613953,0.20556920556920544
188,47.72736740112305,0.002418908989056945,-0.00013671815395355225,9.376432418823242,0.19720101356506348,0.19270833333333293,0.16423794627189636,0.20232732732732683
189,48.66355514526367,0.0019295327365398407,0.00013796240091323853,9.267679214477539,0.1972939521074295,0.17534722222222188,0.16109386086463928,0.20676358176358156
190,47.17031478881836,0.0031550684943795204,-0.00018500536680221558,9.042454719543457,0.21495141088962555,0.22743055555555558,0.16620047390460968,0.20642233142233124
191,48.50086212158203,0.001589148654602468,-4.8026442527770996e-05,9.028267860412598,0.15950150787830353,0.2534722222222219,0.16185927391052246,0.2074460824460822
192,47.33799362182617,0.0018288244027644396,-0.0001348257064819336,8.936829566955566,0.19053786993026733,0.17100694444444398,0.1626615822315216,0.20719014469014474
193,48.22172164916992,0.0017788258846849203,-6.53192400932312e-05,9.13641357421875,0.182845339179039,0.27951388888888873,0.1648813784122467,0.20864045864045833
194,48.58604049682617,0.0013121538795530796,-2.6851892471313477e-05,9.073060035705566,0.15580224990844727,0.27951388888888873,0.16188499331474304,0.2100054600054596
195,48.13316345214844,0.001619562623091042,-1.3314187526702881e-05,8.925652503967285,0.15495097637176514,0.21006944444444398,0.16328397393226624,0.20522795522795512
196,46.40380859375,0.0017665417399257421,6.7882239818573e-05,8.561656951904297,0.16242967545986176,0.13194444444444398,0.1594584882259369,0.20010920010919975
197,47.11320495605469,0.001312635955400765,0.00012812763452529907,8.955819129943848,0.2307662069797516,0.11024305555555558,0.16182658076286316,0.20224201474201453
198,49.19931411743164,0.001668139360845089,-0.00011613965034484863,9.375383377075195,0.1603812724351883,0.2664930555555556,0.16572712361812592,0.20625170625170608
199,47.694725036621094,0.0015747443540021777,-4.723668098449707e-06,9.097721099853516,0.21711264550685883,0.2578124999999998,0.1641576737165451,0.19959732459732427
200,47.86098861694336,0.0017797406762838364,-8.285045623779297e-05,9.09347915649414,0.20247913897037506,0.20572916666666663,0.16141024231910706,0.20804327054327054
201,48.254066467285156,0.0017494361381977797,-8.1576406955719e-05,9.282790184020996,0.23096446692943573,0.24479166666666663,0.16030913591384888,0.20369232869232867
202,48.74779510498047,0.0019826979842036963,0.00014188140630722046,9.38359546661377,0.1930578649044037,0.2708333333333329,0.16430720686912537,0.20616639366639322
203,48.52312469482422,0.0018345853313803673,-3.133714199066162e-05,8.871691703796387,0.12871339917182922,0.2578124999999998,0.162142813205719,0.2104320229320228
204,48.03644943237305,0.0017457993235439062,3.5762786865234375e-07,9.209253311157227,0.2099919319152832,0.2578124999999998,0.16446194052696228,0.2096642096642093
205,47.604393005371094,0.0011360603384673595,-6.037205457687378e-05,8.990245819091797,0.22363834083080292,0.2751736111111108,0.16671334207057953,0.20599576849576806
206,47.98391342163086,0.0015245879767462611,-0.00014003366231918335,9.26370906829834,0.14263929426670074,0.2534722222222219,0.16151191294193268,0.2105173355173351
207,48.60660934448242,0.001317697810009122,-7.675588130950928e-05,9.091011047363281,0.17290067672729492,0.22743055555555558,0.16263116896152496,0.20795795795795768
208,46.42068862915039,0.0016754623502492905,-3.54573130607605e-05,9.003003120422363,0.20139725506305695,0.16232638888888873,0.16605643928050995,0.20650764400764354
209,47.55093765258789,0.0013863896019756794,2.4497509002685547e-05,9.172141075134277,0.16215646266937256,0.23611111111111083,0.15927980840206146,0.2073607698607699
210,48.348533630371094,0.0013674689689651132,4.7340989112854004e-05,9.136354446411133,0.16616493463516235,0.3142361111111108,0.16284474730491638,0.2048867048867048
211,47.2186279296875,0.001585647463798523,7.525086402893066e-05,8.945902824401855,0.29699385166168213,0.22743055555555558,0.16480983793735504,0.2016448266448262
212,47.18543243408203,0.0013680924894288182,4.030764102935791e-05,8.987639427185059,0.20550058782100677,0.2751736111111108,0.16349059343338013,0.20616639366639322
213,47.50490188598633,0.001767155947163701,5.952268838882446e-05,9.030559539794922,0.212993323802948,0.22743055555555558,0.16365711390972137,0.2066782691782687
214,49.04707717895508,0.0012372463243082166,0.00010273605585098267,9.191758155822754,0.22032608091831207,0.23611111111111083,0.16857802867889404,0.20727545727545704
215,47.3828125,0.0010185774881392717,0.00018516182899475098,9.008090019226074,0.18046949803829193,0.23611111111111083,0.16362857818603516,0.20949358449358413
216,47.72651290893555,0.00193605269305408,-1.6435980796813965e-05,9.113715171813965,0.20004792511463165,0.15798611111111083,0.16230902075767517,0.20121826371826357
217,48.75132369995117,0.0013510717544704676,-2.736598253250122e-05,9.206351280212402,0.17548225820064545,0.21874999999999978,0.16518345475196838,0.20949358449358413
218,49.62436294555664,0.0009312869515269995,0.00021716952323913574,9.472917556762695,0.15157610177993774,0.366319444444444,0.16741764545440674,0.20394826644826614
219,47.18321990966797,0.0012150625698268414,7.086247205734253e-05,8.89560317993164,0.16761480271816254,0.16666666666666663,0.1668069213628769,0.20608108108108092
220,47.169349670410156,0.002138316398486495,0.00017501413822174072,8.949858665466309,0.1940152794122696,0.21440972222222188,0.1646939218044281,0.20591045591045576
221,46.906219482421875,0.0012713369214907289,-8.845329284667969e-05,8.887861251831055,0.19922323524951935,0.19270833333333293,0.16528581082820892,0.20753139503139506
222,47.529754638671875,0.0015853197546675801,2.7067959308624268e-05,8.818697929382324,0.29575610160827637,0.07552083333333293,0.1617211103439331,0.20753139503139506
223,47.1694221496582,0.0009606163948774338,9.345263242721558e-05,9.00535774230957,0.19029968976974487,0.17534722222222188,0.1631215214729309,0.21401515151515116
224,47.666603088378906,0.0013544097309932113,1.7449259757995605e-05,8.797045707702637,0.14268098771572113,0.17968749999999978,0.15969078242778778,0.20556920556920544
225,48.94624328613281,0.0017230657394975424,-0.00010370463132858276,9.232401847839355,0.12914331257343292,0.24913194444444398,0.16770654916763306,0.21068796068796025
226,47.08236312866211,0.0011627543717622757,-3.0234456062316895e-05,9.225232124328613,0.23182642459869385,0.16666666666666663,0.1699536144733429,0.20625170625170608
227,48.139591217041016,0.0016296394169330597,9.119510650634766e-06,9.113641738891602,0.1954517364501953,0.22309027777777768,0.16411803662776947,0.20531326781326742
228,48.17503356933594,0.001322130672633648,-8.168816566467285e-05,9.043225288391113,0.26469841599464417,0.20138888888888873,0.16559924185276031,0.2074460824460822
229,47.811073303222656,0.0009068424697034061,-7.72625207901001e-06,9.06401538848877,0.18559254705905914,0.22743055555555558,0.1655217409133911,0.20846983346983317
230,48.93946838378906,0.001072145882062614,4.737824201583862e-05,9.194221496582031,0.20990535616874695,0.19270833333333293,0.1633496731519699,0.20633701883701838
231,48.23979949951172,0.0007586593856103718,-3.347545862197876e-05,8.975013732910156,0.13413068652153015,0.28385416666666663,0.16368812322616577,0.20531326781326742
232,47.45740509033203,0.0012557216687127948,3.854185342788696e-05,9.106688499450684,0.20836034417152405,0.15798611111111083,0.1644778847694397,0.20599576849576806
233,47.424354553222656,0.0012144024949520826,0.000108376145362854,9.21832275390625,0.2164415717124939,0.20572916666666663,0.16131150722503662,0.21452702702702664
234,47.61949157714844,0.000848478521220386,6.120651960372925e-05,9.074193954467773,0.18215054273605347,0.17100694444444398,0.16294090449810028,0.20770202020202022
235,49.02840805053711,0.0018812523921951652,4.772096872329712e-05,9.521120071411133,0.20259185135364532,0.2751736111111108,0.16309873759746552,0.20650764400764354
236,47.156944274902344,0.0013200249522924423,-1.825392246246338e-05,8.554697036743164,0.21566641330718994,0.15798611111111083,0.16703160107135773,0.2001945126945126
237,47.93669891357422,0.0012590414844453335,-6.1817467212677e-05,8.826445579528809,0.17254681885242462,0.19270833333333293,0.16837920248508453,0.20232732732732683
238,47.778892517089844,0.001035859459079802,0.00013399124145507812,8.993231773376465,0.19712963700294495,0.21440972222222188,0.1654467135667801,0.21026139776139763
239,48.49784469604492,0.0009868718916550279,4.894286394119263e-05,9.186503410339355,0.19624964892864227,0.23177083333333293,0.16375911235809326,0.2129914004914002
240,48.85612487792969,0.0010378258302807808,-2.409517765045166e-05,9.344341278076172,0.1713249534368515,0.21874999999999978,0.16405421495437622,0.20215670215670167
241,49.132564544677734,0.0013483187649399042,8.0108642578125e-05,9.329745292663574,0.16265840828418732,0.2621527777777777,0.16585484147071838,0.2019007644007642
242,47.02550506591797,0.0016549444990232587,-7.677078247070312e-05,8.643796920776367,0.20651572942733765,0.14496527777777768,0.16446086764335632,0.20377764127764098
243,49.316551208496094,0.0015678724739700556,4.281848669052124e-05,9.002150535583496,0.23952724039554596,0.23177083333333293,0.15919898450374603,0.20471607971607964
244,47.013309478759766,0.0017872934695333242,-2.5309622287750244e-05,8.903823852539062,0.19743649661540985,0.14930555555555558,0.16313771903514862,0.21179702429702407
245,48.03647994995117,0.0012393794022500515,-8.78944993019104e-05,9.190549850463867,0.15352371335029602,0.2621527777777777,0.16560134291648865,0.20599576849576806
246,47.785892486572266,0.0008781044743955135,0.00025653839111328125,8.937590599060059,0.18536680936813354,0.22309027777777768,0.1629246175289154,0.20864045864045833
247,47.935508728027344,0.0008796019828878343,-7.703155279159546e-05,9.24585247039795,0.17692925035953522,0.19270833333333293,0.16399019956588745,0.20591045591045576
248,47.89554214477539,0.0011877353535965085,-1.7739832401275635e-05,9.033791542053223,0.19333313405513763,0.21440972222222188,0.16251280903816223,0.20770202020202022
249,48.1286735534668,0.0013040115591138601,-4.044920206069946e-05,9.15878677368164,0.18395397067070007,0.2664930555555556,0.16048367321491241,0.21273546273546273
250,47.268436431884766,0.0009763482958078384,5.695223808288574e-05,8.979208946228027,0.19101715087890625,0.28385416666666663,0.16527044773101807,0.20565451815451774
251,47.77890396118164,0.0012456944677978754,0.00011123716831207275,9.108603477478027,0.21830399334430695,0.20572916666666663,0.17009282112121582,0.20437482937482931
252,47.97914505004883,0.0009625664097256958,-9.749084711074829e-05,9.039650917053223,0.21810069680213928,0.20572916666666663,0.167010098695755,0.20463076713076678
253,46.53286361694336,0.0014481269754469395,5.40316104888916e-05,8.663858413696289,0.2327791005373001,0.15364583333333293,0.16058336198329926,0.2113704613704609
254,48.64863967895508,0.0008189163054339588,-7.677823305130005e-05,9.189250946044922,0.19074785709381104,0.2708333333333329,0.16765262186527252,0.21034671034670993
255,48.356590270996094,0.0010798396542668343,-8.217990398406982e-06,9.179399490356445,0.15555182099342346,0.3489583333333329,0.16729673743247986,0.21401515151515116
256,46.957035064697266,0.0012437535915523767,2.6695430278778076e-05,8.81611442565918,0.1412689983844757,0.16232638888888873,0.16760776937007904,0.20335107835107835
257,48.50398254394531,0.0013026451924815774,-1.1309981346130371e-05,9.206315040588379,0.18533733487129211,0.22309027777777768,0.16228201985359192,0.2074460824460822
258,48.016727447509766,0.0016589073929935694,-8.083134889602661e-05,8.978483200073242,0.18242524564266205,0.24913194444444398,0.16426201164722443,0.20480139230139194
259,47.09092712402344,0.0011409437283873558,-4.3526291847229004e-05,9.035707473754883,0.17171575129032135,0.17100694444444398,0.1608336865901947,0.21691577941577944
260,48.98666763305664,0.001065421849489212,-3.6656856536865234e-05,9.100321769714355,0.1481781154870987,0.288194444444444,0.16751842200756073,0.21102921102921057
261,48.063629150390625,0.0008513742359355092,-3.824383020401001e-05,9.129508018493652,0.13865526020526886,0.21874999999999978,0.1601165235042572,0.21009077259077247
262,47.37257385253906,0.0024680686183273792,-5.893409252166748e-05,8.896550178527832,0.2149142026901245,0.18402777777777768,0.1635056883096695,0.21017608517608477
263,48.567100524902344,0.0012179281329736114,-0.00015145540237426758,9.212750434875488,0.20073609054088593,0.22743055555555558,0.1608169823884964,0.20923764673764667
264,46.93716812133789,0.0010341065935790539,-6.493926048278809e-05,8.864017486572266,0.16469603776931763,0.19704861111111083,0.16579018533229828,0.20812858312858284
265,48.44387435913086,0.0013535995967686176,-0.0001456812024116516,8.958513259887695,0.17204226553440094,0.2621527777777777,0.16246673464775085,0.20684889434889386
266,46.949161529541016,0.0010729357600212097,0.00016611069440841675,8.802682876586914,0.15050610899925232,0.17100694444444398,0.16400806605815887,0.2035217035217035
267,48.204097747802734,0.001182346255518496,-7.176399230957031e-05,9.126500129699707,0.15458641946315765,0.2621527777777777,0.16248400509357452,0.2049720174720171
268,49.167633056640625,0.0013416735455393791,4.723668098449707e-06,9.148902893066406,0.17599652707576752,0.22309027777777768,0.1662413477897644,0.20898170898170865
269,48.85597610473633,0.00118407909758389,-4.918128252029419e-05,9.250359535217285,0.15644611418247223,0.31857638888888873,0.1623905599117279,0.2088110838110835
270,48.190345764160156,0.0010883128270506859,6.37248158454895e-05,9.177083015441895,0.41965264081954956,0.24479166666666663,0.16151754558086395,0.21179702429702407
271,47.82765197753906,0.001002088887616992,-4.97475266456604e-05,9.00151538848877,0.16989699006080627,0.22743055555555558,0.1617310643196106,0.2116263991263989
272,48.87241744995117,0.00117687345482409,7.272511720657349e-05,9.352412223815918,0.18608731031417847,0.3012152777777777,0.16314013302326202,0.21154108654108605
273,48.10287857055664,0.0019188961014151573,4.8004090785980225e-05,8.922134399414062,0.20073220133781433,0.21874999999999978,0.16162018477916718,0.20283920283920287
274,47.2611198425293,0.0006187564576976001,3.926455974578857e-06,8.876178741455078,0.17048798501491547,0.22309027777777768,0.16181087493896484,0.2007063882063881
275,47.64266586303711,0.0008359772618860006,3.177672624588013e-05,9.101144790649414,0.1706906110048294,0.20572916666666663,0.16434314846992493,0.21367390117390084
276,48.639244079589844,0.001053139567375183,-1.179426908493042e-05,9.267800331115723,0.16110298037528992,0.2708333333333329,0.16464117169380188,0.19925607425607395
277,48.47538375854492,0.0009843375300988555,9.604543447494507e-05,9.24427604675293,0.18843302130699158,0.21874999999999978,0.16555705666542053,0.20394826644826614
278,47.62364959716797,0.0011849936563521624,-0.00010898709297180176,9.023881912231445,0.1648385226726532,0.17100694444444398,0.163698211312294,0.20002388752388744
279,48.203575134277344,0.0007927172118797898,5.0440430641174316e-05,9.290382385253906,0.20013874769210815,0.2578124999999998,0.16775870323181152,0.20599576849576806
280,46.437068939208984,0.0010946504771709442,-6.814301013946533e-05,8.90912914276123,0.2990468442440033,0.10590277777777768,0.1641790121793747,0.2058251433251429
281,48.85927200317383,0.0007076652254909277,5.447864532470703e-05,9.112748146057129,0.1728338897228241,0.23177083333333293,0.16444538533687592,0.20676358176358156
282,47.7442741394043,0.0005883895792067051,7.846951484680176e-05,9.003247261047363,0.1847313642501831,0.24479166666666663,0.16534002125263214,0.20838452088452086
283,48.87480545043945,0.0005372340092435479,8.934736251831055e-05,9.432326316833496,0.23430973291397095,0.3012152777777777,0.1650165468454361,0.21427108927108918
284,47.28895568847656,0.0010934823658317327,7.4826180934906e-05,9.211320877075195,0.23285572230815887,0.17534722222222188,0.1644500344991684,0.20531326781326742
285,47.54752731323242,0.0011900002136826515,2.0042061805725098e-06,9.2028169631958,0.24110540747642517,0.16666666666666663,0.1672951728105545,0.20804327054327054
286,47.1303596496582,0.0013330304063856602,-4.451721906661987e-05,8.850305557250977,0.2200295478105545,0.23611111111111083,0.16268207132816315,0.20283920283920287
287,48.13878631591797,0.0009927661158144474,2.466142177581787e-06,9.042370796203613,0.2862456440925598,0.24913194444444398,0.1671275496482849,0.20727545727545704
288,48.31605911254883,0.0006625914247706532,9.460002183914185e-05,9.00599193572998,0.21935735642910004,0.18836805555555558,0.1643340289592743,0.2048867048867048
289,47.02928161621094,0.001024625264108181,-0.00012647360563278198,8.863767623901367,0.19664011895656586,0.21440972222222188,0.16303999722003937,0.21068796068796025
290,47.892208099365234,0.0007765383925288916,-7.993727922439575e-05,9.038511276245117,0.18662011623382568,0.21440972222222188,0.16456861793994904,0.20932295932295897
291,47.95814514160156,0.0004075623000971973,0.00017131119966506958,9.24416446685791,0.1897493451833725,0.3142361111111108,0.16099481284618378,0.20795795795795768
292,47.008323669433594,0.0008058781386353076,-9.268522262573242e-06,9.054620742797852,0.1602020114660263,0.09722222222222188,0.16759490966796875,0.2065929565929564
293,48.53877258300781,0.0006270126905292273,0.0001549944281578064,9.176913261413574,0.23101255297660828,0.2621527777777777,0.1648983657360077,0.2123942123942124
294,47.24418258666992,0.000927590997889638,1.3872981071472168e-05,9.001474380493164,0.141959086060524,0.21440972222222188,0.16673383116722107,0.21273546273546273
295,47.6277961730957,0.0008523924043402076,-5.3048133850097656e-05,8.951264381408691,0.21020904183387756,0.20572916666666663,0.16352961957454681,0.20710483210483188
296,48.39181900024414,0.0010356266284361482,-6.855279207229614e-05,9.18404483795166,0.21871903538703918,0.22743055555555558,0.16478480398654938,0.20676358176358156
297,48.04581832885742,0.000783665687777102,-3.311038017272949e-05,8.980341911315918,0.17715585231781006,0.19270833333333293,0.16495436429977417,0.20428951678951646
298,47.71257400512695,0.0007390835089609027,4.254281520843506e-05,9.113268852233887,0.20828281342983246,0.19270833333333293,0.1635143905878067,0.20846983346983317
299,49.31577682495117,0.0014541662530973554,4.425644874572754e-06,9.111247062683105,0.20076680183410645,0.21006944444444398,0.16050973534584045,0.20753139503139506
300,48.374671936035156,0.0015222755027934909,0.00010249018669128418,9.127584457397461,0.1324140876531601,0.17534722222222188,0.16259905695915222,0.2105173355173351
301,45.7235107421875,0.0011223204201087356,-9.424984455108643e-06,8.945938110351562,0.27526015043258667,0.14930555555555558,0.16622233390808105,0.20548389298389258
302,47.661495208740234,0.0010621865512803197,-7.858127355575562e-05,8.985763549804688,0.19465549290180206,0.19704861111111083,0.1654219776391983,0.20591045591045576
303,47.75755310058594,0.0006581101915799081,9.78708267211914e-05,9.152237892150879,0.19763000309467316,0.18402777777777768,0.16486136615276337,0.2121382746382744
304,47.302154541015625,0.0008226733189076185,6.164610385894775e-05,9.108662605285645,0.2160014659166336,0.2578124999999998,0.16544096171855927,0.20864045864045833
305,49.51667404174805,0.000611148658208549,6.479769945144653e-05,8.9877347946167,0.20732444524765015,0.3055555555555556,0.16508176922798157,0.20539858039858028
306,48.34300231933594,0.0007047335966490209,7.194280624389648e-05,9.00238037109375,0.15478622913360596,0.21440972222222188,0.16388262808322906,0.19985326235326228
307,47.99098587036133,0.0021575787104666233,0.00012382864952087402,9.118631362915039,0.20553433895111084,0.19704861111111083,0.16126717627048492,0.20446014196014162
308,48.76885986328125,0.00035717611899599433,0.00013276934623718262,9.182328224182129,0.18712183833122253,0.2708333333333329,0.16634853184223175,0.2035217035217035
309,46.88150405883789,0.000838654872495681,-0.00013068318367004395,8.49413776397705,0.19641292095184326,0.14062499999999978,0.1669970005750656,0.2066782691782687
310,47.51103591918945,0.0007241028361022472,7.846951484680176e-05,9.064337730407715,0.17987613379955292,0.23177083333333293,0.1631951481103897,0.20727545727545704
311,47.16396713256836,0.000768583791796118,0.00012846291065216064,9.107429504394531,0.19081540405750275,0.20138888888888873,0.16382403671741486,0.2082138957138957
312,47.98780822753906,0.001150016556493938,-4.803389310836792e-05,9.02827262878418,0.13391821086406708,0.17968749999999978,0.16436372697353363,0.20369232869232867
313,47.89936828613281,0.0010287490440532565,-0.0001464560627937317,9.077604293823242,0.20268933475017548,0.21874999999999978,0.1654304414987564,0.21094389844389827
314,48.371437072753906,0.0005742011126130819,5.5439770221710205e-05,9.238555908203125,0.1763051301240921,0.24913194444444398,0.16371501982212067,0.208299208299208
315,46.97300720214844,0.000778490852098912,4.482269287109375e-05,9.046394348144531,0.20601628720760345,0.20138888888888873,0.16407795250415802,0.20838452088452086
316,48.560306549072266,0.0007774940459057689,4.270672798156738e-05,9.142011642456055,0.19719693064689636,0.22743055555555558,0.16279642283916473,0.2096642096642093
317,47.02637481689453,0.0010983874090015888,7.800757884979248e-06,8.865041732788086,0.21864108741283417,0.15364583333333293,0.16048920154571533,0.21247952497952471
318,47.08977508544922,0.00041855970630422235,8.03917646408081e-05,9.121281623840332,0.21065880358219147,0.11892361111111083,0.16205789148807526,0.20949358449358413
319,48.41427993774414,0.0009197816252708435,6.236135959625244e-06,9.168865203857422,0.19252628087997437,0.22309027777777768,0.15847237408161163,0.20454545454545447
320,47.916072845458984,0.0006588413380086422,4.874914884567261e-05,9.040115356445312,0.17659808695316315,0.21874999999999978,0.16922146081924438,0.21196764946764923
321,48.18553161621094,0.0007992936298251152,-4.3138861656188965e-06,9.304858207702637,0.1727951616048813,0.2664930555555556,0.16251206398010254,0.20036513786513777
322,48.62904357910156,0.0010617232182994485,-0.0001122504472732544,8.919571876525879,0.3890390992164612,0.2621527777777777,0.16507580876350403,0.20215670215670167
323,45.74809646606445,0.0005371355800889432,6.214529275894165e-05,8.832633972167969,0.18408767879009247,0.06684027777777768,0.16589882969856262,0.20932295932295897
324,46.78990936279297,0.000744044198654592,-5.622208118438721e-05,9.055336952209473,0.1799447387456894,0.21440972222222188,0.16637349128723145,0.20335107835107835
325,49.151615142822266,0.0005420790403150022,5.043298006057739e-05,9.265684127807617,0.1750328689813614,0.2751736111111108,0.16367128491401672,0.2090670215670215
326,47.260231018066406,0.0008649377850815654,-7.487833499908447e-06,9.351289749145508,0.17613181471824646,0.2751736111111108,0.166712686419487,0.2073607698607699
327,48.819664001464844,0.0007286233594641089,-8.080154657363892e-05,8.997814178466797,0.22098146378993988,0.22309027777777768,0.16454578936100006,0.20642233142233124
328,47.05532455444336,0.0005643290933221579,9.018182754516602e-05,8.754491806030273,0.19621975719928741,0.13628472222222188,0.16895760595798492,0.20650764400764354
329,48.04773712158203,0.0008759034099057317,0.0001937374472618103,9.107736587524414,0.1385488510131836,0.327256944444444,0.1610792875289917,0.21154108654108605
330,47.832252502441406,0.0007939441711641848,-0.0001349225640296936,8.996112823486328,0.17743413150310516,0.20138888888888873,0.1654565930366516,0.20548389298389258
331,48.18177795410156,0.0005642169271595776,2.946704626083374e-05,8.96837043762207,0.16624586284160614,0.15798611111111083,0.16143226623535156,0.20812858312858284
332,46.6218376159668,0.0006023453315719962,4.07099723815918e-05,8.733962059020996,0.20659397542476654,0.14496527777777768,0.1651308387517929,0.204033579033579
333,47.80783462524414,0.0006552340346388519,-1.6823410987854004e-05,8.965879440307617,0.15772134065628052,0.18402777777777768,0.16089406609535217,0.21179702429702407
334,48.57770538330078,0.0005542061990126967,0.0001320168375968933,9.17973804473877,0.1943064033985138,0.2664930555555556,0.16155822575092316,0.21427108927108918
335,47.118465423583984,0.0006546842632815242,1.9505620002746582e-05,9.117546081542969,0.22994567453861237,0.21874999999999978,0.1633237600326538,0.21478296478296466
336,47.54937744140625,0.0008691892144270241,-0.0001258552074432373,9.1478271484375,0.18691258132457733,0.21006944444444398,0.1653067171573639,0.21009077259077247
337,47.88570022583008,0.0006978694000281394,-3.3974647521972656e-05,9.091176986694336,0.21577221155166626,0.23611111111111083,0.16091977059841156,0.20608108108108092
338,48.711517333984375,0.0007466480601578951,0.0001220703125,8.956968307495117,0.2670448422431946,0.20572916666666663,0.16809144616127014,0.20753139503139506
339,48.419281005859375,0.0006723125698044896,0.0001200065016746521,9.112982749938965,0.22141240537166595,0.2664930555555556,0.1641548126935959,0.20130357630357587
340,46.57183074951172,0.0004706013132818043,8.516013622283936e-05,8.72702407836914,0.1970185786485672,0.11892361111111083,0.16424313187599182,0.21597734097734078
341,46.850955963134766,0.0004893207224085927,3.191828727722168e-05,9.077003479003906,0.2210082858800888,0.18402777777777768,0.1633780151605606,0.20676358176358156
342,47.29656219482422,0.000428384926635772,6.378442049026489e-05,9.063586235046387,0.24722565710544586,0.15798611111111083,0.16210028529167175,0.20701951951951902
343,47.34434127807617,0.0007211216725409031,-4.015862941741943e-06,9.166624069213867,0.2153187394142151,0.22309027777777768,0.16341561079025269,0.20949358449358413
344,46.39075469970703,0.0004888555849902332,6.237626075744629e-05,8.635168075561523,0.20977921783924103,0.053819444444443976,0.16224290430545807,0.20343639093639065
345,49.08191680908203,0.00038182042771950364,9.5367431640625e-05,9.243986129760742,0.1616649627685547,0.2578124999999998,0.16358669102191925,0.20932295932295897
346,48.14533615112305,0.00043030583765357733,4.484504461288452e-05,9.3019437789917,0.22014044225215912,0.22743055555555558,0.16297593712806702,0.21102921102921057
347,48.03980255126953,0.0003643821692094207,0.00021477043628692627,9.205121040344238,0.18457220494747162,0.21874999999999978,0.16248665750026703,0.2065929565929564
348,48.412532806396484,0.0007393548730760813,-3.606081008911133e-05,9.083944320678711,0.15441900491714478,0.2968749999999998,0.16608525812625885,0.21265015015014987
349,49.32497024536133,0.00042431376641616225,0.00013346970081329346,9.31096076965332,0.1639460176229477,0.24045138888888873,0.1609201431274414,0.20514264264264226
350,47.545166015625,0.0006657871417701244,-2.1062791347503662e-05,9.241287231445312,0.21866542100906372,0.2708333333333329,0.1633179932832718,0.21196764946764923
351,50.040740966796875,0.00041407952085137367,0.00015472620725631714,9.594860076904297,0.12717947363853455,0.3359374999999998,0.16523727774620056,0.20428951678951646
352,48.401100158691406,0.0006647153641097248,2.934783697128296e-05,9.375053405761719,0.1796022355556488,0.2534722222222219,0.16313053667545319,0.208299208299208
353,47.79014587402344,0.0008850157028064132,7.323920726776123e-05,8.911515235900879,0.19991347193717957,0.14930555555555558,0.1630316823720932,0.20369232869232867
354,47.91328048706055,0.0005096604581922293,6.622821092605591e-05,8.898130416870117,0.24186448752880096,0.17100694444444398,0.1590118110179901,0.20855514605514602
355,47.60264205932617,0.0006005684845149517,-6.56619668006897e-05,8.918302536010742,0.19138197600841522,0.19704861111111083,0.16446292400360107,0.20949358449358413
356,46.96664047241211,0.0005284398794174194,-3.332644701004028e-05,8.897019386291504,0.17685651779174805,0.16666666666666663,0.16454388201236725,0.20676358176358156
357,47.381935119628906,0.0005527683533728123,-5.114823579788208e-05,8.998193740844727,0.32081782817840576,0.16666666666666663,0.16269664466381073,0.21017608517608477
358,47.40819549560547,0.0004963075625710189,5.338340997695923e-05,8.84486198425293,0.20565573871135712,0.12326388888888873,0.16837286949157715,0.20522795522795512
359,47.21531677246094,0.0005162679008208215,8.219480514526367e-05,9.06749439239502,0.16319164633750916,0.17968749999999978,0.165388286113739,0.20787264537264538
360,48.964969635009766,0.0007402338087558746,9.398907423019409e-05,9.286293983459473,0.22386083006858826,0.2968749999999998,0.15997980535030365,0.2113704613704609
361,48.038089752197266,0.00047980708768591285,0.00018655508756637573,9.19737720489502,0.17456838488578796,0.21440972222222188,0.16470876336097717,0.20480139230139194
362,49.31052780151367,0.00035638557164929807,6.571412086486816e-05,9.301640510559082,0.17381073534488678,0.36197916666666663,0.16281454265117645,0.2032657657657655
363,46.88709259033203,0.0008648076327517629,0.00015985965728759766,9.049690246582031,0.15954992175102234,0.22309027777777768,0.16130518913269043,0.2100054600054596
364,47.182701110839844,0.0004880341002717614,4.082918167114258e-06,8.753912925720215,0.18059252202510834,0.14496527777777768,0.16502906382083893,0.20591045591045576
365,47.54914855957031,0.0005146678304299712,-5.472451448440552e-05,8.954526901245117,0.1673114001750946,0.21874999999999978,0.16579918563365936,0.20633701883701838
366,47.74473571777344,0.0006362441345117986,-2.3096799850463867e-05,9.135509490966797,0.206781268119812,0.24045138888888873,0.1649787276983261,0.2105173355173351
367,47.7121467590332,0.0005754202138632536,2.9966235160827637e-05,8.877958297729492,0.1804511398077011,0.21440972222222188,0.16477395594120026,0.2031804531804532
368,47.18210220336914,0.0003752498305402696,4.827231168746948e-05,8.862814903259277,0.13079138100147247,0.21440972222222188,0.16593216359615326,0.2057398307398306
369,48.27934265136719,0.0005852775066159666,-2.5764107704162598e-05,9.198307037353516,0.1522042602300644,0.24913194444444398,0.16386382281780243,0.20855514605514602
370,47.11020278930664,0.0006182067445479333,-1.8961727619171143e-05,9.087468147277832,0.17702993750572205,0.14930555555555558,0.16582107543945312,0.20335107835107835
371,47.60637283325195,0.0005044644931331277,6.875395774841309e-05,8.923410415649414,0.13441301882266998,0.19704861111111083,0.16447758674621582,0.20701951951951902
372,47.53032302856445,0.0007667908212170005,6.558746099472046e-05,9.071361541748047,0.20195050537586212,0.20572916666666663,0.16409845650196075,0.20753139503139506
373,48.83574676513672,0.0005109743215143681,6.928294897079468e-05,9.175067901611328,0.18068359792232513,0.23177083333333293,0.16238388419151306,0.209578897078897
374,46.969764709472656,0.0005710677360184491,-3.9830803871154785e-05,9.015141487121582,0.19061551988124847,0.2751736111111108,0.16345185041427612,0.2104320229320228
375,48.15324401855469,0.0005118061089888215,0.00019901245832443237,9.239564895629883,0.270944744348526,0.3012152777777777,0.16611908376216888,0.20701951951951902
376,48.46308517456055,0.0004074720782227814,5.0224363803863525e-05,9.035451889038086,0.21250908076763153,0.21874999999999978,0.16362737119197845,0.2090670215670215
377,48.707889556884766,0.0006934049888513982,-1.6838312149047852e-06,9.245377540588379,0.15621468424797058,0.27951388888888873,0.1642169952392578,0.2082138957138957
378,47.434356689453125,0.0004676536191254854,3.398209810256958e-05,9.148618698120117,0.35640913248062134,0.16232638888888873,0.16189883649349213,0.2113704613704609
379,47.69875717163086,0.0006675170734524727,6.0208141803741455e-05,8.914084434509277,0.1435840129852295,0.21874999999999978,0.16807079315185547,0.21230889980889955
380,47.043357849121094,0.0005816344055347145,6.881356239318848e-05,9.017433166503906,0.21095536649227142,0.17534722222222188,0.16418008506298065,0.2057398307398306
381,49.18054962158203,0.0006938035367056727,-9.782612323760986e-06,9.220963478088379,0.1583111733198166,0.27951388888888873,0.1627645194530487,0.20684889434889386
382,47.306819915771484,0.0003640499780885875,2.3417174816131592e-05,8.721781730651855,0.2310211956501007,0.17968749999999978,0.1592954695224762,0.2099201474201473
383,47.52452087402344,0.00037567559047602117,3.70219349861145e-05,8.842994689941406,0.2527233362197876,0.21874999999999978,0.1646771878004074,0.21478296478296466
384,48.4935302734375,0.0003432360535953194,0.00011682510375976562,9.162306785583496,0.18628329038619995,0.23177083333333293,0.16457843780517578,0.21119983619983573
385,48.44679641723633,0.00037023716140538454,3.360956907272339e-05,9.138579368591309,0.15055853128433228,0.18836805555555558,0.16584858298301697,0.20335107835107835
386,48.444454193115234,0.000502997194416821,-3.971904516220093e-05,9.142114639282227,0.17995889484882355,0.21440972222222188,0.16426779329776764,0.20872577122577118
387,48.34203338623047,0.00035443337401375175,3.38628888130188e-05,9.154356002807617,0.16598941385746002,0.17968749999999978,0.16289480030536652,0.2146976521976518
388,47.531394958496094,0.0006084671476855874,-5.159527063369751e-05,8.993950843811035,0.1549416482448578,0.19270833333333293,0.16491390764713287,0.20548389298389258
389,47.430625915527344,0.00032440078211948276,7.040053606033325e-05,9.07170581817627,0.20562390983104706,0.15364583333333293,0.1640300750732422,0.20428951678951646
390,46.565792083740234,0.0004113376489840448,-2.3595988750457764e-05,8.82182788848877,0.22602838277816772,0.16232638888888873,0.16149218380451202,0.20872577122577118
391,48.746612548828125,0.00046735932119190693,5.8025121688842773e-05,9.344429016113281,0.13162420690059662,0.21006944444444398,0.1639164239168167,0.209578897078897
392,47.830039978027344,0.00037850835360586643,6.353110074996948e-05,8.97088623046875,0.15629425644874573,0.17534722222222188,0.16095826029777527,0.20625170625170608
393,48.34938430786133,0.0005751285352744162,3.472715616226196e-05,9.21965503692627,0.16963636875152588,0.24913194444444398,0.1646285355091095,0.2112851487851486
394,47.39519119262695,0.00037726046866737306,6.082653999328613e-05,8.992568016052246,0.2024901956319809,0.18402777777777768,0.16070416569709778,0.2104320229320228
395,47.27063751220703,0.00039826217107474804,-1.0408461093902588e-05,9.01272201538086,0.25333914160728455,0.13628472222222188,0.1637123078107834,0.20062107562107523
396,47.48504638671875,0.0004305463517084718,-5.669891834259033e-05,8.98475456237793,0.24999970197677612,0.16232638888888873,0.16295765340328217,0.20676358176358156
397,47.701229095458984,0.00026841124054044485,5.597621202468872e-05,9.024149894714355,0.2267233431339264,0.20138888888888873,0.16504499316215515,0.2066782691782687
398,47.22393798828125,0.0004987885477021337,-2.2470951080322266e-05,8.762490272521973,0.14441001415252686,0.15798611111111083,0.1631128489971161,0.2058251433251429
399,47.477943420410156,0.000371153699234128,0.00011960417032241821,9.062141418457031,0.14705444872379303,0.17100694444444398,0.16460435092449188,0.20275389025389
