,loss_g,loss_d,train_wd,train_ce_d,train_mse,train_acc,test_mse,test_acc
0,54.452430725097656,3.5854029655456543,-0.0005812942981719971,0.7269426584243774,0.22642455995082855,0.19270833333333293,0.20943914353847504,0.17843980343980326
1,49.786922454833984,0.16723491251468658,0.00048592686653137207,0.7555093765258789,0.2878396511077881,0.08420138888888873,0.20240981876850128,0.18671512421512382
2,50.784671783447266,0.05121447518467903,0.000474780797958374,0.7700120806694031,0.22163569927215576,0.16666666666666663,0.18983520567417145,0.19149262899262887
3,50.464481353759766,0.019128961488604546,0.00047466158866882324,0.7754949927330017,0.24702300131320953,0.20138888888888873,0.188501238822937,0.1937960687960688
4,50.2619514465332,0.010685435496270657,0.00040277838706970215,0.7734376192092896,0.16220633685588837,0.21440972222222188,0.18594568967819214,0.2035217035217035
5,51.31241989135742,0.008775320835411549,0.00043511390686035156,0.7734759449958801,0.172058567404747,0.3012152777777777,0.1786738932132721,0.19541700791700756
6,51.36915969848633,0.0042528631165623665,0.00034675002098083496,0.775700032711029,0.18585562705993652,0.18836805555555558,0.1729097068309784,0.19473450723450692
7,49.71934127807617,0.004267236217856407,0.00028067827224731445,0.7733729481697083,0.2192048877477646,0.21006944444444398,0.170675128698349,0.1935401310401308
8,51.315155029296875,0.0035568694584071636,0.00017380714416503906,0.7797713875770569,0.1730067878961563,0.31857638888888873,0.16975915431976318,0.2019860769860765
9,50.24483108520508,0.003590291365981102,0.0001919567584991455,0.7738876342773438,0.1736411452293396,0.21006944444444398,0.16563661396503448,0.2015595140595139
10,49.9892463684082,0.0029358752071857452,0.0002720654010772705,0.7744442820549011,0.18636682629585266,0.18836805555555558,0.16525456309318542,0.20087701337701325
11,50.14314270019531,0.0032494638580828905,0.00013434886932373047,0.7727420330047607,0.24123303592205048,0.23611111111111083,0.16899588704109192,0.19814701064701068
12,49.73076629638672,0.0019810812082141638,0.0002371370792388916,0.7697408199310303,0.17958204448223114,0.16666666666666663,0.16552315652370453,0.20548389298389258
13,49.530094146728516,0.003113426733762026,0.00022163987159729004,0.7723128795623779,0.18058738112449646,0.23611111111111083,0.1672157198190689,0.20232732732732683
14,49.239341735839844,0.002701363991945982,0.00033479928970336914,0.7712687849998474,0.2081737071275711,0.10156249999999978,0.1627977341413498,0.20770202020202022
15,50.6217155456543,0.0013142599491402507,0.000413745641708374,0.7673845887184143,0.244032084941864,0.18402777777777768,0.164735347032547,0.20463076713076678
16,50.11026382446289,0.0017899111844599247,0.0002779364585876465,0.768343985080719,0.19034841656684875,0.20572916666666663,0.16223903000354767,0.20053576303576293
17,49.65434646606445,0.0021538599394261837,0.00041925907135009766,0.7698044776916504,0.1787312775850296,0.20138888888888873,0.16270361840724945,0.2019007644007642
18,50.04275894165039,0.0008962645661085844,0.0004960298538208008,0.7718627452850342,0.16695666313171387,0.288194444444444,0.16423042118549347,0.2019007644007642
19,49.59703826904297,0.0015088090440258384,0.0003878474235534668,0.7701697945594788,0.18191227316856384,0.21006944444444398,0.16215728223323822,0.20684889434889386
20,49.291412353515625,0.0013829804956912994,0.0005710721015930176,0.7721819281578064,0.17911458015441895,0.19704861111111083,0.15797998011112213,0.2041188916188913
21,50.06039810180664,0.0010376651771366596,0.0005562901496887207,0.774765133857727,0.18579789996147156,0.21440972222222188,0.1641577184200287,0.2035217035217035
22,50.218055725097656,0.0012407992035150528,0.0005306005477905273,0.7712896466255188,0.21037274599075317,0.15798611111111083,0.16173729300498962,0.2065929565929564
23,50.392704010009766,0.0011905885767191648,0.0006810426712036133,0.7768279314041138,0.17604249715805054,0.17100694444444398,0.15876609086990356,0.20454545454545447
24,49.34354782104492,0.00149238551966846,0.0005878210067749023,0.77093106508255,0.14717736840248108,0.18836805555555558,0.15907925367355347,0.20173013923013905
25,49.374568939208984,0.0007266048341989517,0.0008171796798706055,0.7732670903205872,0.1662651151418686,0.16232638888888873,0.1577092558145523,0.19840294840294814
26,49.666046142578125,0.0007963089738041162,0.0007380843162536621,0.7736780047416687,0.18370172381401062,0.15798611111111083,0.1568164974451065,0.20608108108108092
27,48.559608459472656,0.0007205253932625055,0.0008680224418640137,0.7728615403175354,0.22791822254657745,0.13194444444444398,0.15986086428165436,0.20045045045045007
28,50.64206314086914,5.8765290305018425e-06,0.0009367465972900391,0.7813619375228882,0.18882174789905548,0.3315972222222219,0.16047027707099915,0.21060264810264795
29,49.61083984375,0.0005664592608809471,0.0007753968238830566,0.7750887870788574,0.21231383085250854,0.19704861111111083,0.1574799120426178,0.20309514059514033
30,49.33628845214844,0.00011349224951118231,0.0010800957679748535,0.7757445573806763,0.2085338681936264,0.2664930555555556,0.16011987626552582,0.20283920283920287
31,49.57251739501953,0.0002386070555076003,0.0010777115821838379,0.7771497964859009,0.19595186412334442,0.14930555555555558,0.15673969686031342,0.20514264264264226
32,49.603641510009766,0.0002422289690002799,0.000941157341003418,0.777033805847168,0.2219962477684021,0.14496527777777768,0.15680144727230072,0.20650764400764354
33,49.071250915527344,-0.0002469985047355294,0.0013085603713989258,0.777738630771637,0.1699867993593216,0.20138888888888873,0.15581010282039642,0.21179702429702407
34,49.85048294067383,4.425097722560167e-05,0.0010251402854919434,0.7848621606826782,0.1907237023115158,0.23177083333333293,0.1609877347946167,0.204033579033579
35,49.91341018676758,-0.00027128448709845543,0.0013806819915771484,0.786436140537262,0.2121102213859558,0.2751736111111108,0.16303777694702148,0.20761670761670736
36,50.1402702331543,-0.00030718790367245674,0.0014986395835876465,0.7827593684196472,0.22955894470214844,0.17100694444444398,0.15749433636665344,0.20232732732732683
37,50.27574157714844,-0.0006863489397801459,0.0014406442642211914,0.7850550413131714,0.1953173130750656,0.23177083333333293,0.15573059022426605,0.20608108108108092
38,49.633567810058594,-0.0003733905032277107,0.0016495585441589355,0.7860316038131714,0.22169914841651917,0.23177083333333293,0.1597902625799179,0.20386295386295383
39,50.17947006225586,-0.0009453650563955307,0.0015635490417480469,0.7850446701049805,0.18712817132472992,0.18402777777777768,0.15826253592967987,0.20309514059514033
40,48.970829010009766,-0.0003514302661642432,0.001276850700378418,0.7878507971763611,0.18412400782108307,0.07986111111111083,0.1591837853193283,0.20386295386295383
41,49.65464782714844,-0.001014233916066587,0.0016135573387145996,0.7919475436210632,0.15611612796783447,0.24913194444444398,0.15536609292030334,0.20804327054327054
42,50.42450714111328,-0.0009825851302593946,0.001916050910949707,0.7917913794517517,0.16625934839248657,0.17968749999999978,0.1582571417093277,0.2065929565929564
43,49.201271057128906,-0.0008409941801801324,0.0018761754035949707,0.7921944260597229,0.1979702115058899,0.19704861111111083,0.1586923748254776,0.2016448266448262
44,49.06894302368164,-0.0013235686346888542,0.001963198184967041,0.7907373905181885,0.1955970674753189,0.18402777777777768,0.1625416874885559,0.20753139503139506
45,49.58598327636719,-0.0005550616187974811,0.001912832260131836,0.7931089997291565,0.16278031468391418,0.17968749999999978,0.16103558242321014,0.20249795249795255
46,49.694984436035156,-0.0008114133961498737,0.0018406510353088379,0.794861376285553,0.18464194238185883,0.2751736111111108,0.16053138673305511,0.2082138957138957
47,49.72596740722656,-0.0006929435767233372,0.001769721508026123,0.797435462474823,0.15722563862800598,0.17100694444444398,0.15752249956130981,0.20292451542451517
48,50.375579833984375,-0.0012385171139612794,0.0021648406982421875,0.8006503582000732,0.18922534584999084,0.2578124999999998,0.15907727181911469,0.20505733005732996
49,49.80815505981445,-0.0017284135101363063,0.0023803114891052246,0.7951023578643799,0.18151433765888214,0.18836805555555558,0.15861089527606964,0.2096642096642093
50,49.976253509521484,-0.001512826420366764,0.002055525779724121,0.7989542484283447,0.19454696774482727,0.20138888888888873,0.15829259157180786,0.20591045591045576
51,49.6030158996582,-0.0014245872152969241,0.0019383430480957031,0.7966599464416504,0.17540694773197174,0.19704861111111083,0.15775573253631592,0.20616639366639322
52,49.16973114013672,-0.0008741219062358141,0.0018224120140075684,0.8008121848106384,0.2093009054660797,0.07986111111111083,0.15669108927249908,0.20446014196014162
53,49.84756851196289,-0.0014408895513042808,0.0023093223571777344,0.797935962677002,0.1994379311800003,0.22743055555555558,0.15853123366832733,0.20889639639639634
54,49.484622955322266,-0.001832059002481401,0.0026718974113464355,0.7949798107147217,0.16578221321105957,0.2578124999999998,0.156288743019104,0.21538015288015244
55,50.93782424926758,-0.0019457779126241803,0.0025768280029296875,0.806369423866272,0.21776863932609558,0.2534722222222219,0.15762673318386078,0.19627013377013336
56,49.184326171875,-0.0015980479074642062,0.00211179256439209,0.8026571273803711,0.17991773784160614,0.21874999999999978,0.15780551731586456,0.20548389298389258
57,50.43534851074219,-0.0017911343602463603,0.002551138401031494,0.804581344127655,0.1615615338087082,0.2534722222222219,0.15771491825580597,0.2049720174720171
58,49.883243560791016,-0.0014790862333029509,0.0022017359733581543,0.8022811412811279,0.19349434971809387,0.19270833333333293,0.1574373096227646,0.20514264264264226
59,50.51662063598633,-0.0017834159079939127,0.00275421142578125,0.8021412491798401,0.16425831615924835,0.2751736111111108,0.15826871991157532,0.20633701883701838
60,49.46119689941406,-0.002278056461364031,0.002861499786376953,0.798190712928772,0.2428121268749237,0.14930555555555558,0.15423646569252014,0.20684889434889386
61,49.8809700012207,-0.001962653361260891,0.0025139451026916504,0.8008419871330261,0.1465689241886139,0.24045138888888873,0.1550467312335968,0.2058251433251429
62,49.63315963745117,-0.0018935787957161665,0.0023874640464782715,0.7982090711593628,0.29898467659950256,0.16666666666666663,0.15725474059581757,0.20872577122577118
63,49.35151672363281,-0.0016199947567656636,0.0020842552185058594,0.8035338521003723,0.19355203211307526,0.12760416666666663,0.15839837491512299,0.2002798252798249
64,49.70563507080078,-0.0014460522215813398,0.0022239089012145996,0.8033813238143921,0.1699272096157074,0.20572916666666663,0.16202615201473236,0.20633701883701838
65,50.46017837524414,-0.0022583091631531715,0.003030538558959961,0.802513062953949,0.1941944658756256,0.3055555555555556,0.15546029806137085,0.20761670761670736
66,49.80083465576172,-0.001542216050438583,0.0026603341102600098,0.8067459464073181,0.19489982724189758,0.23177083333333293,0.16148070991039276,0.20283920283920287
67,49.22667694091797,-0.001669189427047968,0.002455413341522217,0.8053660988807678,0.18292944133281708,0.16232638888888873,0.1551109254360199,0.20684889434889386
68,50.099300384521484,-0.002031631302088499,0.0025899410247802734,0.8061609864234924,0.2105676829814911,0.19704861111111083,0.1547570377588272,0.21316202566202536
69,50.189090728759766,-0.0020229073707014322,0.002392292022705078,0.8009071350097656,0.1880388855934143,0.16232638888888873,0.1551762968301773,0.20138888888888873
70,49.22926712036133,-0.0023651388473808765,0.0030028820037841797,0.8007397055625916,0.16108207404613495,0.17534722222222188,0.15872535109519958,0.20454545454545447
71,49.62725067138672,-0.0014364531962201,0.0026785731315612793,0.8038746118545532,0.1648370325565338,0.22309027777777768,0.15815328061580658,0.20949358449358413
72,50.081626892089844,-0.0021307829301804304,0.0025970935821533203,0.803591251373291,0.16994088888168335,0.22309027777777768,0.16120561957359314,0.19900013650013648
73,49.92025375366211,-0.0016426013316959143,0.0026870369911193848,0.803734302520752,0.1966751366853714,0.17968749999999978,0.15631812810897827,0.20463076713076678
74,49.72080612182617,-0.001994822174310684,0.0025551319122314453,0.8112666010856628,0.22968773543834686,0.20572916666666663,0.15999498963356018,0.20446014196014162
75,49.46746826171875,-0.0024700842332094908,0.0029903650283813477,0.8026472330093384,0.14503085613250732,0.24913194444444398,0.155893936753273,0.2019860769860765
76,50.29343795776367,-0.002235492691397667,0.0028637051582336426,0.8067195415496826,0.13158467411994934,0.2534722222222219,0.16257862746715546,0.2001945126945126
77,49.150394439697266,-0.002579156309366226,0.0029708147048950195,0.8020769357681274,0.15307271480560303,0.24913194444444398,0.1588267683982849,0.20428951678951646
78,50.215126037597656,-0.002707758918404579,0.003016829490661621,0.7999633550643921,0.15150506794452667,0.23611111111111083,0.15871544182300568,0.19951201201201196
79,49.665252685546875,-0.0022782827727496624,0.0027083158493041992,0.7994905114173889,0.30884841084480286,0.15798611111111083,0.15737193822860718,0.1993413868413868
80,49.79853820800781,-0.002607730682939291,0.0028946995735168457,0.8057214617729187,0.2350827008485794,0.20138888888888873,0.15760886669158936,0.20420420420420415
81,50.09157943725586,-0.002349959686398506,0.002716541290283203,0.8057844638824463,0.161721333861351,0.22743055555555558,0.15728339552879333,0.2041188916188913
82,49.92515563964844,-0.0026339462492614985,0.0029758810997009277,0.800559937953949,0.17654278874397278,0.17100694444444398,0.15902908146381378,0.20539858039858028
83,50.10717010498047,-0.002569938777014613,0.002941727638244629,0.8002955317497253,0.19193921983242035,0.19704861111111083,0.15502873063087463,0.20045045045045007
84,49.88644027709961,-0.002248327014967799,0.002902090549468994,0.8007920980453491,0.16974103450775146,0.17534722222222188,0.15935251116752625,0.2048867048867048
85,50.140987396240234,-0.0019956249743700027,0.0030913352966308594,0.8042346239089966,0.17439031600952148,0.23611111111111083,0.15773266553878784,0.20761670761670736
86,49.19990921020508,-0.0022494294680655003,0.002741515636444092,0.8023735880851746,0.22288848459720612,0.17968749999999978,0.15790215134620667,0.2057398307398306
87,49.98725128173828,-0.0026234646793454885,0.0029975175857543945,0.8047316074371338,0.20012642443180084,0.19270833333333293,0.15646375715732574,0.20812858312858284
88,49.010379791259766,-0.002060098107904196,0.0023221373558044434,0.8032094836235046,0.20336885750293732,0.13628472222222188,0.1551910638809204,0.20599576849576806
89,50.381256103515625,-0.0022996137849986553,0.0026277899742126465,0.8070383667945862,0.2443031370639801,0.24913194444444398,0.1621520221233368,0.20377764127764098
90,50.776309967041016,-0.002620416460558772,0.0029211044311523438,0.8057551383972168,0.20314598083496094,0.2534722222222219,0.15661391615867615,0.21026139776139763
91,48.97259521484375,-0.002246886258944869,0.0026332736015319824,0.8027015924453735,0.1997981071472168,0.20572916666666663,0.1583031266927719,0.20480139230139194
92,49.23458480834961,-0.002900382038205862,0.003196120262145996,0.8028817772865295,0.19181405007839203,0.22743055555555558,0.15573637187480927,0.2066782691782687
93,49.931396484375,-0.0027139768935739994,0.003241598606109619,0.8004035353660583,0.20883747935295105,0.22743055555555558,0.15901125967502594,0.20002388752388744
94,49.28107452392578,-0.002109074965119362,0.0029135942459106445,0.7991496920585632,0.13972166180610657,0.16666666666666663,0.1605212688446045,0.20283920283920287
95,49.46603775024414,-0.0015790942125022411,0.002461850643157959,0.8041428923606873,0.16852189600467682,0.17100694444444398,0.15861178934574127,0.20428951678951646
96,49.50204849243164,-0.0027884873561561108,0.0030324459075927734,0.8028100728988647,0.15735359489917755,0.11458333333333293,0.15596115589141846,0.20454545454545447
97,50.00895309448242,-0.002931621391326189,0.0031612515449523926,0.8020171523094177,0.15328751504421234,0.14062499999999978,0.15919271111488342,0.20898170898170865
98,50.002098083496094,-0.0028866322245448828,0.003151834011077881,0.8023509383201599,0.19943802058696747,0.16666666666666663,0.15389561653137207,0.2104320229320228
99,49.44255447387695,-0.0026287599466741085,0.0029349327087402344,0.8012930154800415,0.20988726615905762,0.17968749999999978,0.15232327580451965,0.20446014196014162
100,50.31106948852539,-0.0026136867236346006,0.0030131936073303223,0.8034743666648865,0.1810578554868698,0.327256944444444,0.1573084145784378,0.2104320229320228
101,50.98455810546875,-0.0019127675332129002,0.0024608373641967773,0.8107647895812988,0.13391953706741333,0.28385416666666663,0.16109749674797058,0.20539858039858028
102,48.94324493408203,-0.0028906860388815403,0.003172159194946289,0.797389030456543,0.17676281929016113,0.21006944444444398,0.1563231199979782,0.2041188916188913
103,49.798606872558594,-0.0028365757316350937,0.003328084945678711,0.799172043800354,0.21962270140647888,0.14930555555555558,0.15534622967243195,0.209578897078897
104,49.48014831542969,-0.0029595661908388138,0.0032543540000915527,0.8020355701446533,0.16602462530136108,0.14496527777777768,0.15041221678256989,0.2031804531804532
105,50.3372802734375,-0.002742274897173047,0.0029975175857543945,0.8014881610870361,0.16183589398860931,0.21440972222222188,0.15795643627643585,0.20446014196014162
106,49.44554138183594,-0.002991677727550268,0.0032424330711364746,0.7986541986465454,0.14458012580871582,0.13194444444444398,0.15699751675128937,0.20761670761670736
107,48.7408332824707,-0.00287101068533957,0.003082573413848877,0.8026332259178162,0.17417292296886444,0.15798611111111083,0.1591893881559372,0.20343639093639065
108,50.65913772583008,-0.0020334157161414623,0.002739250659942627,0.8007694482803345,0.2149192988872528,0.2708333333333329,0.1548854112625122,0.2058251433251429
109,49.515499114990234,-0.0020751652773469687,0.0027448534965515137,0.8035723567008972,0.16421513259410858,0.22743055555555558,0.15264339745044708,0.20428951678951646
110,50.46057891845703,-0.0024885714519768953,0.003022432327270508,0.8050954937934875,0.2133743166923523,0.19704861111111083,0.15772075951099396,0.2024126399126397
111,49.92106628417969,-0.00306586641818285,0.003380894660949707,0.7962732911109924,0.17762456834316254,0.18402777777777768,0.1564604640007019,0.2091523341523338
112,50.05929183959961,-0.0028884527273476124,0.0034109950065612793,0.8006430268287659,0.14457033574581146,0.27951388888888873,0.15940095484256744,0.20565451815451774
113,49.887550354003906,-0.002094604540616274,0.0027663707733154297,0.8026270866394043,0.17828486859798431,0.19704861111111083,0.16052095592021942,0.2016448266448262
114,49.70174026489258,-0.0025019855238497257,0.003652513027191162,0.7996619939804077,0.19827497005462646,0.19704861111111083,0.15577876567840576,0.20650764400764354
115,50.58603286743164,-0.0022741847205907106,0.0027983784675598145,0.8036775588989258,0.20650871098041534,0.2578124999999998,0.15970779955387115,0.21247952497952471
116,49.349369049072266,-0.002378069795668125,0.002755403518676758,0.7990722060203552,0.19835539162158966,0.18402777777777768,0.15666939318180084,0.2002798252798249
117,49.28049087524414,-0.002612574025988579,0.003181159496307373,0.7994527816772461,0.18785150349140167,0.17534722222222188,0.15807579457759857,0.20591045591045576
118,49.67704772949219,-0.002622859086841345,0.0028322339057922363,0.8003953695297241,0.23135897517204285,0.12760416666666663,0.1567859947681427,0.20855514605514602
119,49.59859848022461,-0.0032043051905930042,0.0033606886863708496,0.7934850454330444,0.18427319824695587,0.20572916666666663,0.15860292315483093,0.20616639366639322
120,50.075321197509766,-0.00275804684497416,0.0029520392417907715,0.7984803915023804,0.19814449548721313,0.23177083333333293,0.16154520213603973,0.20548389298389258
121,49.88961410522461,-0.002670661546289921,0.0029162168502807617,0.799374520778656,0.15003317594528198,0.19270833333333293,0.1594466120004654,0.20420420420420415
122,50.67721176147461,-0.0022279121913015842,0.0023735761642456055,0.8019841313362122,0.17324069142341614,0.288194444444444,0.15667098760604858,0.20846983346983317
123,49.777183532714844,-0.002554211998358369,0.0029174089431762695,0.7997773289680481,0.20189480483531952,0.24479166666666663,0.15861134231090546,0.2001945126945126
124,49.52184295654297,-0.0030412855558097363,0.003198981285095215,0.8003938794136047,0.19806259870529175,0.17534722222222188,0.15287421643733978,0.20701951951951902
125,49.91938400268555,-0.0029117362573742867,0.003085315227508545,0.8028356432914734,0.2616459131240845,0.15798611111111083,0.15436792373657227,0.19644075894075852
126,49.648075103759766,-0.0026008724234998226,0.002754688262939453,0.7983369827270508,0.21441178023815155,0.22309027777777768,0.1581590622663498,0.20062107562107523
127,51.00763702392578,-0.002505115931853652,0.0026810169219970703,0.7964136004447937,0.1736905723810196,0.23611111111111083,0.15779758989810944,0.20608108108108092
128,50.22050094604492,-0.0031483282800763845,0.003322005271911621,0.7940318584442139,0.14918571710586548,0.21440972222222188,0.15413306653499603,0.20173013923013905
129,50.34004592895508,-0.003014377783983946,0.0031892061233520508,0.8007900714874268,0.19519124925136566,0.16666666666666663,0.157309427857399,0.20207138957138937
130,50.50093078613281,-0.0025694123469293118,0.0030196309089660645,0.8019741773605347,0.15496550500392914,0.2534722222222219,0.1563647985458374,0.20804327054327054
131,49.17205810546875,-0.0027890303172171116,0.003088653087615967,0.8011258840560913,0.24391628801822662,0.14496527777777768,0.15938259661197662,0.2074460824460822
132,49.281097412109375,-0.0024292091839015484,0.00259554386138916,0.8066657781600952,0.1796211451292038,0.14496527777777768,0.15694157779216766,0.20872577122577118
133,48.94083786010742,-0.0028737452812492847,0.003119230270385742,0.7960062623023987,0.2016817331314087,0.16232638888888873,0.16009163856506348,0.21196764946764923
134,49.37398910522461,-0.0024925852194428444,0.002823054790496826,0.8035301566123962,0.1739615947008133,0.14496527777777768,0.15675799548625946,0.20428951678951646
135,49.578548431396484,-0.002537264721468091,0.0031232237815856934,0.7970406413078308,0.23313134908676147,0.17968749999999978,0.15626390278339386,0.20249795249795255
136,48.72875213623047,-0.0028782605659216642,0.0030931830406188965,0.797336220741272,0.1663723737001419,0.18402777777777768,0.15749715268611908,0.20676358176358156
137,51.09682846069336,-0.002619992010295391,0.003291904926300049,0.8003065586090088,0.16885468363761902,0.36197916666666663,0.15868917107582092,0.20770202020202022
138,49.53419494628906,-0.003062174189835787,0.0032610297203063965,0.7999163269996643,0.1904653161764145,0.18836805555555558,0.1587567925453186,0.2049720174720171
139,50.82941818237305,-0.0025956984609365463,0.0033981800079345703,0.7978930473327637,0.14792394638061523,0.23177083333333293,0.1551908403635025,0.20480139230139194
140,50.19794845581055,-0.003311588428914547,0.003488600254058838,0.7964699864387512,0.21691150963306427,0.21440972222222188,0.15528932213783264,0.20727545727545704
141,50.27555847167969,-0.003291171509772539,0.0034689903259277344,0.7976461052894592,0.19746699929237366,0.2968749999999998,0.16068118810653687,0.20633701883701838
142,50.493309020996094,-0.002454290632158518,0.002653777599334717,0.8028076887130737,0.2069343775510788,0.23177083333333293,0.16381829977035522,0.2074460824460822
143,51.28555679321289,-0.0033820467069745064,0.0035283565521240234,0.797423243522644,0.16793237626552582,0.3749999999999998,0.15716500580310822,0.2016448266448262
144,50.10520553588867,-0.002729324856773019,0.0031505227088928223,0.7949389815330505,0.16191942989826202,0.27951388888888873,0.15673856437206268,0.2073607698607699
145,49.63106918334961,-0.002566863549873233,0.00312042236328125,0.7981238961219788,0.18788261711597443,0.24045138888888873,0.15579715371131897,0.20531326781326742
146,50.31311798095703,-0.0028539609629660845,0.0033717751502990723,0.7985576391220093,0.18864955008029938,0.19270833333333293,0.15725702047348022,0.20463076713076678
147,49.257545471191406,-0.0023896433413028717,0.0030738115310668945,0.7983748912811279,0.19908225536346436,0.23611111111111083,0.15948788821697235,0.2058251433251429
148,48.953189849853516,-0.0022719367407262325,0.00247114896774292,0.7974441647529602,0.1976812779903412,0.17534722222222188,0.15656039118766785,0.20727545727545704
149,50.71864700317383,-0.0031036187428981066,0.0034145712852478027,0.7951762676239014,0.1404300183057785,0.3098958333333329,0.1589645892381668,0.20556920556920544
150,49.792091369628906,-0.002953913528472185,0.0031253695487976074,0.797438383102417,0.15513873100280762,0.14496527777777768,0.15834370255470276,0.20428951678951646
151,49.29140090942383,-0.002587816910818219,0.0027357935905456543,0.7962942719459534,0.1884477287530899,0.20572916666666663,0.15407468378543854,0.20394826644826614
152,50.23598861694336,-0.002829421078786254,0.003148198127746582,0.7978249788284302,0.177198588848114,0.12326388888888873,0.1551363319158554,0.2015595140595139
153,49.473533630371094,-0.0030135302804410458,0.0031892061233520508,0.7992489337921143,0.19275835156440735,0.16666666666666663,0.15584835410118103,0.20855514605514602
154,49.99435806274414,-0.003143356880173087,0.0032285451889038086,0.7971433997154236,0.18514969944953918,0.20138888888888873,0.15876495838165283,0.20335107835107835
155,48.3053092956543,-0.0017471536993980408,0.002755403518676758,0.7918020486831665,0.2223520427942276,0.11458333333333293,0.15917283296585083,0.2024126399126397
156,49.7262077331543,-0.0027126087807118893,0.0029523372650146484,0.79738450050354,0.22123128175735474,0.18402777777777768,0.15614129602909088,0.20275389025389
157,49.35708999633789,-0.0032151085324585438,0.0034276843070983887,0.7953941226005554,0.16720154881477356,0.18402777777777768,0.15870638191699982,0.20522795522795512
158,49.769840240478516,-0.0027100341394543648,0.002843022346496582,0.7998429536819458,0.18751980364322662,0.12326388888888873,0.15912123024463654,0.1999385749385746
159,50.280860900878906,-0.002523288130760193,0.002969682216644287,0.7984338998794556,0.16271643340587616,0.3532986111111108,0.15913927555084229,0.2074460824460822
160,49.815162658691406,-0.0035830296110361814,0.0037099123001098633,0.7961024045944214,0.1251838058233261,0.24913194444444398,0.15681192278862,0.2123942123942124
161,50.55940628051758,-0.0034864747431129217,0.0036766529083251953,0.7948753237724304,0.1634177565574646,0.19270833333333293,0.1531095653772354,0.2090670215670215
162,48.96873092651367,-0.0029983920976519585,0.003177464008331299,0.7956828474998474,0.22881706058979034,0.16232638888888873,0.15610569715499878,0.20565451815451774
163,49.43781661987305,-0.002970675006508827,0.003055572509765625,0.7968469262123108,0.23532994091510773,0.17100694444444398,0.1568901240825653,0.20633701883701838
164,49.50959014892578,-0.0027206188533455133,0.003063499927520752,0.7975256443023682,0.1558210700750351,0.22309027777777768,0.15549269318580627,0.20889639639639634
165,50.31779861450195,-0.003326104022562504,0.003446638584136963,0.7910048961639404,0.18042293190956116,0.2751736111111108,0.15398254990577698,0.20369232869232867
166,50.4614143371582,-0.0032985114958137274,0.0034832358360290527,0.7942384481430054,0.19850598275661469,0.2578124999999998,0.1569252759218216,0.20727545727545704
167,49.07585906982422,-0.0025222543627023697,0.002735614776611328,0.7963998913764954,0.20982292294502258,0.18402777777777768,0.15925613045692444,0.1999385749385746
168,49.857112884521484,-0.001444638124667108,0.0028553009033203125,0.7880697250366211,0.18355827033519745,0.19270833333333293,0.15418654680252075,0.19831763581763584
169,50.56119918823242,-0.0029184601735323668,0.00330275297164917,0.7918393611907959,0.1866506040096283,0.2968749999999998,0.15984705090522766,0.20087701337701325
170,50.58937454223633,-0.0030107120983302593,0.003719508647918701,0.7911401987075806,0.21527883410453796,0.24913194444444398,0.15633425116539001,0.20360701610701581
171,49.580570220947266,-0.0029902383685112,0.0034942626953125,0.7954089641571045,0.16695772111415863,0.19270833333333293,0.1584811508655548,0.2041188916188913
172,48.8887825012207,-0.003406316041946411,0.003534555435180664,0.7914571166038513,0.17191094160079956,0.14062499999999978,0.15690463781356812,0.20591045591045576
173,49.47484588623047,-0.00214761751703918,0.002525031566619873,0.7995377779006958,0.17445144057273865,0.10156249999999978,0.156566321849823,0.20360701610701581
174,49.673702239990234,-0.002908396301791072,0.0034241080284118652,0.7931673526763916,0.21252945065498352,0.21006944444444398,0.1562669575214386,0.20121826371826357
175,49.806968688964844,-0.002709044609218836,0.002916395664215088,0.796756386756897,0.2275894731283188,0.17534722222222188,0.15377359092235565,0.2058251433251429
176,49.8033332824707,-0.0030605827923864126,0.0032873153686523438,0.7946452498435974,0.13760501146316528,0.14930555555555558,0.16051730513572693,0.20846983346983317
177,49.44152069091797,-0.0027572978287935257,0.0029234886169433594,0.7938035726547241,0.1650983989238739,0.15798611111111083,0.1544283926486969,0.20309514059514033
178,50.0615234375,-0.003616403555497527,0.003842473030090332,0.7907613515853882,0.18013563752174377,0.19270833333333293,0.15552851557731628,0.20804327054327054
179,49.78805923461914,-0.001702146022580564,0.00278395414352417,0.7956416606903076,0.2052271068096161,0.15364583333333293,0.1591458022594452,0.20804327054327054
180,50.6125373840332,-0.0030321709346026182,0.0032439231872558594,0.797365128993988,0.17727406322956085,0.2968749999999998,0.1608244627714157,0.20539858039858028
181,49.33038330078125,-0.002443870296701789,0.002801060676574707,0.793529748916626,0.22827282547950745,0.20572916666666663,0.15227243304252625,0.20753139503139506
182,50.319339752197266,-0.002828103257343173,0.0031036734580993652,0.7894889712333679,0.1342793107032776,0.2968749999999998,0.15872491896152496,0.20539858039858028
183,50.00501251220703,-0.0032411781139671803,0.003334641456604004,0.7881706953048706,0.18749305605888367,0.20572916666666663,0.15479831397533417,0.2073607698607699
184,51.245338439941406,-0.0019509990233927965,0.0036107301712036133,0.792391836643219,0.11253286898136139,0.2708333333333329,0.16029003262519836,0.2107732732732731
185,49.077293395996094,-0.0027621937915682793,0.0029436349868774414,0.791046679019928,0.18244442343711853,0.20572916666666663,0.15375490486621857,0.2074460824460822
186,50.326236724853516,-0.0033852909691631794,0.0035070180892944336,0.7897714376449585,0.18916165828704834,0.19704861111111083,0.16098590195178986,0.20224201474201453
187,50.708595275878906,-0.002935845870524645,0.0030373334884643555,0.7950942516326904,0.17941397428512573,0.24045138888888873,0.15672297775745392,0.20727545727545704
188,50.13016891479492,-0.0027682725340127945,0.0028818845748901367,0.7898790240287781,0.19218133389949799,0.22743055555555558,0.15864750742912292,0.20522795522795512
189,50.87122344970703,-0.0034899802412837744,0.0036193132400512695,0.7895727753639221,0.12327652424573898,0.24913194444444398,0.15604715049266815,0.20676358176358156
190,51.4704475402832,-0.0032965270802378654,0.003504931926727295,0.7908095121383667,0.14378929138183594,0.2534722222222219,0.15792493522167206,0.20838452088452086
191,49.6535758972168,-0.002681467216461897,0.0031896233558654785,0.7910256385803223,0.16293217241764069,0.15798611111111083,0.15587881207466125,0.2113704613704609
192,49.47141647338867,-0.0030428734607994556,0.003161787986755371,0.7904049158096313,0.22311918437480927,0.21006944444444398,0.15547393262386322,0.20138888888888873
193,50.83913040161133,-0.0033814411144703627,0.003466665744781494,0.7919626235961914,0.14510679244995117,0.20138888888888873,0.15460483729839325,0.20275389025389
194,49.82975769042969,-0.002459319308400154,0.0033240318298339844,0.7932964563369751,0.19483579695224762,0.14930555555555558,0.15411809086799622,0.2100054600054596
195,48.22719192504883,-0.0027365644928067923,0.0029168128967285156,0.7904659509658813,0.17503193020820618,0.06249999999999978,0.1620178073644638,0.2099201474201473
196,50.41095733642578,-0.0032229351345449686,0.0035166144371032715,0.7931575179100037,0.19573485851287842,0.23611111111111083,0.16080954670906067,0.20283920283920287
197,49.373443603515625,-0.003028261009603739,0.003113269805908203,0.7921383380889893,0.19464372098445892,0.18836805555555558,0.1550801545381546,0.20514264264264226
198,48.90813446044922,-0.002782152034342289,0.003423929214477539,0.7902986407279968,0.1706463098526001,0.16666666666666663,0.15997666120529175,0.20369232869232867
199,49.37953186035156,-0.0029376610182225704,0.003029942512512207,0.7916519045829773,0.328722208738327,0.19704861111111083,0.1610046625137329,0.20591045591045576
200,49.808223724365234,-0.0014574588276445866,0.0031586289405822754,0.7924769520759583,0.22428707778453827,0.2534722222222219,0.15674254298210144,0.2104320229320228
201,49.150611877441406,-0.003408124903216958,0.003630399703979492,0.7900293469429016,0.1810685694217682,0.16666666666666663,0.15648354589939117,0.20360701610701581
202,49.415428161621094,-0.003217935562133789,0.003402411937713623,0.7879267334938049,0.20534373819828033,0.12326388888888873,0.15779416263103485,0.20591045591045576
203,50.86383056640625,-0.003008100902661681,0.0031350255012512207,0.789813220500946,0.16435904800891876,0.24913194444444398,0.1569843292236328,0.20130357630357587
204,50.19239807128906,-0.00262360624037683,0.002893984317779541,0.7888607382774353,0.21685291826725006,0.18836805555555558,0.1563030183315277,0.20599576849576806
205,50.47574996948242,-0.003258919809013605,0.0037407875061035156,0.7883999943733215,0.1610076129436493,0.2578124999999998,0.15891440212726593,0.20812858312858284
206,50.25834274291992,-0.0018643984803929925,0.0029786229133605957,0.7972319722175598,0.18471837043762207,0.2708333333333329,0.15513387322425842,0.20420420420420415
207,49.70188903808594,-0.0025169982109218836,0.002753913402557373,0.7930318713188171,0.2305803894996643,0.2621527777777777,0.157827690243721,0.20377764127764098
208,50.018001556396484,-0.0035637954715639353,0.0037350058555603027,0.7857431173324585,0.12980695068836212,0.21874999999999978,0.1571933776140213,0.20940827190827183
209,49.71115493774414,-0.0031104094814509153,0.0033327341079711914,0.789399266242981,0.2136157602071762,0.22309027777777768,0.15274479985237122,0.20292451542451517
210,49.434505462646484,-0.0026352081913501024,0.002810359001159668,0.7903411984443665,0.1722094565629959,0.11892361111111083,0.15433168411254883,0.2026685776685777
211,50.644046783447266,-0.0021829898469150066,0.002991616725921631,0.7910298109054565,0.16315531730651855,0.20138888888888873,0.1531856209039688,0.20608108108108092
212,49.24717330932617,-0.0026583406142890453,0.002878725528717041,0.7890798449516296,0.2310951054096222,0.11458333333333293,0.1572585552930832,0.20335107835107835
213,50.193580627441406,-0.002719845389947295,0.0028805136680603027,0.7902035713195801,0.17371554672718048,0.2578124999999998,0.15859529376029968,0.2026685776685777
214,49.776695251464844,-0.002268957206979394,0.002681255340576172,0.790546715259552,0.1797986477613449,0.17968749999999978,0.1570526510477066,0.19891482391482362
215,50.02095413208008,-0.0025370772927999496,0.003193974494934082,0.7864605784416199,0.19155998528003693,0.13628472222222188,0.15639109909534454,0.20087701337701325
216,49.5876350402832,-0.002812379039824009,0.0029314160346984863,0.7853968739509583,0.16535058617591858,0.17968749999999978,0.15579752624034882,0.20514264264264226
217,49.17144775390625,-0.002512639854103327,0.0031301379203796387,0.7965162992477417,0.36673402786254883,0.11458333333333293,0.15626174211502075,0.20838452088452086
218,50.001216888427734,-0.003392983926460147,0.0035192370414733887,0.7896263599395752,0.24087131023406982,0.18402777777777768,0.154721200466156,0.20778733278733252
219,50.5880126953125,-0.0026666601188480854,0.0028913021087646484,0.7934026718139648,0.14998680353164673,0.31857638888888873,0.15491391718387604,0.20701951951951902
220,50.19895553588867,-0.003126019611954689,0.0032259225845336914,0.7857701182365417,0.18870855867862701,0.28385416666666663,0.15554293990135193,0.20505733005732996
221,50.792240142822266,-0.0022591841407120228,0.0027868151664733887,0.7871023416519165,0.2858002185821533,0.23177083333333293,0.15793949365615845,0.20522795522795512
222,50.1762809753418,-0.002989377360790968,0.003443777561187744,0.7833850979804993,0.17136110365390778,0.2968749999999998,0.15587791800498962,0.20770202020202022
223,51.00902557373047,-4.868116229772568e-05,0.0030150413513183594,0.7896155714988708,0.12880133092403412,0.2578124999999998,0.15695194900035858,0.20727545727545704
224,49.73712921142578,-0.0029821479693055153,0.0031018853187561035,0.7867076992988586,0.22649548947811127,0.22743055555555558,0.1579105257987976,0.19814701064701068
225,51.008243560791016,-0.003057105466723442,0.0031528472900390625,0.7867943644523621,0.16426816582679749,0.22743055555555558,0.15546396374702454,0.19729388479388432
226,50.564453125,-0.002862958237528801,0.0032640695571899414,0.7863735556602478,0.17282450199127197,0.2664930555555556,0.1561366617679596,0.2112851487851486
227,49.750797271728516,-0.00268165348097682,0.002857506275177002,0.7872132062911987,0.2024884819984436,0.14496527777777768,0.15811097621917725,0.21145577395577375
228,49.954647064208984,-0.0027768725994974375,0.003016173839569092,0.7885932326316833,0.16690489649772644,0.2708333333333329,0.1566346287727356,0.19592888342888304
229,51.523231506347656,-0.003272885922342539,0.0033674240112304688,0.7866443991661072,0.10932289808988571,0.36197916666666663,0.1605985015630722,0.2041188916188913
230,48.94355392456055,-0.0007554041221737862,0.003279566764831543,0.7853147387504578,0.17580245435237885,0.14930555555555558,0.15804032981395721,0.19968263718263712
231,49.36371612548828,-0.003039296017959714,0.003433048725128174,0.7823854088783264,0.21642030775547028,0.12326388888888873,0.154164120554924,0.2088110838110835
232,49.434207916259766,-0.002924850210547447,0.0031110048294067383,0.7854001522064209,0.19526460766792297,0.12760416666666663,0.15876951813697815,0.2019860769860765
233,50.986976623535156,-0.003072925377637148,0.0036718249320983887,0.786354660987854,0.1823713779449463,0.2925347222222219,0.15283942222595215,0.2074460824460822
234,49.15974426269531,-0.003013982204720378,0.0030876994132995605,0.7901101112365723,0.18902015686035156,0.23177083333333293,0.15668261051177979,0.20480139230139194
235,49.26356506347656,-0.002800352405756712,0.002907276153564453,0.791273295879364,0.20094259083271027,0.15798611111111083,0.1569981724023819,0.1999385749385746
236,49.633174896240234,-0.0023856458719819784,0.002761542797088623,0.7892889380455017,0.15211814641952515,0.18836805555555558,0.15513592958450317,0.20173013923013905
237,49.2206916809082,-0.0027479107957333326,0.002801656723022461,0.7870420813560486,0.23045961558818817,0.10156249999999978,0.15523946285247803,0.2031804531804532
238,49.149559020996094,-0.0030948114581406116,0.0035552978515625,0.7877578139305115,0.20776809751987457,0.17100694444444398,0.15381932258605957,0.20258326508326485
239,49.95115280151367,-0.0027692588046193123,0.003075897693634033,0.7874389886856079,0.16136620938777924,0.20572916666666663,0.15501771867275238,0.20480139230139194
240,49.274635314941406,-0.00019784318283200264,0.0028141140937805176,0.7897341847419739,0.1608208566904068,0.11024305555555558,0.15529313683509827,0.20531326781326742
241,49.59007263183594,-0.0026447074487805367,0.00292283296585083,0.7872929573059082,0.12849397957324982,0.23611111111111083,0.1594824641942978,0.19917076167076164
242,50.265193939208984,-0.0026848958805203438,0.002911686897277832,0.781227171421051,0.20860248804092407,0.18402777777777768,0.15852083265781403,0.2031804531804532
243,50.198455810546875,-0.003439837833866477,0.0035158395767211914,0.784428060054779,0.2105693221092224,0.21440972222222188,0.15832208096981049,0.20147420147420103
244,50.05149459838867,-0.0034193270839750767,0.003587186336517334,0.7818371057510376,0.21541838347911835,0.17100694444444398,0.1553376019001007,0.20232732732732683
245,50.68635177612305,-0.0031747189350426197,0.003272831439971924,0.7889021039009094,0.15994371473789215,0.288194444444444,0.1576075404882431,0.2001945126945126
246,48.754730224609375,-0.0026766140945255756,0.0030130743980407715,0.7862673997879028,0.17258575558662415,0.15364583333333293,0.1564302146434784,0.20514264264264226
247,50.213829040527344,-0.0032208668999373913,0.0033686161041259766,0.7836924195289612,0.1994064450263977,0.2708333333333329,0.15312951803207397,0.2035217035217035
248,49.00625228881836,-0.00301993265748024,0.003364264965057373,0.7826510071754456,0.169576495885849,0.19270833333333293,0.1562213897705078,0.20804327054327054
249,49.83016586303711,-0.0029505144339054823,0.0031579136848449707,0.7851638793945312,0.18703460693359375,0.14496527777777768,0.15612158179283142,0.20846983346983317
250,50.11520004272461,-0.002831815741956234,0.0030745863914489746,0.7844082713127136,0.15627865493297577,0.20138888888888873,0.15819236636161804,0.20138888888888873
251,49.270389556884766,-0.0030384226702153683,0.0031809210777282715,0.7861398458480835,0.13440397381782532,0.21874999999999978,0.1578332930803299,0.2041188916188913
252,50.0953483581543,-0.0036653359420597553,0.0037325620651245117,0.7831482887268066,0.1729448437690735,0.23611111111111083,0.15070462226867676,0.2090670215670215
253,50.393306732177734,-0.0033036943059414625,0.003371596336364746,0.7832543849945068,0.12226972728967667,0.24913194444444398,0.1570599228143692,0.20096232596232555
254,50.07988739013672,-0.003486274741590023,0.0035793185234069824,0.7843785285949707,0.1636088788509369,0.21006944444444398,0.16016627848148346,0.21060264810264795
255,49.500308990478516,-0.0030683795921504498,0.003541231155395508,0.7824591994285583,0.18151703476905823,0.18836805555555558,0.1538984626531601,0.21222358722358725
256,49.09515380859375,-0.0028710798360407352,0.00338137149810791,0.7863122224807739,0.18388059735298157,0.15364583333333293,0.15417690575122833,0.20454545454545447
257,49.868656158447266,-0.0036612171679735184,0.0037375688552856445,0.7808689475059509,0.16652214527130127,0.2534722222222219,0.15439513325691223,0.2041188916188913
258,50.2082405090332,-0.002622374799102545,0.0028227567672729492,0.783673107624054,0.20257650315761566,0.23611111111111083,0.1564682126045227,0.2074460824460822
259,50.37672424316406,-0.0038698764983564615,0.003957569599151611,0.7828525900840759,0.13620156049728394,0.288194444444444,0.15895578265190125,0.19396669396669397
260,50.002410888671875,-0.0028464989736676216,0.003006875514984131,0.7858155369758606,0.15061946213245392,0.27951388888888873,0.15332262217998505,0.20761670761670736
261,49.495845794677734,-0.002842877060174942,0.003202080726623535,0.787075936794281,0.20651373267173767,0.15364583333333293,0.15287689864635468,0.20855514605514602
262,49.04807662963867,-0.0035277074202895164,0.003651738166809082,0.7840499877929688,0.2836240828037262,0.14496527777777768,0.1551751345396042,0.20864045864045833
263,51.01071548461914,-0.003707586321979761,0.003772139549255371,0.7832008600234985,0.1588084101676941,0.14496527777777768,0.15429985523223877,0.20420420420420415
264,50.540767669677734,-0.0022649462334811687,0.0027548670768737793,0.7879604697227478,0.17855529487133026,0.24045138888888873,0.1562691479921341,0.20053576303576293
265,49.766536712646484,-0.003408348187804222,0.003545224666595459,0.7898633480072021,0.19783218204975128,0.21006944444444398,0.15660038590431213,0.20446014196014162
266,49.326595306396484,-0.0029438273049890995,0.0031589269638061523,0.7878783941268921,0.17537155747413635,0.17100694444444398,0.15576393902301788,0.19882951132951132
267,49.09908676147461,-0.0022691062185913324,0.003009617328643799,0.7813783884048462,0.3323468565940857,0.19270833333333293,0.15817423164844513,0.19789107289107266
268,49.753883361816406,-0.0023041460663080215,0.003279268741607666,0.7848340272903442,0.19658112525939941,0.19270833333333293,0.15736344456672668,0.2088110838110835
269,49.327335357666016,-0.002826285781338811,0.003516554832458496,0.7849375605583191,0.16783687472343445,0.20572916666666663,0.1565665751695633,0.20087701337701325
270,49.882110595703125,-0.0024820417165756226,0.0032663345336914062,0.785825252532959,0.1782490611076355,0.18402777777777768,0.15758594870567322,0.20292451542451517
271,50.55009078979492,-0.0030300449579954147,0.0031347274780273438,0.7859016060829163,0.13711602985858917,0.2621527777777777,0.15536516904830933,0.208299208299208
272,49.596649169921875,-0.0035126006696373224,0.00372922420501709,0.787814736366272,0.1781555414199829,0.18402777777777768,0.15441685914993286,0.2016448266448262
273,50.99831771850586,-0.0019290391355752945,0.003109872341156006,0.7829246520996094,0.1894189417362213,0.3055555555555556,0.15281201899051666,0.19908544908544878
274,50.00640106201172,-0.0028076553717255592,0.003022134304046631,0.7876840829849243,0.15267761051654816,0.2751736111111108,0.15636125206947327,0.20471607971607964
275,49.368316650390625,-0.002678130753338337,0.002934873104095459,0.7808347940444946,0.16832570731639862,0.18402777777777768,0.1584722399711609,0.20676358176358156
276,50.310489654541016,-0.0014298999449238181,0.0030065178871154785,0.7837222218513489,0.15183109045028687,0.14062499999999978,0.15538276731967926,0.20591045591045576
277,49.77813720703125,-0.0027130073867738247,0.0030714869499206543,0.7804951071739197,0.2090086042881012,0.20138888888888873,0.15733255445957184,0.21026139776139763
278,49.89579391479492,-0.000790243037045002,0.0033729076385498047,0.7855191230773926,0.2104484736919403,0.21874999999999978,0.15491122007369995,0.2066782691782687
279,50.312923431396484,-0.0022113346494734287,0.0031464695930480957,0.7901550531387329,0.2155238538980484,0.2708333333333329,0.15247836709022522,0.20565451815451774
280,50.73476791381836,-0.0027649991679936647,0.00295102596282959,0.7925527691841125,0.16814938187599182,0.28385416666666663,0.1551152765750885,0.20804327054327054
281,51.20811080932617,-0.003436248516663909,0.003633558750152588,0.7881101965904236,0.19382591545581818,0.2664930555555556,0.1589760184288025,0.20650764400764354
282,50.55857849121094,-0.0029683117754757404,0.003109574317932129,0.7895514965057373,0.1576959490776062,0.2925347222222219,0.15668268501758575,0.20343639093639065
283,50.671043395996094,-0.002725321799516678,0.003003060817718506,0.7925891280174255,0.2199006974697113,0.28385416666666663,0.15474046766757965,0.2026685776685777
284,49.63191604614258,-0.00334979803301394,0.0034981369972229004,0.7851557731628418,0.20541979372501373,0.19270833333333293,0.15532010793685913,0.20548389298389258
285,50.21722412109375,-0.003781291889026761,0.003842592239379883,0.7856979370117188,0.15654997527599335,0.21006944444444398,0.15891562402248383,0.20855514605514602
286,50.13990020751953,-0.002935610944405198,0.003072381019592285,0.7913477420806885,0.21073445677757263,0.24045138888888873,0.15664374828338623,0.20778733278733252
287,50.07562255859375,-0.003499774495139718,0.003578662872314453,0.7872657179832458,0.27592456340789795,0.2751736111111108,0.15510617196559906,0.20514264264264226
288,49.09461212158203,-0.0032035468611866236,0.0033264756202697754,0.7856799960136414,0.1672351062297821,0.10590277777777768,0.15709494054317474,0.20224201474201453
289,49.161128997802734,-0.002796649932861328,0.0030853748321533203,0.7852385640144348,0.12714974582195282,0.12760416666666663,0.15417329967021942,0.20727545727545704
290,49.80070495605469,-0.003439905121922493,0.0035032033920288086,0.7848614454269409,0.23224852979183197,0.17534722222222188,0.1548852175474167,0.20420420420420415
291,49.09421920776367,-0.0034601064398884773,0.0035665035247802734,0.7894008755683899,0.18872231245040894,0.24913194444444398,0.15552890300750732,0.20855514605514602
292,49.73635482788086,-0.0037845149636268616,0.0038560032844543457,0.7885152697563171,0.19425815343856812,0.18402777777777768,0.15432210266590118,0.2048867048867048
293,49.67314910888672,-0.0032123508863151073,0.003265082836151123,0.7908849716186523,0.1878625750541687,0.16666666666666663,0.15423253178596497,0.20889639639639634
294,49.1503791809082,-0.0029303741175681353,0.002991020679473877,0.786719799041748,0.19919441640377045,0.22309027777777768,0.15803262591362,0.2049720174720171
295,50.02549362182617,-0.003211888251826167,0.0033380985260009766,0.7863914370536804,0.23022465407848358,0.2664930555555556,0.15332090854644775,0.20770202020202022
296,50.40668869018555,-0.0034610729198902845,0.003553628921508789,0.7857596278190613,0.19279129803180695,0.24479166666666663,0.15481695532798767,0.20292451542451517
297,49.8809814453125,-0.0023761566262692213,0.002535700798034668,0.787531852722168,0.2204471081495285,0.2578124999999998,0.15496212244033813,0.20480139230139194
298,48.85914611816406,-0.003522382117807865,0.0036768317222595215,0.7871300578117371,0.20676258206367493,0.13194444444444398,0.15775640308856964,0.20616639366639322
299,50.90813064575195,-0.003502435516566038,0.0036038756370544434,0.7871487140655518,0.15751750767230988,0.36197916666666663,0.1555466502904892,0.2065929565929564
300,49.09821319580078,-0.002665473846718669,0.0028805136680603027,0.7862281799316406,0.2450820803642273,0.14496527777777768,0.15643849968910217,0.20795795795795768
301,49.74704360961914,-0.004040457308292389,0.004213809967041016,0.78562331199646,0.1218070313334465,0.24045138888888873,0.15699593722820282,0.20258326508326485
302,49.50751495361328,-0.003896097419783473,0.004000842571258545,0.7849357724189758,0.2011917680501938,0.19270833333333293,0.15857866406440735,0.20394826644826614
303,50.444244384765625,-0.0028203099500387907,0.0031441450119018555,0.7835166454315186,0.13130003213882446,0.22743055555555558,0.15849095582962036,0.20138888888888873
304,48.69841384887695,-0.0032583156134933233,0.0036019086837768555,0.7834357619285583,0.21181747317314148,0.10590277777777768,0.157306969165802,0.2011329511329507
305,51.40104675292969,-0.0028626355342566967,0.00325852632522583,0.7910918593406677,0.16651475429534912,0.2968749999999998,0.1574319452047348,0.20514264264264226
306,48.984214782714844,-0.0036643503699451685,0.00379103422164917,0.7838706970214844,0.18169695138931274,0.18402777777777768,0.15807226300239563,0.2048867048867048
307,50.126075744628906,-0.0024854547809809446,0.0027102231979370117,0.7841684222221375,0.14131417870521545,0.27951388888888873,0.15669330954551697,0.19865888615888616
308,50.82563018798828,-0.0032133376225829124,0.0035764575004577637,0.7861347794532776,0.14318673312664032,0.2621527777777777,0.15550248324871063,0.21094389844389827
309,49.84682083129883,-0.003199465572834015,0.0036450624465942383,0.7829307317733765,0.19218696653842926,0.15798611111111083,0.15251921117305756,0.20394826644826614
310,51.22723388671875,-0.003772522322833538,0.0038318634033203125,0.7827824354171753,0.12843814492225647,0.2534722222222219,0.15441948175430298,0.20727545727545704
311,50.09388732910156,-0.0028596778865903616,0.002980053424835205,0.7835115194320679,0.16153009235858917,0.23177083333333293,0.15342912077903748,0.20932295932295897
312,50.435211181640625,-0.0031542400829494,0.0033652186393737793,0.7847341895103455,0.17711174488067627,0.2534722222222219,0.15487268567085266,0.20539858039858028
313,50.6217155456543,-0.0025844345800578594,0.0030591487884521484,0.7871012091636658,0.16277961432933807,0.3142361111111108,0.15913908183574677,0.20138888888888873
314,50.44257736206055,-0.003572667483240366,0.0036847591400146484,0.78348308801651,0.18349437415599823,0.2534722222222219,0.15569008886814117,0.20642233142233124
315,49.46961975097656,-0.003433154197409749,0.0037038326263427734,0.7842400074005127,0.14231830835342407,0.17100694444444398,0.15356126427650452,0.20539858039858028
316,49.46477127075195,-0.0034589311107993126,0.003591775894165039,0.7817531824111938,0.21152587234973907,0.19270833333333293,0.1592109203338623,0.20642233142233124
317,51.696739196777344,-0.00362208834849298,0.0037571191787719727,0.7806553840637207,0.1438426375389099,0.2968749999999998,0.1560625433921814,0.2007917007917004
318,49.953269958496094,-0.003387365024536848,0.003550112247467041,0.7810280323028564,0.2293531596660614,0.24913194444444398,0.15667447447776794,0.2082138957138957
319,49.55857467651367,-0.0020441918168216944,0.0024457573890686035,0.7785969972610474,0.17738507688045502,0.15798611111111083,0.15455996990203857,0.20650764400764354
320,50.26116943359375,-0.002478191163390875,0.002589881420135498,0.7868929505348206,0.1443784087896347,0.2708333333333329,0.15609592199325562,0.20701951951951902
321,50.37892150878906,-0.00323855341412127,0.00363081693649292,0.7813270688056946,0.1791875958442688,0.23177083333333293,0.1556728482246399,0.20428951678951646
322,50.136566162109375,-0.002634794218465686,0.0028550028800964355,0.7845049500465393,0.19159287214279175,0.20572916666666663,0.15630315244197845,0.20727545727545704
323,48.71817398071289,-0.0022104941308498383,0.0036861300468444824,0.7864786386489868,0.17676369845867157,0.07118055555555558,0.1557363122701645,0.20386295386295383
324,50.377532958984375,-0.0031873048283159733,0.0037172436714172363,0.7906047105789185,0.17648795247077942,0.3012152777777777,0.15808774530887604,0.2032657657657655
325,51.16799545288086,-0.0028072369750589132,0.0029274821281433105,0.7872703075408936,0.11520259082317352,0.2925347222222219,0.15956352651119232,0.20923764673764667
326,50.00709533691406,-0.0031398439314216375,0.0033051371574401855,0.7858161926269531,0.17821688950061798,0.21006944444444398,0.15961065888404846,0.2058251433251429
327,49.67976379394531,-0.003367100842297077,0.0034466981887817383,0.7820115089416504,0.22321023046970367,0.24913194444444398,0.15585455298423767,0.2104320229320228
328,50.5186767578125,-0.0032572068739682436,0.0033156275749206543,0.78265780210495,0.27768367528915405,0.20138888888888873,0.1524425894021988,0.2032657657657655
329,49.636878967285156,-0.003287212923169136,0.0033396482467651367,0.7814611196517944,0.16224488615989685,0.15798611111111083,0.156895712018013,0.2113704613704609
330,49.99449157714844,-0.0038045975379645824,0.003856062889099121,0.7866923213005066,0.21734708547592163,0.24913194444444398,0.1603127270936966,0.20949358449358413
331,50.3752555847168,-0.0036119429860264063,0.0037033557891845703,0.7858915328979492,0.15200801193714142,0.2751736111111108,0.15574911236763,0.20872577122577118
332,49.65528106689453,-0.0033542427700012922,0.0034296512603759766,0.7861487865447998,0.18567435443401337,0.17100694444444398,0.15587995946407318,0.20283920283920287
333,49.851356506347656,-0.0015047983033582568,0.00318986177444458,0.784967839717865,0.15599094331264496,0.22309027777777768,0.15694625675678253,0.20616639366639322
334,50.15437698364258,-0.003106719581410289,0.0033456087112426758,0.7859458327293396,0.1367625743150711,0.23177083333333293,0.15840809047222137,0.2073607698607699
335,49.46702575683594,-0.0031285895965993404,0.0041075944900512695,0.7844443917274475,0.14559559524059296,0.19704861111111083,0.1572226732969284,0.20232732732732683
336,50.02598190307617,-0.0028724961448460817,0.0032239556312561035,0.7868823409080505,0.1691703051328659,0.16666666666666663,0.15857674181461334,0.20480139230139194
337,49.78333282470703,-0.002832314930856228,0.0033720731735229492,0.7847239971160889,0.1845133751630783,0.14930555555555558,0.1543901562690735,0.20625170625170608
338,50.135868072509766,-0.0018776798387989402,0.003170311450958252,0.7852098941802979,0.1963152140378952,0.288194444444444,0.15418007969856262,0.20369232869232867
339,49.976078033447266,-0.002999402116984129,0.0032786130905151367,0.7841507196426392,0.2103055715560913,0.19704861111111083,0.15393070876598358,0.20300982800982803
340,49.96027755737305,-0.0029459428042173386,0.003013134002685547,0.792168140411377,0.17990370094776154,0.19270833333333293,0.1580677330493927,0.2088110838110835
341,50.3376350402832,-0.003206126857548952,0.0032988786697387695,0.7877933979034424,0.18996617197990417,0.22743055555555558,0.15945813059806824,0.2048867048867048
342,49.73930740356445,-0.0020622138399630785,0.0032461881637573242,0.7858957052230835,0.16147807240486145,0.18836805555555558,0.1525868922472,0.20480139230139194
343,50.29617691040039,-0.0029160433914512396,0.003132462501525879,0.7892515063285828,0.18072465062141418,0.22743055555555558,0.1550411731004715,0.20770202020202022
344,49.66898727416992,-0.0031680583488196135,0.0033130645751953125,0.7857754826545715,0.18716081976890564,0.14062499999999978,0.15688493847846985,0.20889639639639634
345,49.31475067138672,-0.002574059646576643,0.003339827060699463,0.7851077318191528,0.21087579429149628,0.17100694444444398,0.15855957567691803,0.20096232596232555
346,49.71902847290039,-0.0034717179369181395,0.003702878952026367,0.78597092628479,0.13155783712863922,0.24479166666666663,0.15189282596111298,0.2035217035217035
347,50.08519744873047,-0.0034265294671058655,0.0035134553909301758,0.7813061475753784,0.21456271409988403,0.21874999999999978,0.15601100027561188,0.2104320229320228
348,50.662986755371094,-0.0030921618454158306,0.0034662485122680664,0.7866783142089844,0.18685071170330048,0.2751736111111108,0.15610994398593903,0.20753139503139506
349,49.444854736328125,-0.00354123511351645,0.0036230087280273438,0.7859028577804565,0.24576400220394135,0.14496527777777768,0.15890227258205414,0.20531326781326742
350,50.72313690185547,-0.0038915907498449087,0.0041081905364990234,0.7834201455116272,0.1817438304424286,0.14930555555555558,0.15504711866378784,0.2026685776685777
351,49.50869369506836,-0.003367658006027341,0.0034723281860351562,0.7851763367652893,0.20953227579593658,0.17534722222222188,0.15402452647686005,0.2049720174720171
352,49.74949645996094,-0.003259106772020459,0.0034905672073364258,0.7791363596916199,0.13774041831493378,0.28385416666666663,0.150814026594162,0.20761670761670736
353,49.02015686035156,-0.0034596798941493034,0.003566563129425049,0.781979501247406,0.19875794649124146,0.10590277777777768,0.15594948828220367,0.20676358176358156
354,49.902381896972656,-0.002420432399958372,0.0035477280616760254,0.7846972942352295,0.1644541472196579,0.22743055555555558,0.15546540915966034,0.2088110838110835
355,49.53632736206055,-0.0030524181202054024,0.003323495388031006,0.7837738990783691,0.2679763734340668,0.12326388888888873,0.15797801315784454,0.21230889980889955
356,48.872520446777344,-0.003766567213460803,0.003838479518890381,0.7827062606811523,0.24549555778503418,0.14930555555555558,0.15674127638339996,0.20010920010919975
357,50.182193756103516,-0.0024264007806777954,0.00254899263381958,0.7872645258903503,0.19030913710594177,0.24913194444444398,0.1551051139831543,0.2032657657657655
358,48.88186264038086,-0.002938240533694625,0.0029922127723693848,0.7865045666694641,0.18100997805595398,0.11024305555555558,0.1554761379957199,0.20207138957138937
359,49.652503967285156,-0.003709433600306511,0.00401073694229126,0.7856858968734741,0.15358272194862366,0.17968749999999978,0.15884779393672943,0.2026685776685777
360,50.59208297729492,-0.0033383371774107218,0.0034466981887817383,0.7838014364242554,0.21179307997226715,0.18402777777777768,0.15697674453258514,0.20463076713076678
361,49.92573928833008,-0.003290073247626424,0.003359079360961914,0.7815424203872681,0.21361951529979706,0.2621527777777777,0.15492528676986694,0.20420420420420415
362,49.35125732421875,-0.003217783523723483,0.003288745880126953,0.7845607399940491,0.21681253612041473,0.09288194444444398,0.15691328048706055,0.20753139503139506
363,50.88676071166992,-0.002572994213551283,0.0033079981803894043,0.7841405868530273,0.20099900662899017,0.27951388888888873,0.15754671394824982,0.20804327054327054
364,48.60586929321289,-0.003482282627373934,0.0036568045616149902,0.7846939563751221,0.15812057256698608,0.14496527777777768,0.1569611132144928,0.20556920556920544
365,49.51600646972656,-0.004018277395516634,0.004205465316772461,0.7812143564224243,0.17710375785827637,0.21874999999999978,0.15396590530872345,0.20053576303576293
366,50.47315979003906,-0.0026936328504234552,0.0028403401374816895,0.7918878793716431,0.15149009227752686,0.2708333333333329,0.1564846932888031,0.20693420693420672
367,49.628379821777344,-0.004297973588109016,0.004358112812042236,0.7796338796615601,0.22848230600357056,0.18402777777777768,0.15604311227798462,0.20565451815451774
368,49.93529510498047,-0.002601765561848879,0.0029469728469848633,0.7897955179214478,0.19659669697284698,0.15798611111111083,0.1539948433637619,0.20795795795795768
369,48.88978576660156,-0.0033297159243375063,0.003410637378692627,0.7829200029373169,0.18413729965686798,0.15798611111111083,0.15413159132003784,0.20804327054327054
370,49.7715950012207,-0.0037313990760594606,0.0039917826652526855,0.783184289932251,0.15927186608314514,0.2621527777777777,0.15476946532726288,0.2041188916188913
371,50.5647087097168,-0.002668841276317835,0.003082752227783203,0.7847506403923035,0.19019268453121185,0.288194444444444,0.1581377238035202,0.20693420693420672
372,49.36879348754883,-0.0034531818237155676,0.004684150218963623,0.7841720581054688,0.18454580008983612,0.12326388888888873,0.15886950492858887,0.20650764400764354
373,49.44289779663086,-0.0033597219735383987,0.003439188003540039,0.7856528759002686,0.21247254312038422,0.24045138888888873,0.15648941695690155,0.21188233688233693
374,48.8082275390625,-0.003413669764995575,0.0035024285316467285,0.7873479723930359,0.2313573658466339,0.22309027777777768,0.15470431745052338,0.2074460824460822
375,50.386016845703125,-0.0034439240116626024,0.003502964973449707,0.7831225991249084,0.23216763138771057,0.19270833333333293,0.1551773101091385,0.2066782691782687
376,49.990665435791016,-0.002530180849134922,0.0027782320976257324,0.7835406064987183,0.19357392191886902,0.22743055555555558,0.15848609805107117,0.20599576849576806
377,49.22071075439453,-0.003684620838612318,0.0037636160850524902,0.7796359658241272,0.1600603610277176,0.19270833333333293,0.1535552740097046,0.20684889434889386
378,50.5464973449707,-0.0036935419775545597,0.0037723183631896973,0.78299880027771,0.18963125348091125,0.19704861111111083,0.1570119559764862,0.20505733005732996
379,49.88872146606445,-0.0019558293279260397,0.002591252326965332,0.7888002991676331,0.1546190083026886,0.2534722222222219,0.15699131786823273,0.20531326781326742
380,49.45686340332031,-0.0034062303602695465,0.003643214702606201,0.782865583896637,0.33191630244255066,0.08420138888888873,0.15684831142425537,0.20471607971607964
381,49.64250564575195,-0.0034838595893234015,0.003576338291168213,0.7836267352104187,0.20834773778915405,0.15364583333333293,0.1582677662372589,0.20693420693420672
382,48.996559143066406,-0.003363498253747821,0.0035458803176879883,0.7857474684715271,0.2318498194217682,0.10156249999999978,0.1603240668773651,0.20548389298389258
383,50.07230758666992,-0.0012259753420948982,0.0039958953857421875,0.7856851816177368,0.21233612298965454,0.14496527777777768,0.15440988540649414,0.20471607971607964
384,49.87594985961914,-0.0035782866179943085,0.003917992115020752,0.7767215967178345,0.2065751552581787,0.21874999999999978,0.15999825298786163,0.20232732732732683
385,49.36279296875,-0.0033697730395942926,0.0036426186561584473,0.7843072414398193,0.13617460429668427,0.15798611111111083,0.15885473787784576,0.20343639093639065
386,49.800872802734375,-0.002942030318081379,0.0031450986862182617,0.7860215902328491,0.18403084576129913,0.288194444444444,0.15585295855998993,0.2065929565929564
387,50.32234191894531,-0.002047940157353878,0.003019869327545166,0.7861208915710449,0.20909284055233002,0.23177083333333293,0.15269207954406738,0.20701951951951902
388,50.46775436401367,-0.0032817309256643057,0.0035434365272521973,0.7837485671043396,0.20800741016864777,0.2578124999999998,0.15529055893421173,0.2048867048867048
389,49.498085021972656,-0.00288909999653697,0.003684520721435547,0.7852123975753784,0.18898603320121765,0.19704861111111083,0.15624789893627167,0.20045045045045007
390,49.615840911865234,-0.003737522754818201,0.0042528510093688965,0.7786191701889038,0.17910714447498322,0.22309027777777768,0.1539621651172638,0.20147420147420103
391,50.14657211303711,-0.002695661038160324,0.0031192898750305176,0.7880601286888123,0.12793703377246857,0.24479166666666663,0.15350712835788727,0.20727545727545704
392,47.8587532043457,-0.0034646543208509684,0.003620445728302002,0.7834571599960327,0.2389693260192871,0.09722222222222188,0.15651366114616394,0.19959732459732427
393,49.4671630859375,-0.0039060739800333977,0.004030764102935791,0.7858655452728271,0.2153446525335312,0.20572916666666663,0.15591996908187866,0.20505733005732996
394,50.50929260253906,-0.003376535838469863,0.0034269094467163086,0.7838373184204102,0.1691242903470993,0.22309027777777768,0.15487493574619293,0.20548389298389258
395,48.910621643066406,-0.0028047289233654737,0.0031444430351257324,0.788497269153595,0.16338397562503815,0.18836805555555558,0.15821033716201782,0.2065929565929564
396,48.87547302246094,-0.002710671629756689,0.0031909942626953125,0.7841604351997375,0.18471363186836243,0.22743055555555558,0.15351352095603943,0.2032657657657655
397,49.93490982055664,-0.003522808663547039,0.003671705722808838,0.7817281484603882,0.16644097864627838,0.17100694444444398,0.15453410148620605,0.20249795249795255
398,50.56128692626953,-0.0032443623058497906,0.0034926533699035645,0.7830469012260437,0.09868251532316208,0.2664930555555556,0.15558095276355743,0.2019007644007642
399,50.895572662353516,-0.002998722018674016,0.0032123327255249023,0.7776764035224915,0.15263111889362335,0.2708333333333329,0.15567970275878906,0.2002798252798249
