,loss_g,loss_d,train_wd,train_ce_d,train_mse,train_acc,test_mse,test_acc
0,1.8601669073104858,8.577396392822266,4.509091377258301e-05,9.039083480834961,0.2062321901321411,0.24913194444444398,0.1673361212015152,0.19575825825825788
1,1.8445312976837158,7.964094161987305,0.0003072991967201233,9.137873649597168,0.18110980093479156,0.2621527777777777,0.1651846319437027,0.20121826371826357
2,1.8341172933578491,7.3517961502075195,1.7017126083374023e-05,8.727084159851074,0.2028495967388153,0.16666666666666663,0.16505280137062073,0.20923764673764667
3,1.809968113899231,6.808178901672363,0.0001536533236503601,8.903860092163086,0.15469709038734436,0.24045138888888873,0.16504104435443878,0.22041359541359495
4,1.8052737712860107,5.470137119293213,-0.00020533055067062378,9.112269401550293,0.24491505324840546,0.288194444444444,0.1627952605485916,0.22493516243516198
5,1.8050951957702637,3.9055895805358887,-0.00047397613525390625,9.060759544372559,0.175655335187912,0.23611111111111083,0.15995602309703827,0.23030985530985482
6,1.9321503639221191,2.530029296875,2.86102294921875e-06,9.327530860900879,0.2190946787595749,0.24913194444444398,0.1644245833158493,0.23687892437892433
7,1.77493417263031,2.1871869564056396,0.0008700937032699585,8.913796424865723,0.18499048054218292,0.17534722222222188,0.16177618503570557,0.24506893256893258
8,1.703656554222107,2.314393997192383,0.00014691799879074097,9.124347686767578,0.17552880942821503,0.2708333333333329,0.15929417312145233,0.25445331695331697
9,1.6059123277664185,2.3038313388824463,0.0006529390811920166,9.088191032409668,0.20985578000545502,0.2968749999999998,0.1628396213054657,0.2627286377286375
10,1.7463034391403198,2.413565158843994,8.237361907958984e-05,9.334389686584473,0.20103463530540466,0.2925347222222219,0.159910187125206,0.26733551733551686
11,1.7025482654571533,2.0733039379119873,0.000398486852645874,9.13420581817627,0.1948998123407364,0.2534722222222219,0.164463073015213,0.2797058422058418
12,1.6883524656295776,2.1538689136505127,0.00026826560497283936,8.878374099731445,0.2053033709526062,0.28385416666666663,0.15902620553970337,0.2898580398580397
13,1.712297797203064,1.838139295578003,0.0002539008855819702,9.112507820129395,0.12747922539710999,0.2664930555555556,0.158103808760643,0.30035148785148735
14,1.753304123878479,1.4871481657028198,-0.0004158318042755127,8.50714111328125,0.17603448033332825,0.13628472222222188,0.15783533453941345,0.30333742833742794
15,1.743489146232605,1.3618584871292114,0.0001730099320411682,8.961031913757324,0.13831549882888794,0.3749999999999998,0.16311229765415192,0.3241536991536992
16,1.6692804098129272,1.163667917251587,-0.0002955421805381775,8.94516658782959,0.1814747005701065,0.288194444444444,0.1589592546224594,0.3286752661752662
17,1.634795069694519,1.0145827531814575,0.00010094791650772095,9.403414726257324,0.20121082663536072,0.28385416666666663,0.15156978368759155,0.33413527163527135
18,1.7097762823104858,0.7345762848854065,9.255111217498779e-05,9.139913558959961,0.1521862894296646,0.4184027777777777,0.1528610736131668,0.34130152880152864
19,1.727178931236267,0.9740626215934753,-0.0008655115962028503,9.095548629760742,0.20211292803287506,0.3532986111111108,0.15411823987960815,0.3553781053781052
20,1.8293750286102295,0.6498720645904541,-0.0005176737904548645,9.265496253967285,0.22966356575489044,0.3923611111111108,0.1528158038854599,0.3664687414687412
21,1.7489230632781982,0.4936060309410095,-0.0006186440587043762,9.124858856201172,0.2115144282579422,0.3532986111111108,0.153489351272583,0.37218468468468435
22,1.7239716053009033,0.5248478055000305,-0.00010313093662261963,9.228708267211914,0.17492468655109406,0.3923611111111108,0.15036626160144806,0.3797775047775048
23,1.7263377904891968,0.3105435371398926,-0.0004898831248283386,9.190074920654297,0.1547597348690033,0.35763888888888873,0.15023033320903778,0.38745563745563705
24,1.6054304838180542,0.3330570459365845,6.0848891735076904e-05,8.810953140258789,0.13126632571220398,0.327256944444444,0.1488092541694641,0.3925743925743924
25,1.810045599937439,0.22950619459152222,-6.13778829574585e-05,8.754384994506836,0.20890027284622192,0.3880208333333329,0.14331886172294617,0.4156087906087902
26,1.7732893228530884,0.25881096720695496,-0.00018797069787979126,8.852343559265137,0.31429240107536316,0.4661458333333329,0.14377866685390472,0.41961848211848174
27,1.6602195501327515,0.17221544682979584,-0.0009013861417770386,9.084931373596191,0.14564739167690277,0.3923611111111108,0.14219139516353607,0.43736349986349954
28,1.6439228057861328,0.15535622835159302,-0.00011844933032989502,9.307645797729492,0.13677258789539337,0.4574652777777777,0.14127367734909058,0.44708913458913424
29,1.5785398483276367,0.16245928406715393,-0.000628150999546051,9.27667236328125,0.18364368379116058,0.444444444444444,0.14407740533351898,0.4582650832650831
30,1.7769460678100586,0.14035606384277344,-0.0004601702094078064,8.896793365478516,0.1360933780670166,0.4618055555555556,0.14004305005073547,0.45766789516789474
31,1.6457511186599731,0.116587333381176,-0.0004480704665184021,8.7020263671875,0.19777201116085052,0.3749999999999998,0.14298659563064575,0.47157384657384616
32,1.8434631824493408,0.08509468287229538,-0.00048604607582092285,9.302865982055664,0.14054204523563385,0.4704861111111108,0.1420503854751587,0.4764366639366635
33,1.5459181070327759,0.07067341357469559,0.00011996179819107056,9.193117141723633,0.16605469584465027,0.4965277777777777,0.14397887885570526,0.48795386295386267
34,1.4778114557266235,0.06502436846494675,-0.0002239122986793518,9.270730018615723,0.1830718070268631,0.43576388888888873,0.13825339078903198,0.4949494949494948
35,1.6290600299835205,0.08167306333780289,-0.0006363913416862488,9.578697204589844,0.14090348780155182,0.5789930555555556,0.14200516045093536,0.49563199563199545
36,1.7993299961090088,0.07037262618541718,-0.000429302453994751,9.285669326782227,0.1612432599067688,0.5442708333333329,0.1358422338962555,0.5045045045045043
37,1.7457213401794434,0.06473133713006973,-0.00029984861612319946,8.850110054016113,0.12020798772573471,0.5008680555555556,0.13649705052375793,0.5082582582582579
38,1.6494054794311523,0.06326331198215485,-1.3336539268493652e-06,8.935883522033691,0.10897756367921829,0.561631944444444,0.13484226167201996,0.5057841932841933
39,1.6531119346618652,0.06138090044260025,-0.00041428208351135254,9.228569030761719,0.1529754102230072,0.6093749999999998,0.13241954147815704,0.5120973245973243
40,1.6832983493804932,0.038453612476587296,-0.0002801939845085144,8.889857292175293,0.11017583310604095,0.5095486111111108,0.1312602311372757,0.5160217035217035
41,1.7533951997756958,0.03759011626243591,-0.0005255639553070068,9.093501091003418,0.21516995131969452,0.4574652777777777,0.1277417689561844,0.5144860769860765
42,1.7542083263397217,0.04106982797384262,-0.00020119547843933105,9.482010841369629,0.14030545949935913,0.5876736111111108,0.13363830745220184,0.5214817089817086
43,1.8300338983535767,0.031116768717765808,-0.00018877536058425903,8.938082695007324,0.16915535926818848,0.4921874999999998,0.13059574365615845,0.5237851487851486
44,1.6144459247589111,0.031017009168863297,-0.00018227845430374146,8.966269493103027,0.18847402930259705,0.4531249999999998,0.13300319015979767,0.5213110838110835
45,1.7566779851913452,0.023860078305006027,0.00020037591457366943,8.892267227172852,0.17991718649864197,0.4965277777777777,0.13680092990398407,0.5258326508326505
46,1.6877868175506592,0.022887974977493286,-0.0002504512667655945,9.32240104675293,0.33070439100265503,0.561631944444444,0.13773669302463531,0.5200313950313951
47,1.7889842987060547,0.024220801889896393,-0.0003135278820991516,9.404637336730957,0.17375123500823975,0.5659722222222219,0.12933358550071716,0.5287332787332782
48,1.8060940504074097,0.02313685417175293,-0.00029028207063674927,9.160453796386719,0.1587381213903427,0.4878472222222219,0.13291554152965546,0.5259179634179634
49,1.794687032699585,0.025527382269501686,-0.00042216479778289795,9.213081359863281,0.14404898881912231,0.522569444444444,0.13809968531131744,0.5316339066339065
50,1.647863745689392,0.020127441734075546,-0.00027605146169662476,9.476249694824219,0.1645592451095581,0.5659722222222219,0.1381649225950241,0.5300982800982801
51,1.7660459280014038,0.02309572882950306,-0.000521540641784668,8.756388664245605,0.1443537026643753,0.4921874999999998,0.13666202127933502,0.5297570297570298
52,1.633394479751587,0.013395666144788265,-6.095319986343384e-05,9.200644493103027,0.19256749749183655,0.5269097222222219,0.13765238225460052,0.5315485940485937
53,1.7595467567443848,0.014290767721831799,-0.0005238503217697144,8.985973358154297,0.13933052122592926,0.4878472222222219,0.13943955302238464,0.5340226590226588
54,1.7830102443695068,0.01610751636326313,-8.612126111984253e-05,8.680684089660645,0.1774493008852005,0.4574652777777777,0.13749517500400543,0.5362407862407859
55,1.7446584701538086,0.01731911487877369,-0.00037641823291778564,9.447028160095215,0.14567328989505768,0.5876736111111108,0.14294879138469696,0.5301835926835924
56,1.7083590030670166,0.01376582682132721,-3.265589475631714e-05,8.893695831298828,0.1882622241973877,0.5486111111111108,0.1353297233581543,0.5378617253617252
57,1.687525987625122,0.014626218937337399,-0.0002673491835594177,9.145187377929688,0.147922083735466,0.5789930555555556,0.1401895433664322,0.5350464100464097
58,1.831025242805481,0.015564624220132828,-0.00019878149032592773,8.947715759277344,0.23316875100135803,0.5399305555555556,0.13566847145557404,0.5423832923832922
59,1.54249107837677,0.010831546038389206,-0.00022941827774047852,9.230278015136719,0.2065521627664566,0.4965277777777777,0.1395333707332611,0.5449426699426696
60,1.6528165340423584,0.01495550386607647,-0.0002110302448272705,8.962488174438477,0.2319251000881195,0.47916666666666663,0.13614386320114136,0.5454545454545451
61,1.7030915021896362,0.01021570898592472,-0.0003079250454902649,9.250822067260742,0.2253793179988861,0.522569444444444,0.13603618741035461,0.5465636090636089
62,1.7465728521347046,0.012084688991308212,-2.7649104595184326e-05,9.046842575073242,0.1408693641424179,0.5486111111111108,0.13492165505886078,0.5497201747201746
63,1.7013044357299805,0.01710216887295246,-0.00019603967666625977,8.975719451904297,0.18290728330612183,0.5442708333333329,0.138210266828537,0.5457104832104831
64,1.5600053071975708,0.010809702798724174,-4.3019652366638184e-05,8.786815643310547,0.14901404082775116,0.5138888888888887,0.14219215512275696,0.5452839202839199
65,1.6532416343688965,0.0064468965865671635,-0.00015369802713394165,9.220541000366211,0.16801247000694275,0.5746527777777777,0.14174167811870575,0.5463076713076709
66,1.8336284160614014,0.013786295428872108,-0.000212155282497406,8.74158763885498,0.19042904675006866,0.5833333333333329,0.14037691056728363,0.5485257985257985
67,1.7716214656829834,0.011834770441055298,-0.0002434253692626953,9.049365997314453,0.1520158350467682,0.5399305555555556,0.14033018052577972,0.5452839202839199
68,1.6607798337936401,0.00830139685422182,-0.00027374178171157837,8.734953880310059,0.15072064101696014,0.5095486111111108,0.14095649123191833,0.552023614523614
69,1.7924730777740479,0.009063720703125,-0.00039268285036087036,9.151779174804688,0.13223202526569366,0.5399305555555556,0.13494037091732025,0.5524501774501772
70,1.6842153072357178,0.009197726845741272,-0.0002096518874168396,9.063047409057617,0.16725526750087738,0.5138888888888887,0.13769987225532532,0.5525354900354901
71,1.6456830501556396,0.008531228639185429,0.00017486512660980225,9.115306854248047,0.1690005660057068,0.561631944444444,0.14041802287101746,0.5504879879879876
72,1.598894476890564,0.01144930999726057,-0.00018335133790969849,9.014852523803711,0.17257466912269592,0.5095486111111108,0.13665951788425446,0.548781736281736
73,1.817102313041687,0.010514939203858376,-0.00021813064813613892,8.831389427185059,0.1581505835056305,0.5789930555555556,0.14102782309055328,0.5476726726726727
74,1.679094672203064,0.007375507149845362,-0.0003201887011528015,9.005308151245117,0.12297854572534561,0.5529513888888887,0.13682469725608826,0.5546683046683043
75,1.7564752101898193,0.007924821227788925,-0.00018575787544250488,9.27407455444336,0.11687873303890228,0.5920138888888887,0.1383211463689804,0.5517676767676766
76,1.6812313795089722,0.007221130654215813,-0.00025359541177749634,9.017579078674316,0.1496249884366989,0.600694444444444,0.1402261108160019,0.5521089271089269
77,1.7521426677703857,0.005124441348016262,3.713369369506836e-05,9.048026084899902,0.1636212319135666,0.5529513888888887,0.13800230622291565,0.5504026754026753
78,1.6789767742156982,0.007644763682037592,-0.0002121850848197937,9.18160629272461,0.24803683161735535,0.5442708333333329,0.13465622067451477,0.5513411138411134
79,1.696678638458252,0.0064135827124118805,-0.00021415948867797852,9.115445137023926,0.143275186419487,0.600694444444444,0.1382327526807785,0.5526208026208024
80,1.6451466083526611,0.0061192261055111885,-0.00037632137537002563,8.994547843933105,0.16428212821483612,0.5008680555555556,0.13833566009998322,0.5552654927654926
81,1.6122545003890991,0.00901653990149498,4.716217517852783e-06,9.136847496032715,0.17108914256095886,0.5572916666666666,0.1418876051902771,0.5549242424242423
82,1.6268608570098877,0.005216252990067005,-8.508563041687012e-05,8.891032218933105,0.21386943757534027,0.5572916666666666,0.14205041527748108,0.5539004914004914
83,1.7732603549957275,0.011574123054742813,-0.00024230778217315674,9.06926155090332,0.18572227656841278,0.5572916666666666,0.13902920484542847,0.5566304941304939
84,1.6911423206329346,0.0056753153912723064,-0.00019205361604690552,9.00377368927002,0.32454270124435425,0.5659722222222219,0.14363893866539001,0.5590192465192462
85,1.7057265043258667,0.008125826716423035,-0.00022812187671661377,9.091772079467773,0.20705647766590118,0.5963541666666666,0.14105524122714996,0.5550095550095546
86,1.7576721906661987,0.005037970375269651,-2.9355287551879883e-05,9.216731071472168,0.14555969834327698,0.5920138888888887,0.1405310034751892,0.5582514332514332
87,1.6254651546478271,0.007368604652583599,-0.0002815946936607361,9.451239585876465,0.14507094025611877,0.6484374999999998,0.14394353330135345,0.5563745563745559
88,1.5468108654022217,0.008954796940088272,-6.587803363800049e-05,9.420022010803223,0.15897643566131592,0.5572916666666666,0.14017172157764435,0.5554361179361178
89,1.650250792503357,0.005818190984427929,-0.00019600242376327515,9.078908920288086,0.18117529153823853,0.5486111111111108,0.1406998485326767,0.5610667485667481
90,1.7522518634796143,0.004210679791867733,-0.00020986050367355347,9.05855941772461,0.15639279782772064,0.5833333333333329,0.1437542587518692,0.5571423696423694
91,1.7120707035064697,0.0048341997899115086,-0.00010871142148971558,9.21596908569336,0.13234803080558777,0.6484374999999998,0.13927944004535675,0.5582514332514332
92,1.6651313304901123,0.003986021503806114,-0.00025831907987594604,9.18478775024414,0.15571966767311096,0.5920138888888887,0.1421540081501007,0.5570570570570571
93,1.5595464706420898,0.005964217707514763,8.553266525268555e-06,8.665752410888672,0.21688848733901978,0.4618055555555556,0.14585259556770325,0.5595311220311217
94,1.582671880722046,0.0035912867169827223,-1.7955899238586426e-05,9.295939445495605,0.2469443678855896,0.522569444444444,0.1472523808479309,0.5630289380289377
95,1.8540329933166504,0.007968333549797535,-0.00012262165546417236,9.181936264038086,0.22426500916481018,0.5052083333333329,0.1449388712644577,0.5580808080808081
96,1.6891071796417236,0.006361653096973896,-1.471489667892456e-05,8.840688705444336,0.2169187366962433,0.5486111111111108,0.139950230717659,0.5609814359814358
97,1.7954813241958618,0.006712472066283226,-3.836303949356079e-05,8.9090576171875,0.18852008879184723,0.5399305555555556,0.14527000486850739,0.5600429975429971
98,1.5651893615722656,0.003779716556891799,3.629177808761597e-05,9.179703712463379,0.16390086710453033,0.6050347222222219,0.14307548105716705,0.5590192465192462
99,1.743489146232605,0.006407537963241339,8.741766214370728e-05,9.036663055419922,0.21169544756412506,0.5399305555555556,0.14372380077838898,0.5604695604695603
100,1.626633644104004,0.004658512305468321,2.5682151317596436e-05,9.029813766479492,0.21421806514263153,0.522569444444444,0.1458790898323059,0.5590192465192462
101,1.717553734779358,0.004057874903082848,6.72265887260437e-05,8.875589370727539,0.14606019854545593,0.5920138888888887,0.14695432782173157,0.5563745563745559
102,1.651822566986084,0.005497246980667114,3.481656312942505e-05,9.385309219360352,0.14985854923725128,0.5963541666666666,0.1448277086019516,0.5608108108108106
103,1.6825876235961914,0.004247727803885937,0.0001378878951072693,8.883155822753906,0.21143761277198792,0.4921874999999998,0.14411020278930664,0.55782487032487
104,1.5514562129974365,0.004063539672642946,2.4549663066864014e-05,9.136239051818848,0.26521551609039307,0.5052083333333329,0.1493261456489563,0.5579954954954952
105,1.7237485647201538,0.003819848410785198,-0.0001453608274459839,8.906827926635742,0.17132791876792908,0.5703124999999998,0.14606162905693054,0.5597017472017468
106,1.6885097026824951,0.004072599112987518,4.1484832763671875e-05,9.16765022277832,0.18958845734596252,0.5876736111111108,0.1471848338842392,0.5638820638820635
107,1.6166512966156006,0.004547975026071072,-1.2315809726715088e-05,8.91054916381836,0.1721695214509964,0.5355902777777777,0.14516906440258026,0.5625170625170622
108,1.712984323501587,0.003147424664348364,0.0002712458372116089,9.2686128616333,0.15772323310375214,0.5746527777777777,0.14541734755039215,0.5568864318864314
109,1.6949362754821777,0.0053995586931705475,-0.00022245198488235474,9.085226058959961,0.16490885615348816,0.5355902777777777,0.14928819239139557,0.5616639366639364
110,1.6482480764389038,0.004421484190970659,-0.00025447458028793335,9.208826065063477,0.13889513909816742,0.5963541666666666,0.14327244460582733,0.5607254982254978
111,1.79857337474823,0.005495822057127953,-0.00013467669486999512,9.091562271118164,0.15485353767871857,0.5703124999999998,0.14961525797843933,0.5591898716898713
112,1.7883577346801758,0.004172222223132849,-0.00020074844360351562,8.896533012390137,0.19848321378231049,0.561631944444444,0.1467105746269226,0.56012831012831
113,1.8038065433502197,0.004055100493133068,-0.00024122744798660278,9.20199966430664,0.1385292261838913,0.6657986111111108,0.15018223226070404,0.559872372372372
114,1.6818073987960815,0.002511754631996155,6.525218486785889e-05,8.996875762939453,0.18298065662384033,0.5442708333333329,0.14449883997440338,0.558848621348621
115,1.6498620510101318,0.002942577702924609,-0.00015009194612503052,9.068416595458984,0.21990743279457092,0.5789930555555556,0.1427391618490219,0.5575689325689326
116,1.6830476522445679,0.0026396552566438913,-2.5309622287750244e-05,9.04466438293457,0.20879694819450378,0.6354166666666666,0.14390882849693298,0.5590192465192462
117,1.679518461227417,0.0026203161105513573,-9.65222716331482e-05,9.314172744750977,0.1315697580575943,0.6180555555555556,0.14624370634555817,0.5617492492492493
118,1.6321158409118652,0.0041730101220309734,-3.0219554901123047e-05,8.99954605102539,0.17143145203590393,0.5355902777777777,0.14508570730686188,0.5619198744198745
119,1.7801430225372314,0.004269727505743504,-0.00021439790725708008,9.344744682312012,0.13098374009132385,0.6093749999999998,0.14379586279392242,0.5634555009555009
120,1.6313040256500244,0.0044808052480220795,-0.0001527741551399231,8.83183479309082,0.12988123297691345,0.561631944444444,0.14322125911712646,0.5670386295386293
121,1.6221144199371338,0.004083328880369663,-0.00028730928897857666,8.88961124420166,0.18273219466209412,0.5572916666666666,0.14547491073608398,0.5609814359814358
122,1.6870603561401367,0.0027719854842871428,-0.0001369863748550415,9.116561889648438,0.16822683811187744,0.5963541666666666,0.1440647691488266,0.5624317499317499
123,1.8054414987564087,0.0038701375015079975,-1.564621925354004e-07,9.162675857543945,0.11558361351490021,0.6484374999999998,0.14550016820430756,0.5625170625170622
124,1.6413507461547852,0.00376593554392457,-4.6133995056152344e-05,8.965554237365723,0.20661301910877228,0.483506944444444,0.14125150442123413,0.5623464373464371
125,1.6636320352554321,0.0037868949584662914,-0.00015009194612503052,9.037548065185547,0.16417229175567627,0.5703124999999998,0.13911615312099457,0.5643086268086267
126,1.638058066368103,0.0029985567089170218,-3.014504909515381e-05,9.271628379821777,0.22917331755161285,0.6180555555555556,0.13744713366031647,0.56012831012831
127,1.6582417488098145,0.0028466954827308655,-8.866935968399048e-05,9.038352012634277,0.13788245618343353,0.522569444444444,0.13733428716659546,0.5662708162708163
128,1.664998173713684,0.0049782199785113335,6.049126386642456e-05,9.06421184539795,0.1248946264386177,0.5703124999999998,0.13581688702106476,0.5659295659295654
129,1.507627248764038,0.00552536454051733,-0.00020854175090789795,9.105870246887207,0.12832710146903992,0.5876736111111108,0.13975247740745544,0.566697379197379
130,1.8211899995803833,0.0030723456293344498,2.7999281883239746e-05,9.10558795928955,0.14955291152000427,0.6050347222222219,0.14078478515148163,0.5630289380289377
131,1.755763053894043,0.0039797089993953705,-5.015730857849121e-05,8.826994895935059,0.16486121714115143,0.5659722222222219,0.1419481635093689,0.5637967512967512
132,1.782004952430725,0.003317950526252389,-8.746236562728882e-05,9.126059532165527,0.16978956758975983,0.522569444444444,0.13980801403522491,0.5670386295386293
133,1.655019998550415,0.003003200516104698,-0.0002610534429550171,9.035795211791992,0.1875046342611313,0.47482638888888873,0.14033304154872894,0.564649877149877
134,1.802252173423767,0.002677855547517538,-0.00018381327390670776,9.197375297546387,0.1758595108985901,0.5442708333333329,0.1402970552444458,0.5660148785148783
135,1.6242082118988037,0.0020551010966300964,3.5472214221954346e-05,9.285303115844727,0.16295021772384644,0.5920138888888887,0.13810355961322784,0.5679770679770679
136,1.777504324913025,0.003744428511708975,-8.161365985870361e-05,9.324261665344238,0.16552221775054932,0.5963541666666666,0.14220260083675385,0.5653323778323777
137,1.6543169021606445,0.0033395171631127596,-0.00014255940914154053,9.058785438537598,0.17044611275196075,0.5789930555555556,0.1389482319355011,0.5675505050505047
138,1.4312880039215088,0.00233614444732666,-1.609325408935547e-05,9.232673645019531,0.16320784389972687,0.5703124999999998,0.1448299139738083,0.5661001911001906
139,1.633605718612671,0.003196779638528824,-0.00017040222883224487,8.810917854309082,0.16781486570835114,0.5703124999999998,0.14055798947811127,0.5672092547092544
140,1.6770156621932983,0.003373879473656416,1.1272728443145752e-05,8.952485084533691,0.10776273906230927,0.600694444444444,0.1399393081665039,0.566697379197379
141,1.6947143077850342,0.002832855097949505,-0.00026316195726394653,9.102540016174316,0.13855916261672974,0.5442708333333329,0.13732708990573883,0.5642233142233138
142,1.6929705142974854,0.0024476528633385897,0.00022730231285095215,8.676389694213867,0.17804071307182312,0.5486111111111108,0.13988564908504486,0.5649058149058145
143,1.7408678531646729,0.003450907301157713,2.127140760421753e-05,9.280472755432129,0.2033078968524933,0.6050347222222219,0.1385464072227478,0.5666120666120666
144,1.6112279891967773,0.0024176742881536484,3.125518560409546e-05,9.382570266723633,0.23101554811000824,0.5442708333333329,0.13667015731334686,0.5650764400764396
145,1.5427517890930176,0.0020587234757840633,4.256516695022583e-05,9.044846534729004,0.12902772426605225,0.561631944444444,0.141585573554039,0.5659295659295654
146,1.6169553995132446,0.002145488280802965,5.0961971282958984e-06,9.246459007263184,0.1410648673772812,0.6440972222222219,0.13315218687057495,0.5643086268086267
147,1.6408828496932983,0.0022217831574380398,4.6856701374053955e-05,9.318406105041504,0.15629734098911285,0.5876736111111108,0.13444304466247559,0.569171444171444
148,1.7855685949325562,0.002592986449599266,-9.655952453613281e-06,8.782243728637695,0.15678009390830994,0.4618055555555556,0.13519461452960968,0.5674651924651924
149,1.6053972244262695,0.0019017846789211035,-7.53253698348999e-06,9.037700653076172,0.1703169345855713,0.6050347222222219,0.13824622333049774,0.5666120666120666
150,1.676740288734436,0.001806552056223154,9.09268856048584e-05,9.197624206542969,0.17011107504367828,0.5399305555555556,0.13999995589256287,0.5677211302211299
151,1.8195966482162476,0.0027641449123620987,0.00015256553888320923,9.277647018432617,0.12045741081237793,0.5703124999999998,0.13750804960727692,0.5655883155883151
152,1.5811964273452759,0.001721391105093062,2.076476812362671e-05,9.52660083770752,0.14823581278324127,0.5746527777777777,0.14080579578876495,0.5667826917826918
153,1.7252228260040283,0.001923303585499525,5.9060752391815186e-05,8.7568359375,0.15401248633861542,0.4965277777777777,0.13304847478866577,0.5675505050505047
154,1.728235125541687,0.003034508554264903,-0.0001804158091545105,8.916589736938477,0.14499591290950775,0.6180555555555556,0.13560549914836884,0.5693420693420692
155,1.7144262790679932,0.0019468222744762897,3.0197203159332275e-05,9.057126998901367,0.1696680635213852,0.5703124999999998,0.13489381968975067,0.5707070707070705
156,1.6502246856689453,0.0022451751865446568,6.537139415740967e-05,9.199660301208496,0.1409934163093567,0.678819444444444,0.1365845650434494,0.5672945672945673
157,1.7644222974777222,0.002260392066091299,9.948760271072388e-05,9.020912170410156,0.20828673243522644,0.5703124999999998,0.13312993943691254,0.5721573846573846
158,1.599597692489624,0.0026418413035571575,-0.0001658126711845398,9.353459358215332,0.1505979299545288,0.5833333333333329,0.13605566322803497,0.5674651924651924
159,1.6297876834869385,0.0017857948550954461,-1.2762844562530518e-05,9.188684463500977,0.37815216183662415,0.6484374999999998,0.13873298466205597,0.5705364455364453
160,1.8314976692199707,0.002063869498670101,0.0001050904393196106,9.377840995788574,0.15407176315784454,0.5312499999999998,0.1356416642665863,0.5680623805623802
161,1.6196528673171997,0.0019440257456153631,-0.00013227015733718872,9.083242416381836,0.19073174893856049,0.5703124999999998,0.13642388582229614,0.5695980070980067
162,1.5867178440093994,0.002454150468111038,0.0002519860863685608,9.149721145629883,0.13639919459819794,0.639756944444444,0.138092502951622,0.5695980070980067
163,1.6793596744537354,0.0021394193172454834,-2.8438866138458252e-05,8.96148681640625,0.16240844130516052,0.5703124999999998,0.13885599374771118,0.5673798798798796
164,1.7302806377410889,0.002067169174551964,-4.8123300075531006e-05,8.945213317871094,0.12103614211082458,0.5529513888888887,0.1382424384355545,0.5684036309036306
165,1.6451724767684937,0.00252376776188612,0.00010371208190917969,8.826454162597656,0.18418671190738678,0.5529513888888887,0.13521069288253784,0.5715601965601963
166,1.743078589439392,0.001616966212168336,0.00012554973363876343,9.204825401306152,0.1836691051721573,0.5963541666666666,0.1386573314666748,0.5702805077805073
167,1.7550407648086548,0.0018047118792310357,5.163997411727905e-05,8.8866548538208,0.15868110954761505,0.5312499999999998,0.1359463334083557,0.5715601965601963
168,1.6061824560165405,0.001666719326749444,-5.189329385757446e-05,9.1320161819458,0.14831724762916565,0.600694444444444,0.1350952684879303,0.5690861315861312
169,1.6864523887634277,0.0017137608956545591,7.442384958267212e-05,8.803336143493652,0.16853511333465576,0.6354166666666666,0.13427019119262695,0.5710483210483208
170,1.7220784425735474,0.0016652382910251617,6.297975778579712e-05,9.235146522521973,0.14933468401432037,0.6093749999999998,0.13740870356559753,0.5708776958776957
171,1.7992891073226929,0.002146426122635603,-2.2351741790771484e-06,8.950173377990723,0.1339314877986908,0.5572916666666666,0.13613885641098022,0.5708776958776957
172,1.684312343597412,0.0022677064407616854,-0.00011295080184936523,9.149015426635742,0.2209055870771408,0.600694444444444,0.13127480447292328,0.572498634998635
173,1.6235132217407227,0.001801311387680471,0.00013632327318191528,9.370959281921387,0.17903825640678406,0.5920138888888887,0.13605643808841705,0.5713895713895711
174,1.6113184690475464,0.0019435095600783825,-1.5273690223693848e-05,9.03982162475586,0.1785253882408142,0.561631944444444,0.13213899731636047,0.5715601965601963
175,1.8187057971954346,0.0019801282323896885,0.00019744783639907837,9.50192928314209,0.17002199590206146,0.5529513888888887,0.13507764041423798,0.5726692601692601
176,1.6732617616653442,0.0018353911582380533,5.237758159637451e-05,9.236157417297363,0.15121926367282867,0.6093749999999998,0.1355724036693573,0.572498634998635
177,1.624014139175415,0.0021857318934053183,0.00013180077075958252,8.843173027038574,0.18912570178508759,0.44010416666666663,0.1293441355228424,0.569171444171444
178,1.667253851890564,0.0023851385340094566,-0.00011304020881652832,9.065693855285645,0.11616161465644836,0.6050347222222219,0.13352353870868683,0.5742901992901989
179,1.738512396812439,0.00162963243201375,4.070252180099487e-05,9.233527183532715,0.1305902600288391,0.5269097222222219,0.1319015771150589,0.5713042588042588
180,1.6943156719207764,0.0022493007127195597,2.2351741790771484e-08,9.013623237609863,0.12723959982395172,0.5876736111111108,0.13239991664886475,0.5734370734370731
181,1.6278038024902344,0.0017260066233575344,4.3801963329315186e-05,8.932814598083496,0.17536771297454834,0.5572916666666666,0.13468904793262482,0.5728398853398853
182,1.7402582168579102,0.0019312661606818438,0.00011766701936721802,9.023547172546387,0.13054640591144562,0.4921874999999998,0.13710466027259827,0.5724133224133221
183,1.5815258026123047,0.0021475853864103556,4.158914089202881e-05,9.054584503173828,0.13422110676765442,0.5963541666666666,0.13809266686439514,0.5732664482664479
184,1.7134366035461426,0.0018866808386519551,5.9410929679870605e-05,8.998092651367188,0.1628565490245819,0.5052083333333329,0.13808366656303406,0.5713895713895711
185,1.5619208812713623,0.001340642455033958,0.0002089664340019226,9.115099906921387,0.17653417587280273,0.6137152777777777,0.13957618176937103,0.5725839475839473
186,1.7150157690048218,0.0020031840540468693,2.339482307434082e-06,9.064393997192383,0.13508659601211548,0.5746527777777777,0.13895021378993988,0.5707923832923828
187,1.707460641860962,0.0028199090156704187,-3.688782453536987e-05,9.024961471557617,0.14273764193058014,0.561631944444444,0.14011456072330475,0.5732664482664479
188,1.6915664672851562,0.0011485854629427195,1.090019941329956e-05,9.059784889221191,0.20350390672683716,0.4878472222222219,0.13948379456996918,0.5752286377286375
189,1.605783224105835,0.0027414807118475437,-4.172325134277344e-06,8.966679573059082,0.1393461972475052,0.5876736111111108,0.13823279738426208,0.5732664482664479
190,1.6991759538650513,0.0018151630647480488,5.4039061069488525e-05,9.236882209777832,0.19327190518379211,0.5052083333333329,0.13756033778190613,0.5706217581217576
191,1.5966832637786865,0.0021235120948404074,-0.00012712180614471436,8.874025344848633,0.17314322292804718,0.5095486111111108,0.1340499222278595,0.5728398853398853
192,1.7346417903900146,0.0017946946900337934,-4.550814628601074e-05,9.070563316345215,0.17791160941123962,0.5572916666666666,0.14071591198444366,0.5730958230958227
193,1.6221096515655518,0.0020428139250725508,-2.857297658920288e-05,8.985363006591797,0.09104645997285843,0.6180555555555556,0.13727599382400513,0.5736076986076982
194,1.708860993385315,0.0018129100790247321,-5.696713924407959e-05,8.79493522644043,0.141832172870636,0.5312499999999998,0.14043796062469482,0.5724133224133221
195,1.7560545206069946,0.002110806293785572,0.00020776689052581787,9.040942192077637,0.12786556780338287,0.5659722222222219,0.1368565857410431,0.5741195741195737
196,1.5970526933670044,0.0014572860673069954,0.0001145675778388977,9.488340377807617,0.13334178924560547,0.5659722222222219,0.13966161012649536,0.5730105105105104
197,1.6657887697219849,0.0013005665969103575,0.00013427436351776123,8.969477653503418,0.11954717338085175,0.5095486111111108,0.13818946480751038,0.5735223860223859
198,1.5464879274368286,0.0017499299719929695,-0.00014928728342056274,8.982429504394531,0.14950363337993622,0.6614583333333329,0.13832779228687286,0.5732664482664479
199,1.5554732084274292,0.0014001316158100963,1.2539327144622803e-05,9.27324390411377,0.15827509760856628,0.6093749999999998,0.13955068588256836,0.5750580125580124
200,1.7021889686584473,0.002008299343287945,-0.0001356750726699829,9.218647003173828,0.1466454267501831,0.6310763888888887,0.133157417178154,0.571474883974884
201,1.815841794013977,0.0020481885876506567,0.00016194581985473633,9.026447296142578,0.1056591272354126,0.5138888888888887,0.13118460774421692,0.5727545727545724
202,1.8071235418319702,0.0018268371932208538,2.431124448776245e-05,9.088471412658691,0.15198968350887299,0.5789930555555556,0.13483738899230957,0.5735223860223859
203,1.756179928779602,0.0014123129658401012,0.00010902434587478638,9.116544723510742,0.1882859617471695,0.5486111111111108,0.1315920650959015,0.572498634998635
204,1.9082471132278442,0.0014136601239442825,4.097074270248413e-05,9.01745891571045,0.15654797852039337,0.5833333333333329,0.12812809646129608,0.5749726999726995
205,1.6353858709335327,0.0016286659520119429,0.00013750791549682617,8.783031463623047,0.1691814512014389,0.5486111111111108,0.12835586071014404,0.5762523887523885
206,1.6246000528335571,0.0015131601830944419,-3.7647783756256104e-05,9.020756721496582,0.15370257198810577,0.5529513888888887,0.13267584145069122,0.5736076986076982
207,1.8677476644515991,0.0019893483258783817,-3.3095479011535645e-05,8.787284851074219,0.15475492179393768,0.5833333333333329,0.12783728539943695,0.5753992628992627
208,1.8325706720352173,0.0010272939689457417,0.00025027990341186523,9.101534843444824,0.1678449660539627,0.5312499999999998,0.1326245367527008,0.5749726999726995
209,1.7150582075119019,0.0015478511340916157,7.72625207901001e-05,9.215188980102539,0.131797194480896,0.5833333333333329,0.12824410200119019,0.574716762216762
210,1.5845400094985962,0.0014366325922310352,5.061924457550049e-05,9.231396675109863,0.16377760469913483,0.5920138888888887,0.13308501243591309,0.5749726999726995
211,1.800877332687378,0.0025577954947948456,0.00016588717699050903,9.336620330810547,0.17733407020568848,0.5876736111111108,0.12989766895771027,0.5739489489489485
212,1.7049665451049805,0.0012586584780365229,7.372349500656128e-05,9.2936372756958,0.10592358559370041,0.6267361111111108,0.13449276983737946,0.5749726999726995
213,1.7726737260818481,0.0015760177047923207,-8.203089237213135e-06,8.854735374450684,0.17645123600959778,0.5746527777777777,0.13618919253349304,0.5750580125580124
214,1.736887812614441,0.0014323184732347727,0.00030726194381713867,9.187360763549805,0.15134279429912567,0.4965277777777777,0.12864147126674652,0.5746314496314492
215,1.634362816810608,0.0015377389499917626,0.00011620670557022095,9.193575859069824,0.10566441714763641,0.6093749999999998,0.1320851594209671,0.5753992628992627
216,1.6888034343719482,0.0017338276375085115,-4.9620866775512695e-06,8.685639381408691,0.3457283079624176,0.5746527777777777,0.13025151193141937,0.5741195741195737
217,1.6466277837753296,0.0012602576753124595,-4.682689905166626e-05,8.510876655578613,0.17962747812271118,0.5703124999999998,0.1281440556049347,0.5748873873873872
218,1.7058550119400024,0.002015749691054225,-0.00013124197721481323,9.22986125946045,0.1621103286743164,0.6267361111111108,0.13054077327251434,0.5765083265083265
219,1.7082796096801758,0.0011245657224208117,0.00023384392261505127,9.155073165893555,0.18503311276435852,0.5659722222222219,0.13122311234474182,0.5755698880698878
220,1.6123456954956055,0.0014295364962890744,-9.119510650634766e-06,9.135836601257324,0.15847080945968628,0.6137152777777777,0.12963533401489258,0.5753139503139498
221,1.7056505680084229,0.0018127497751265764,3.0487775802612305e-05,9.251479148864746,0.1399766206741333,0.5269097222222219,0.133937269449234,0.5748873873873872
222,1.7403961420059204,0.0029922728426754475,2.7045607566833496e-06,8.942694664001465,0.12910956144332886,0.5442708333333329,0.13232287764549255,0.5758258258258259
223,1.7273989915847778,0.0016339325811713934,0.0002444237470626831,8.923169136047363,0.11347033083438873,0.6180555555555556,0.1307087540626526,0.5756552006552007
224,1.5999000072479248,0.002536316402256489,1.4722347259521484e-05,8.863412857055664,0.1066417247056961,0.5703124999999998,0.1314811110496521,0.5751433251433247
225,1.674458622932434,0.001097370171919465,9.573251008987427e-05,9.110742568969727,0.14420466125011444,0.600694444444444,0.1326490044593811,0.5766789516789517
226,1.5862996578216553,0.0018648565746843815,-5.488097667694092e-05,9.090155601501465,0.12035731226205826,0.5920138888888887,0.1318131983280182,0.5753992628992627
227,1.8712782859802246,0.0014595204265788198,-4.880130290985107e-06,9.187650680541992,0.14089228212833405,0.5399305555555556,0.1335083246231079,0.5769348894348891
228,1.7180386781692505,0.0012505004415288568,-6.0617923736572266e-05,9.044458389282227,0.2080204337835312,0.5312499999999998,0.13146652281284332,0.5755698880698878
229,1.688199520111084,0.0013648270396515727,6.526708602905273e-05,9.073163986206055,0.17844301462173462,0.5572916666666666,0.13663442432880402,0.5756552006552007
230,1.7605865001678467,0.0011494450736790895,7.659196853637695e-05,9.159896850585938,0.15545347332954407,0.5659722222222219,0.13475367426872253,0.5761670761670762
231,1.6117509603500366,0.0009293809998780489,0.0001598745584487915,9.264168739318848,0.15933501720428467,0.4921874999999998,0.12924985587596893,0.5763377013377013
232,1.739683985710144,0.0009461452718824148,0.00027445703744888306,8.843178749084473,0.15103548765182495,0.6093749999999998,0.13549593091011047,0.5748020748020743
233,1.665804147720337,0.0010561197996139526,-2.7574598789215088e-05,9.150140762329102,0.14280836284160614,0.5876736111111108,0.13409997522830963,0.575740513240513
234,1.6748276948928833,0.0010927862022072077,0.00011915713548660278,8.694426536560059,0.14326396584510803,0.561631944444444,0.13377857208251953,0.5743755118755117
235,1.8181933164596558,0.0009843676816672087,0.00020308047533035278,9.075044631958008,0.15247657895088196,0.5572916666666666,0.13784372806549072,0.5774467649467646
236,1.6845725774765015,0.0013970364816486835,0.00015434622764587402,9.166272163391113,0.11661705374717712,0.5920138888888887,0.13523486256599426,0.5740342615342614
237,1.567886233329773,0.0010299310088157654,0.0002571791410446167,9.058854103088379,0.1768379807472229,0.6050347222222219,0.13480983674526215,0.5746314496314492
238,1.7479356527328491,0.0010255060624331236,0.00012895464897155762,9.187838554382324,0.15658386051654816,0.561631944444444,0.14120274782180786,0.5772761397761395
239,1.8948060274124146,0.0023808397818356752,7.72625207901001e-05,9.340324401855469,0.18913789093494415,0.6223958333333329,0.13765119016170502,0.5752286377286375
240,1.6889820098876953,0.0009496001293882728,0.0002356693148612976,9.318345069885254,0.1634162813425064,0.5876736111111108,0.1369970291852951,0.575996450996451
241,1.6593506336212158,0.0010533183813095093,0.0001145675778388977,9.298181533813477,0.16736643016338348,0.5572916666666666,0.137983500957489,0.5756552006552007
242,1.8394200801849365,0.0011628451757133007,0.00019890069961547852,9.088464736938477,0.14844751358032227,0.6354166666666666,0.13942472636699677,0.5753139503139498
243,1.7106231451034546,0.0007193572819232941,0.0002850145101547241,9.191445350646973,0.16444849967956543,0.5399305555555556,0.14253564178943634,0.5753992628992627
244,1.593446135520935,0.0009259050711989403,0.00016496330499649048,8.984150886535645,0.19932109117507935,0.5833333333333329,0.13881869614124298,0.5742048867048866
245,1.8172321319580078,0.0006752799381501973,0.000212155282497406,9.202261924743652,0.12184379994869232,0.5659722222222219,0.140226349234581,0.5753139503139498
246,1.724229097366333,0.001337632886134088,5.527585744857788e-05,9.238021850585938,0.15003763139247894,0.5876736111111108,0.13479399681091309,0.5765083265083265
247,1.6183782815933228,0.0008347262628376484,0.0001531541347503662,9.062744140625,0.18922463059425354,0.5746527777777777,0.1380321979522705,0.5772761397761395
248,1.7851471900939941,0.0009139713365584612,7.228553295135498e-05,8.884907722473145,0.2177523821592331,0.5355902777777777,0.1394972950220108,0.5774467649467646
249,1.6367321014404297,0.0018429536139592528,0.00010789930820465088,9.089397430419922,0.13533276319503784,0.6050347222222219,0.14106716215610504,0.5741195741195737
250,1.7921757698059082,0.001250497531145811,5.636364221572876e-05,8.939229011535645,0.15982134640216827,0.5789930555555556,0.13992923498153687,0.5755698880698878
251,1.7980138063430786,0.001219708938151598,-1.4290213584899902e-05,9.209267616271973,0.15678340196609497,0.4965277777777777,0.14025382697582245,0.575740513240513
252,1.6840652227401733,0.0012179403565824032,0.0001558363437652588,9.25693130493164,0.24554294347763062,0.5746527777777777,0.1411537230014801,0.5748873873873872
253,1.713600754737854,0.0009889319771900773,7.179379463195801e-05,9.06649398803711,0.1963587999343872,0.6050347222222219,0.14397957921028137,0.5758258258258259
254,1.641645073890686,0.0009686235571280122,0.00024320930242538452,8.702247619628906,0.19165612757205963,0.522569444444444,0.14032600820064545,0.5760817635817633
255,1.655079960823059,0.000974909053184092,0.00017848610877990723,9.292585372924805,0.1683344691991806,0.5486111111111108,0.1410784125328064,0.5777027027027026
256,1.6425191164016724,0.0007990795420482755,0.00030941516160964966,9.29218864440918,0.12510979175567627,0.6571180555555556,0.141859233379364,0.5745461370461369
257,1.6340892314910889,0.0013308414490893483,5.561858415603638e-05,9.089777946472168,0.14755168557167053,0.6614583333333329,0.13989730179309845,0.5758258258258259
258,1.6475183963775635,0.0011084912111982703,0.00016311556100845337,8.749974250793457,0.16305646300315857,0.5789930555555556,0.13858801126480103,0.5752286377286375
259,1.6317838430404663,0.001065504620783031,8.340924978256226e-05,8.951411247253418,0.16167467832565308,0.6180555555555556,0.14083720743656158,0.5728398853398853
260,1.744932770729065,0.001004223944619298,0.00015560537576675415,9.019364356994629,0.17563799023628235,0.5746527777777777,0.1425354778766632,0.5771908271908271
261,1.5777168273925781,0.0008029528544284403,0.00016026198863983154,9.15530014038086,0.22711092233657837,0.4618055555555556,0.1372925341129303,0.5746314496314492
262,1.6549938917160034,0.0007117571658454835,0.00010253489017486572,9.17596435546875,0.17984414100646973,0.5789930555555556,0.13865841925144196,0.5768495768495768
263,1.7124077081680298,0.0005832035094499588,0.00012271106243133545,9.119346618652344,0.17402765154838562,0.5095486111111108,0.140520378947258,0.5785558285558284
264,1.6499953269958496,0.0007025721715763211,0.00011261552572250366,8.862115859985352,0.19147969782352448,0.5746527777777777,0.13764964044094086,0.5769348894348891
265,1.571296215057373,0.0009938498260453343,7.431209087371826e-05,8.929582595825195,0.14859014749526978,0.6050347222222219,0.1407337188720703,0.5761670761670762
266,1.5725998878479004,0.0010850050020962954,0.0002475231885910034,9.296320915222168,0.15205079317092896,0.5920138888888887,0.1431896686553955,0.5765936390936388
267,1.674513339996338,0.0005042825359851122,0.00021680444478988647,9.217671394348145,0.17332002520561218,0.5789930555555556,0.14066758751869202,0.5765936390936388
268,1.6029551029205322,0.0012258450733497739,0.00010161101818084717,8.842057228088379,0.15507909655570984,0.5659722222222219,0.14155350625514984,0.5765936390936388
269,1.6349966526031494,0.0008991429349407554,0.0001150369644165039,9.262916564941406,0.1457420438528061,0.5833333333333329,0.13764770328998566,0.5762523887523885
270,1.6225683689117432,0.0005736049497500062,0.00020275264978408813,9.08255386352539,0.1829385608434677,0.6137152777777777,0.13756310939788818,0.5766789516789517
271,1.632549524307251,0.0010048571275547147,0.00012374669313430786,9.022126197814941,0.1792806088924408,0.5355902777777777,0.14548301696777344,0.5765936390936388
272,1.6668236255645752,0.0012886854819953442,6.482750177383423e-05,9.281837463378906,0.14756275713443756,0.561631944444444,0.1469828337430954,0.5765083265083265
273,1.6061979532241821,0.0008403181564062834,0.00028226524591445923,9.118268966674805,0.15136514604091644,0.5920138888888887,0.15448354184627533,0.5777027027027026
274,1.6407607793807983,0.0009945047786459327,0.00016251206398010254,9.091702461242676,0.14245258271694183,0.5833333333333329,0.1568366289138794,0.5764230139230136
275,1.7459280490875244,0.0008185759652405977,0.00016830116510391235,9.019184112548828,0.18952105939388275,0.5486111111111108,0.15818153321743011,0.5771055146055143
276,1.7562384605407715,0.0014591030776500702,0.00019200891256332397,9.296247482299805,0.21197938919067383,0.5703124999999998,0.15929973125457764,0.5773614523614523
277,1.694617509841919,0.0006850333884358406,0.00011210143566131592,9.104957580566406,0.1844046711921692,0.5312499999999998,0.16208858788013458,0.5763377013377013
278,1.5979670286178589,0.0008718783501535654,0.00020047277212142944,9.121779441833496,0.20012782514095306,0.522569444444444,0.15954534709453583,0.5760817635817633
279,1.7446304559707642,0.0008099490078166127,0.00015783309936523438,9.43343448638916,0.20405535399913788,0.6093749999999998,0.16190877556800842,0.5759111384111382
280,1.7234199047088623,0.0007125090342015028,0.000170193612575531,8.781024932861328,0.1870056539773941,0.5442708333333329,0.1632469743490219,0.5773614523614523
281,1.739508867263794,0.0008368490380235016,0.00010766834020614624,8.945537567138672,0.2162541151046753,0.522569444444444,0.1647786647081375,0.5771055146055143
282,1.7160693407058716,0.0008612395031377673,0.00017020851373672485,9.395464897155762,0.18374647200107574,0.5920138888888887,0.1656540334224701,0.5764230139230136
283,1.558642864227295,0.0005298304022289813,0.00017662346363067627,9.150498390197754,0.17602096498012543,0.6223958333333329,0.1681758314371109,0.575996450996451
284,1.592699408531189,0.0008145110914483666,0.00011190026998519897,9.127246856689453,0.185550719499588,0.6050347222222219,0.16677892208099365,0.5765083265083265
285,1.5365324020385742,0.0003972674021497369,0.00024225562810897827,8.97343921661377,0.1883692443370819,0.5399305555555556,0.16420204937458038,0.5765936390936388
286,1.746450424194336,0.0005002700490877032,0.000241108238697052,9.139756202697754,0.18559345602989197,0.5963541666666666,0.164148211479187,0.5756552006552007
287,1.827262282371521,0.0006689373403787613,0.0001887306571006775,9.059537887573242,0.159510999917984,0.639756944444444,0.16318970918655396,0.5769348894348891
288,1.711515188217163,0.0007765040500089526,0.00025346875190734863,8.7708740234375,0.2348759025335312,0.5312499999999998,0.16479600965976715,0.5764230139230136
289,1.555977463722229,0.000698944553732872,0.0003218799829483032,9.277719497680664,0.20719757676124573,0.5789930555555556,0.16471177339553833,0.5778733278733278
290,1.7539546489715576,0.0008520079427398741,-3.131479024887085e-05,9.298781394958496,0.16107016801834106,0.5789930555555556,0.16410833597183228,0.575740513240513
291,1.7762882709503174,0.0016683157300576568,0.00017283856868743896,9.357505798339844,0.1779351681470871,0.5703124999999998,0.16619762778282166,0.5761670761670762
292,1.81122887134552,0.0007652081549167633,0.00020967423915863037,9.093578338623047,0.21605175733566284,0.522569444444444,0.16450971364974976,0.5756552006552007
293,1.735467791557312,0.0009994690772145987,0.000209808349609375,9.121574401855469,0.17578192055225372,0.6093749999999998,0.16258199512958527,0.5769348894348891
294,1.6849219799041748,0.0004504792159423232,0.0002751201391220093,8.749045372009277,0.1990567296743393,0.5529513888888887,0.16375426948070526,0.5756552006552007
295,1.7557835578918457,0.0010575565975159407,0.00014755874872207642,9.394100189208984,0.1815398931503296,0.6874999999999998,0.16293080151081085,0.5763377013377013
296,1.6740928888320923,0.001195935532450676,6.60046935081482e-05,9.049379348754883,0.13950605690479279,0.5920138888888887,0.16041028499603271,0.5761670761670762
297,1.619083046913147,0.0006923513137735426,0.0002335384488105774,9.257608413696289,0.2089894562959671,0.5008680555555556,0.15767714381217957,0.5775320775320775
298,1.8439650535583496,0.0010291461367160082,0.00018122047185897827,8.80117416381836,0.17692451179027557,0.6440972222222219,0.16116392612457275,0.5762523887523885
299,1.645451545715332,0.00047970155719667673,0.00027011334896087646,9.065608978271484,0.1795218139886856,0.5008680555555556,0.1535748988389969,0.5765083265083265
300,1.5590189695358276,0.0006637945189140737,3.6597251892089844e-05,9.406037330627441,0.1870499700307846,0.639756944444444,0.15342368185520172,0.5775320775320775
301,1.6016017198562622,0.0005489125032909214,0.00014413148164749146,9.1355562210083,0.20932286977767944,0.5659722222222219,0.15666867792606354,0.5762523887523885
302,1.574513554573059,0.0006782748969271779,0.00014757364988327026,9.184588432312012,0.16052238643169403,0.5833333333333329,0.151727095246315,0.5761670761670762
303,1.7568168640136719,0.0005445973365567625,0.0002473965287208557,9.141600608825684,0.1315266489982605,0.5355902777777777,0.15421512722969055,0.578043953043953
304,1.6652697324752808,0.0005843188846483827,0.0001807957887649536,9.070467948913574,0.1428764909505844,0.5789930555555556,0.14888212084770203,0.5763377013377013
305,1.7340421676635742,0.0008261423790827394,0.00037907809019088745,8.861265182495117,0.1807931363582611,0.5486111111111108,0.1462365984916687,0.5771908271908271
306,1.7639503479003906,0.0009129149839282036,0.0001003071665763855,9.160834312438965,0.1365760862827301,0.6223958333333329,0.147140771150589,0.5762523887523885
307,1.6300188302993774,0.0007587538566440344,0.00028209388256073,9.031968116760254,0.19851860404014587,0.4270833333333329,0.1459801197052002,0.5775320775320775
308,1.7535147666931152,0.000719770323485136,0.00017796456813812256,9.25142765045166,0.13532178103923798,0.5920138888888887,0.14828269183635712,0.5766789516789517
309,1.7713268995285034,0.0005364544340409338,0.00026904791593551636,8.906344413757324,0.14460012316703796,0.600694444444444,0.1484723538160324,0.5775320775320775
310,1.7083210945129395,0.0006667168927378953,0.00017610937356948853,9.24406623840332,0.1432274580001831,0.6354166666666666,0.14736869931221008,0.5776173901173898
311,1.6188843250274658,0.0005429369630292058,0.00011703372001647949,8.852702140808105,0.17878936231136322,0.5833333333333329,0.15262353420257568,0.5758258258258259
312,1.6359519958496094,0.0007006446248851717,0.00022926926612854004,9.249736785888672,0.18198469281196594,0.5572916666666666,0.14183509349822998,0.5769348894348891
313,1.7509088516235352,0.00042903394205495715,0.0002749711275100708,9.26174545288086,0.12929335236549377,0.5312499999999998,0.14476197957992554,0.5752286377286375
314,1.6321450471878052,0.00041942636016756296,0.0002652108669281006,9.085262298583984,0.15605780482292175,0.6050347222222219,0.1478254199028015,0.575996450996451
315,1.8111099004745483,0.0007197272498160601,0.00026451796293258667,9.188562393188477,0.1629948765039444,0.5789930555555556,0.145339697599411,0.5777027027027026
316,1.5801479816436768,0.0007994942716322839,9.798258543014526e-05,9.119296073913574,0.1517784744501114,0.6137152777777777,0.1461307853460312,0.5759111384111382
317,1.670735239982605,0.0006424479652196169,0.00036407262086868286,8.814845085144043,0.20631471276283264,0.5703124999999998,0.1443212926387787,0.5774467649467646
318,1.5726828575134277,0.0007805133936926723,0.00014102458953857422,9.45486068725586,0.16200830042362213,0.639756944444444,0.1444421261548996,0.5772761397761395
319,1.788065791130066,0.0007194675272330642,0.0004181116819381714,9.171469688415527,0.17555446922779083,0.6093749999999998,0.1478281319141388,0.5777027027027026
320,1.6529285907745361,0.0008322487119585276,0.00013329088687896729,9.056818008422852,0.2369086593389511,0.6050347222222219,0.14628839492797852,0.577020202020202
321,1.7181475162506104,0.0005874815979041159,0.00022050738334655762,9.46810245513916,0.23492757976055145,0.5789930555555556,0.14076249301433563,0.5765936390936388
322,1.5760982036590576,0.0008004875853657722,0.000208929181098938,8.913192749023438,0.15615276992321014,0.5052083333333329,0.14282973110675812,0.5773614523614523
323,1.697912335395813,0.0007395278662443161,0.00017450004816055298,9.191669464111328,0.22714678943157196,0.5269097222222219,0.1438377946615219,0.5761670761670762
324,1.783320426940918,0.0005369960563257337,0.0003366619348526001,8.925755500793457,0.20497062802314758,0.522569444444444,0.14339816570281982,0.5760817635817633
325,1.6879842281341553,0.0006546224467456341,0.00014707446098327637,9.064254760742188,0.21931429207324982,0.522569444444444,0.14319278299808502,0.5774467649467646
326,1.7333214282989502,0.0004033953882753849,0.00024237483739852905,9.191556930541992,0.13276435434818268,0.5486111111111108,0.1439010500907898,0.5760817635817633
327,1.633255958557129,0.0005929135950282216,0.00014942139387130737,8.93266773223877,0.11867376416921616,0.5703124999999998,0.14404995739459991,0.5765936390936388
328,1.660793662071228,0.000664820778183639,0.00013412535190582275,9.174384117126465,0.15509742498397827,0.5789930555555556,0.14484815299510956,0.5761670761670762
329,1.6340000629425049,0.0003442666493356228,0.00018581748008728027,9.165698051452637,0.14476235210895538,0.5963541666666666,0.13811324536800385,0.5774467649467646
330,1.666819453239441,0.0002300647902302444,0.00021589547395706177,9.17817211151123,0.12506602704524994,0.6267361111111108,0.1400071084499359,0.5765083265083265
331,1.7201353311538696,0.00042077433317899704,0.000179976224899292,8.894037246704102,0.17327359318733215,0.5920138888888887,0.1382482498884201,0.576764264264264
332,1.7153332233428955,0.00046154967276379466,7.961690425872803e-05,8.744901657104492,0.2847791314125061,0.6223958333333329,0.13794668018817902,0.5759111384111382
333,1.5517220497131348,0.000315333076287061,0.00023911148309707642,9.389147758483887,0.12493853271007538,0.5659722222222219,0.13544687628746033,0.5771055146055143
334,1.7472031116485596,0.0003361048875376582,0.00019878894090652466,9.069127082824707,0.13095447421073914,0.5095486111111108,0.134684219956398,0.5753139503139498
335,1.6047505140304565,0.0002950698253698647,0.0003119930624961853,9.277647018432617,0.1313992738723755,0.5399305555555556,0.13244874775409698,0.5766789516789517
336,1.6962616443634033,0.00032106059370562434,0.0002014636993408203,9.289762496948242,0.16871966421604156,0.5572916666666666,0.13624760508537292,0.575484575484575
337,1.7011892795562744,0.00016185466665774584,0.0002643391489982605,8.804255485534668,0.17357642948627472,0.5399305555555556,0.13533633947372437,0.5749726999726995
338,1.70521879196167,0.00038250244688242674,0.00015531480312347412,9.007561683654785,0.16264237463474274,0.5486111111111108,0.1351066678762436,0.5753139503139498
339,1.6569023132324219,0.0004832399426959455,0.0001635923981666565,9.081297874450684,0.15531234443187714,0.6180555555555556,0.13311432301998138,0.5766789516789517
340,1.6670739650726318,0.0002959152334369719,0.00017398595809936523,9.017547607421875,0.14962983131408691,0.5008680555555556,0.13898496329784393,0.5755698880698878
341,1.6977938413619995,0.000421420787461102,0.0001361444592475891,9.294486045837402,0.13610155880451202,0.5486111111111108,0.13547822833061218,0.5772761397761395
342,1.866513967514038,0.00047481799265369773,0.0002319738268852234,9.188480377197266,0.1364925354719162,0.6050347222222219,0.13650980591773987,0.575484575484575
343,1.7084335088729858,0.0002094582887366414,0.00032782554626464844,9.44858455657959,0.1553908884525299,0.6223958333333329,0.13542158901691437,0.577020202020202
344,1.5895953178405762,0.0004550160374492407,0.0002817809581756592,8.949540138244629,0.10676787048578262,0.561631944444444,0.1347196251153946,0.5771055146055143
345,1.5168328285217285,0.00025954676675610244,0.000173129141330719,9.101495742797852,0.1740085482597351,0.5399305555555556,0.13702425360679626,0.5775320775320775
346,1.7852178812026978,0.0006706786807626486,0.00021533668041229248,9.342757225036621,0.12579545378684998,0.5529513888888887,0.13441447913646698,0.5773614523614523
347,1.5672651529312134,0.00032709684455767274,0.000287376344203949,9.02621078491211,0.13590553402900696,0.6180555555555556,0.1376253366470337,0.5751433251433247
348,1.5452580451965332,0.0004414840368553996,0.0003324970602989197,9.154032707214355,0.16134904325008392,0.5833333333333329,0.13826967775821686,0.5774467649467646
349,1.792943000793457,0.0006440907018259168,0.00019302219152450562,8.838172912597656,0.15841704607009888,0.5572916666666666,0.13734588027000427,0.5771908271908271
350,1.659845232963562,0.0002515985397621989,0.0002222806215286255,8.864877700805664,0.1528177708387375,0.5833333333333329,0.1369454711675644,0.5771055146055143
351,1.6623035669326782,0.000496111111715436,0.00024402141571044922,8.936073303222656,0.13937829434871674,0.5746527777777777,0.13534563779830933,0.5766789516789517
352,1.7701239585876465,0.0011434932239353657,0.0002620294690132141,9.146286964416504,0.1370433270931244,0.561631944444444,0.13424848020076752,0.5782998907998904
353,1.7869714498519897,0.0004936150508001447,0.000211276113986969,9.13021469116211,0.18663924932479858,0.6614583333333329,0.1343332678079605,0.5762523887523885
354,1.607229232788086,0.0003749467432498932,0.00017850100994110107,9.321051597595215,0.13129274547100067,0.5703124999999998,0.13267327845096588,0.5788117663117659
355,1.7292362451553345,0.0003044141922146082,0.00030619651079177856,8.66524887084961,0.13686124980449677,0.5572916666666666,0.14004160463809967,0.575996450996451
356,1.727707028388977,0.0010747796623036265,0.00014635175466537476,9.229082107543945,0.17907509207725525,0.6223958333333329,0.13876385986804962,0.5768495768495768
357,1.6831806898117065,0.0002007556613534689,0.00022257119417190552,9.33453369140625,0.21053822338581085,0.5789930555555556,0.13650231063365936,0.5769348894348891
358,1.6252970695495605,0.0005456357612274587,0.0002631768584251404,8.875994682312012,0.1920817494392395,0.5355902777777777,0.135677307844162,0.5765083265083265
359,1.8454524278640747,0.00029674149118363857,0.00019813328981399536,8.775187492370605,0.18540869653224945,0.6180555555555556,0.13729169964790344,0.5782145782145781
360,1.6312450170516968,0.001062957220710814,0.0002540573477745056,9.172815322875977,0.16333240270614624,0.5746527777777777,0.13339227437973022,0.5784705159705156
361,1.8269717693328857,0.0006933647091500461,0.0001341700553894043,9.22439956665039,0.1432584971189499,0.5399305555555556,0.13443654775619507,0.5771055146055143
362,1.7495657205581665,0.00048604008043184876,0.00013593584299087524,8.873710632324219,0.1350087970495224,0.5442708333333329,0.13771940767765045,0.5760817635817633
363,1.627681016921997,0.0005938149406574667,0.00021120160818099976,9.340717315673828,0.17999814450740814,0.5876736111111108,0.1390421837568283,0.575740513240513
364,1.6529111862182617,0.00038141163531690836,0.0002754330635070801,9.311708450317383,0.09925050288438797,0.6050347222222219,0.13559424877166748,0.5787264537264536
365,1.754666805267334,0.00023673046962358057,0.00024309009313583374,9.299391746520996,0.16978862881660461,0.6484374999999998,0.1324475109577179,0.5749726999726995
366,1.7445201873779297,0.0005000530509278178,0.00018449127674102783,8.923952102661133,0.1555413156747818,0.600694444444444,0.1381157636642456,0.5760817635817633
367,1.781124472618103,0.0003209229907952249,0.0001499652862548828,8.811509132385254,0.18065181374549866,0.5963541666666666,0.13472554087638855,0.5765936390936388
368,1.7362786531448364,0.00042102066799998283,0.000189952552318573,8.994260787963867,0.19116932153701782,0.600694444444444,0.13066981732845306,0.5776173901173898
369,1.6011548042297363,0.00038662657607346773,0.00018209964036941528,9.088743209838867,0.17114703357219696,0.5442708333333329,0.13672100007534027,0.5759111384111382
370,1.6417814493179321,0.00021253895829431713,0.0002239421010017395,8.922638893127441,0.16119085252285004,0.4878472222222219,0.13694098591804504,0.5777027027027026
371,1.6778862476348877,0.0002963742590509355,0.00017334520816802979,8.992429733276367,0.14036478102207184,0.600694444444444,0.1382756531238556,0.5771055146055143
372,1.79139244556427,0.0008398006903007627,0.00019486993551254272,9.051248550415039,0.26957619190216064,0.5789930555555556,0.13591231405735016,0.5774467649467646
373,1.6907844543457031,0.00023002782836556435,0.00034840404987335205,8.896158218383789,0.15256871283054352,0.5876736111111108,0.13431282341480255,0.5764230139230136
374,1.6866400241851807,0.0004413375863805413,0.0001422688364982605,9.381898880004883,0.1598120927810669,0.6223958333333329,0.13627395033836365,0.5766789516789517
375,1.7608966827392578,0.00034490623511373997,0.0003010556101799011,9.165199279785156,0.21183469891548157,0.5486111111111108,0.13089865446090698,0.575740513240513
376,1.7014904022216797,0.00031598814530298114,0.00017804652452468872,9.169358253479004,0.10491146147251129,0.5269097222222219,0.1384778767824173,0.576764264264264
377,1.6398767232894897,-1.6042671632021666e-05,0.000332564115524292,9.05525016784668,0.15470409393310547,0.5399305555555556,0.13581310212612152,0.5782145782145781
378,1.7284213304519653,0.00041567039443179965,0.0002946630120277405,9.016172409057617,0.16121558845043182,0.5052083333333329,0.13227923214435577,0.577020202020202
379,1.5992908477783203,0.00015430455096065998,0.00030028820037841797,8.830711364746094,0.1646462082862854,0.4965277777777777,0.13573497533798218,0.5763377013377013
380,1.736448884010315,0.0005103408475406468,9.886175394058228e-05,8.99067497253418,0.08127383887767792,0.6093749999999998,0.13756126165390015,0.5782998907998904
381,1.6029608249664307,0.00028326030587777495,0.0002522021532058716,9.203107833862305,0.13510704040527344,0.5269097222222219,0.13579431176185608,0.578043953043953
382,1.7958073616027832,0.00030365376733243465,0.0002840757369995117,9.320691108703613,0.12723729014396667,0.6267361111111108,0.13672131299972534,0.575740513240513
383,1.8177354335784912,0.0002451122854836285,0.00025988370180130005,8.918848037719727,0.1740526705980301,0.5746527777777777,0.13672704994678497,0.5765083265083265
384,1.6938626766204834,0.0002505213487893343,0.0001907050609588623,8.856246948242188,0.17370247840881348,0.5312499999999998,0.13663679361343384,0.5774467649467646
385,1.6429152488708496,0.000405056809540838,0.0001728460192680359,8.79970932006836,0.14112257957458496,0.5529513888888887,0.13726305961608887,0.5777880152880149
386,1.708986520767212,0.0002291204291395843,0.00021911412477493286,9.182780265808105,0.12419881671667099,0.5659722222222219,0.14054538309574127,0.5784705159705156
387,1.6762539148330688,0.0005578778800554574,0.00022996217012405396,9.026091575622559,0.13529744744300842,0.6223958333333329,0.1355079710483551,0.5763377013377013
388,1.549515724182129,0.00027224753284826875,0.00026076287031173706,9.09658145904541,0.133518785238266,0.5312499999999998,0.14082373678684235,0.5765936390936388
389,1.5943022966384888,0.0004374251002445817,0.00031331926584243774,8.853944778442383,0.14922688901424408,0.561631944444444,0.13689111173152924,0.5759111384111382
390,1.7975780963897705,0.00013513435260392725,0.00023680925369262695,9.259401321411133,0.17108210921287537,0.5746527777777777,0.13881400227546692,0.5765083265083265
391,1.620953917503357,0.00040475680725649,0.0003293082118034363,9.205829620361328,0.14736908674240112,0.6267361111111108,0.1356174647808075,0.5766789516789517
392,1.7941876649856567,0.0001110824232455343,0.0003290325403213501,9.079221725463867,0.13671883940696716,0.5269097222222219,0.1380687952041626,0.577020202020202
393,1.7603222131729126,0.0005902204429730773,0.00014097243547439575,8.88045883178711,0.1334933191537857,0.6440972222222219,0.13458110392093658,0.5746314496314492
394,1.7102322578430176,0.0006150898989289999,0.00028568506240844727,9.026169776916504,0.16052982211112976,0.5833333333333329,0.13956700265407562,0.5765936390936388
395,1.6670753955841064,0.00018723099492490292,0.0002576187252998352,9.01820182800293,0.14296387135982513,0.5789930555555556,0.1342010796070099,0.5762523887523885
396,1.6004140377044678,0.0003404701710678637,0.0002630501985549927,9.094291687011719,0.17068198323249817,0.5572916666666666,0.1366826742887497,0.5784705159705156
397,1.6971702575683594,6.455520633608103e-05,0.00033417344093322754,8.976503372192383,0.11283551156520844,0.6484374999999998,0.13964128494262695,0.5749726999726995
398,1.6831717491149902,0.0002954269293695688,0.0002949237823486328,8.926095962524414,0.12358807027339935,0.6354166666666666,0.13652364909648895,0.5763377013377013
399,1.784223198890686,0.0005373753374442458,0.00019244849681854248,8.583816528320312,0.18114235997200012,0.561631944444444,0.1381377875804901,0.5758258258258259
