,loss_g,loss_d,train_wd,train_ce_d,train_mse,train_acc,test_mse,test_acc
0,2.45706844329834,8.782524108886719,-0.00013390928506851196,8.77874755859375,0.19103996455669403,0.06249999999999978,0.1553860455751419,0.17733073983073944
1,2.445003032684326,8.172402381896973,-0.00011304020881652832,8.774133682250977,0.1757558137178421,0.15798611111111083,0.1511821150779724,0.18099918099918066
2,2.088813304901123,7.429219722747803,1.3984739780426025e-05,9.12441349029541,0.17858470976352692,0.13194444444444398,0.1542411744594574,0.18125511875511868
3,2.135840892791748,6.600644111633301,5.058944225311279e-05,9.10750961303711,0.14541426301002502,0.24913194444444398,0.15204259753227234,0.17536855036855037
4,2.217562198638916,5.506799221038818,-0.0004308968782424927,9.067497253417969,0.2917388379573822,0.07986111111111083,0.15158040821552277,0.1816816816816813
5,2.1795172691345215,3.912764072418213,0.0006979107856750488,9.119580268859863,0.18652990460395813,0.22743055555555558,0.15651802718639374,0.18185230685230647
6,2.063088893890381,2.228548765182495,-8.651614189147949e-05,9.033885955810547,0.16354669630527496,0.17968749999999978,0.16415566205978394,0.17707480207480197
7,2.4642584323883057,2.459656000137329,-1.9222497940063477e-05,8.813809394836426,0.22313058376312256,0.12760416666666663,0.15801158547401428,0.17553917553917553
8,2.558652400970459,2.24465274810791,-0.00040905922651290894,8.803133964538574,0.21549606323242188,0.06684027777777768,0.15724967420101166,0.1718707343707343
9,2.4041407108306885,2.4478254318237305,0.0001161620020866394,8.970832824707031,0.21196961402893066,0.07986111111111083,0.16128067672252655,0.17647761397761363
10,2.235400915145874,1.7449359893798828,0.0007171481847763062,9.097602844238281,0.1831107884645462,0.11024305555555558,0.162127286195755,0.16734916734916727
11,2.4298019409179688,2.148371696472168,0.0005892515182495117,8.84985065460205,0.16379192471504211,0.18402777777777768,0.1605054885149002,0.1701644826644827
12,2.160684108734131,1.6906927824020386,-2.9496848583221436e-05,9.190258979797363,0.14370830357074738,0.19270833333333293,0.1583947241306305,0.16982323232323238
13,2.2953858375549316,1.7898578643798828,0.0004844292998313904,8.903127670288086,0.3021681308746338,0.14930555555555558,0.15874242782592773,0.16931135681135634
14,2.4283902645111084,1.9699101448059082,0.0009681060910224915,8.973649024963379,0.20556040108203888,0.15798611111111083,0.1589544713497162,0.16905541905541888
15,2.6033594608306885,1.75914466381073,-0.0002462118864059448,8.745524406433105,0.22147463262081146,0.11458333333333293,0.1633830964565277,0.16794635544635506
16,2.2490556240081787,1.5270898342132568,0.0002973005175590515,9.057777404785156,0.16529740393161774,0.24045138888888873,0.1583934724330902,0.17144417144417112
17,2.2763116359710693,1.2738068103790283,7.196515798568726e-05,9.040389060974121,0.24887213110923767,0.14930555555555558,0.16064287722110748,0.170249795249795
18,2.1194183826446533,1.1034435033798218,0.00044468045234680176,9.171625137329102,0.1975419670343399,0.19270833333333293,0.14875735342502594,0.17212667212667176
19,2.045379877090454,0.714289665222168,-0.00016289204359054565,9.252012252807617,0.16638146340847015,0.15364583333333293,0.14753884077072144,0.17289448539448526
20,2.1367762088775635,0.662787914276123,-0.0005657151341438293,9.105508804321289,0.23136073350906372,0.19270833333333293,0.1487739533185959,0.16760510510510473
21,2.107518434524536,0.5418374538421631,0.00011798739433288574,9.158439636230469,0.13176469504833221,0.2534722222222219,0.1481788456439972,0.1748566748566749
22,2.384490489959717,0.4433318078517914,-0.0001557767391204834,8.920857429504395,0.14424441754817963,0.21006944444444398,0.14864200353622437,0.17238260988260978
23,2.2858729362487793,0.30799129605293274,-5.754828453063965e-05,8.952326774597168,0.1558246612548828,0.21006944444444398,0.1475445181131363,0.17118823368823366
24,2.553057909011841,0.3220760226249695,-0.0001756325364112854,8.757431983947754,0.20485574007034302,0.19270833333333293,0.1422176957130432,0.18134043134043099
25,2.3009145259857178,0.2272966206073761,0.0003097429871559143,9.022382736206055,0.21890473365783691,0.17534722222222188,0.14579737186431885,0.1752832377832375
26,2.419713020324707,0.24166277050971985,0.00017217546701431274,8.987814903259277,0.14339269697666168,0.16666666666666663,0.14326651394367218,0.17468604968604973
27,1.9816319942474365,0.1820693016052246,1.9840896129608154e-05,9.246323585510254,0.18577320873737335,0.24479166666666663,0.14178767800331116,0.17929292929292906
28,2.306239604949951,0.1541319191455841,0.00014240294694900513,8.962820053100586,0.20186257362365723,0.14930555555555558,0.14224255084991455,0.17059104559104532
29,2.375673770904541,0.11153754591941833,0.000357799232006073,8.903947830200195,0.20359031856060028,0.09722222222222188,0.14535757899284363,0.17434479934479885
30,2.1164941787719727,0.12994691729545593,-4.477053880691528e-05,9.072294235229492,0.223560631275177,0.21440972222222188,0.14404790103435516,0.17135885885885882
31,2.427752733230591,0.08450954407453537,0.0001576244831085205,8.797147750854492,0.2044614553451538,0.04079861111111083,0.14677736163139343,0.17340636090636075
32,1.9576330184936523,0.06911391019821167,-0.00032608211040496826,9.328697204589844,0.21573252975940704,0.21874999999999978,0.14362432062625885,0.17144417144417112
33,2.337141513824463,0.07464883476495743,0.00015608221292495728,9.001551628112793,0.1662861704826355,0.11458333333333293,0.1433234065771103,0.17758667758667745
34,2.238311290740967,0.06519944220781326,-0.0002064332365989685,9.05870532989502,0.14417585730552673,0.14930555555555558,0.14273682236671448,0.1735769860769859
35,2.2148261070251465,0.054634690284729004,-0.00012229382991790771,9.052484512329102,0.17083704471588135,0.18836805555555558,0.1409091055393219,0.16973791973791952
36,2.1911516189575195,0.0628417581319809,-9.819865226745605e-05,9.076926231384277,0.20097702741622925,0.18402777777777768,0.1456860452890396,0.17971949221949224
37,2.247121572494507,0.05022384971380234,-0.0002010539174079895,9.129405975341797,0.20002864301204681,0.17100694444444398,0.13953854143619537,0.17707480207480197
38,2.447633743286133,0.03317902982234955,-0.0002169981598854065,8.733502388000488,0.22257652878761292,0.13194444444444398,0.13979654014110565,0.1660694785694783
39,2.001959800720215,0.033611126244068146,1.9848346710205078e-05,9.267972946166992,0.2225968986749649,0.2621527777777777,0.1362844705581665,0.17161479661479628
40,2.439997673034668,0.0320635586977005,-3.724545240402222e-05,9.018068313598633,0.1385236531496048,0.13194444444444398,0.14053526520729065,0.1671785421785421
41,2.175485610961914,0.03358643129467964,-0.00013309717178344727,9.251164436340332,0.13766999542713165,0.17968749999999978,0.14232616126537323,0.17178542178542144
42,2.068828582763672,0.03079952299594879,-7.554888725280762e-06,9.27120590209961,0.1483197808265686,0.20138888888888873,0.14109209179878235,0.17400354900354853
43,2.3952722549438477,0.025083718821406364,-0.0001774132251739502,8.870704650878906,0.17176057398319244,0.11892361111111083,0.14050064980983734,0.17562448812448783
44,2.03281307220459,0.02939186990261078,0.00015195459127426147,9.313899040222168,0.29745951294898987,0.17968749999999978,0.13652336597442627,0.17135885885885882
45,2.242382049560547,0.03219865635037422,-0.00020783394575119019,8.99087142944336,0.19503462314605713,0.19270833333333293,0.1379459947347641,0.17895167895167874
46,2.1836516857147217,0.027447354048490524,8.59871506690979e-05,9.085589408874512,0.11700330674648285,0.23611111111111083,0.13536623120307922,0.17042042042042016
47,2.401160717010498,0.025904905050992966,-9.025633335113525e-05,8.817668914794922,0.15672996640205383,0.17534722222222188,0.1302710324525833,0.17553917553917553
48,2.3585124015808105,0.027030648663640022,0.0002635195851325989,9.017121315002441,0.17500796914100647,0.19270833333333293,0.13551130890846252,0.1766482391482388
49,2.4214539527893066,0.01854868233203888,-0.0005099102854728699,8.955009460449219,0.14731371402740479,0.13628472222222188,0.1324739307165146,0.1749419874419872
50,1.882482647895813,0.013021696358919144,-0.00014819949865341187,9.490777969360352,0.14112703502178192,0.18402777777777768,0.1351575404405594,0.17477136227136203
51,2.0344529151916504,0.01808650605380535,-0.00027288496494293213,9.200197219848633,0.21659597754478455,0.24479166666666663,0.13747359812259674,0.17434479934479885
52,2.212379217147827,0.018346473574638367,-0.0002695247530937195,9.218969345092773,0.20345021784305573,0.03211805555555558,0.13734784722328186,0.17869574119574072
53,2.544121503829956,0.012173514813184738,-7.271021604537964e-05,8.750097274780273,0.16950657963752747,0.053819444444443976,0.13500763475894928,0.18091386841386836
54,2.3202106952667236,0.014964248985052109,-0.0001186951994895935,8.827534675598145,0.1685427576303482,0.24045138888888873,0.13522422313690186,0.17878105378105358
55,2.3847362995147705,0.014326211996376514,0.00012306123971939087,8.929947853088379,0.15747366845607758,0.08854166666666663,0.13649515807628632,0.17809855309855294
56,2.282465696334839,0.015220697969198227,-0.0003665313124656677,8.905228614807129,0.16195163130760193,0.11024305555555558,0.14055660367012024,0.1808285558285555
57,2.221341609954834,0.015816835686564445,3.777444362640381e-05,8.984944343566895,0.20255839824676514,0.20138888888888873,0.13861647248268127,0.17553917553917553
58,2.3649790287017822,0.012605820782482624,-4.931539297103882e-05,8.914681434631348,0.1886139065027237,0.19270833333333293,0.13604451715946198,0.17076167076167048
59,2.3120081424713135,0.013868370093405247,9.231269359588623e-05,9.05025577545166,0.1391618251800537,0.18836805555555558,0.13416044414043427,0.16990854490854468
60,2.390484571456909,0.011345050297677517,-0.00028087198734283447,8.905746459960938,0.1414499133825302,0.16666666666666663,0.13039657473564148,0.1685435435435434
61,2.270325183868408,0.009875939227640629,-0.0003282204270362854,9.033732414245605,0.15647315979003906,0.24045138888888873,0.1306847482919693,0.17775730275730262
62,1.9080356359481812,0.010947434231638908,-0.0003363862633705139,9.453721046447754,0.1292504072189331,0.24479166666666663,0.12978124618530273,0.17588042588042585
63,2.1953446865081787,0.009548172354698181,-7.42301344871521e-05,9.15258502960205,0.1559523046016693,0.11892361111111083,0.13203896582126617,0.18065793065793034
64,2.228400468826294,0.008647550828754902,-0.00010398030281066895,9.064591407775879,0.15891213715076447,0.22743055555555558,0.1334862858057022,0.1769041769041768
65,2.4667561054229736,0.007742004469037056,0.00010260194540023804,8.680075645446777,0.182049959897995,0.08854166666666663,0.13096736371517181,0.1855207480207477
66,2.2614073753356934,0.010783969424664974,0.00014358758926391602,8.968500137329102,0.1649935394525528,0.18402777777777768,0.13640820980072021,0.18023136773136772
67,2.275397539138794,0.010796165093779564,-8.42660665512085e-05,9.051555633544922,0.1850275844335556,0.07986111111111083,0.13520072400569916,0.17622167622167617
68,2.006930351257324,0.011503851041197777,-9.2335045337677e-05,9.282644271850586,0.12109789997339249,0.2751736111111108,0.12871293723583221,0.1824494949494948
69,2.423947811126709,0.012793188914656639,-0.0002851635217666626,8.849929809570312,0.1481383591890335,0.14062499999999978,0.12920531630516052,0.17289448539448526
70,2.0617997646331787,0.00822476763278246,1.8700957298278809e-06,9.1675443649292,0.12401745468378067,0.20572916666666663,0.13006556034088135,0.17920761670761676
71,2.494853973388672,0.0122096361592412,-0.00021491944789886475,8.852280616760254,0.15194670855998993,0.12326388888888873,0.1253480315208435,0.17562448812448783
72,2.689517021179199,0.013124953024089336,-3.939121961593628e-05,8.672609329223633,0.17658095061779022,0.07552083333333293,0.12895114719867706,0.1710176085176085
73,2.6489384174346924,0.008363798260688782,-0.00018165260553359985,8.605521202087402,0.14911583065986633,0.036458333333332926,0.1256493777036667,0.18202293202293163
74,2.3175978660583496,0.007902090437710285,0.0002423301339149475,8.960243225097656,0.16401754319667816,0.12760416666666663,0.12780936062335968,0.1791223041223039
75,2.481027841567993,0.005841493606567383,-0.0002801865339279175,8.970338821411133,0.11684459447860718,0.17968749999999978,0.13037854433059692,0.17562448812448783
76,1.9977538585662842,0.009606234729290009,-9.382516145706177e-05,9.355833053588867,0.18339793384075165,0.2708333333333329,0.1255207359790802,0.1766482391482388
77,2.473294496536255,0.005708049982786179,-0.0002584680914878845,8.879770278930664,0.1454598605632782,0.24479166666666663,0.12458667904138565,0.1727238602238601
78,2.4187004566192627,0.0052541145123541355,9.845942258834839e-05,8.9100980758667,0.15248100459575653,0.036458333333332926,0.12582989037036896,0.18125511875511868
79,1.8068264722824097,0.007382379844784737,0.00021120160818099976,9.474924087524414,0.16021034121513367,0.21440972222222188,0.12940602004528046,0.1757098007098007
80,2.2591917514801025,0.006700227968394756,3.886967897415161e-05,9.12480640411377,0.1653779000043869,0.21874999999999978,0.1266590803861618,0.17886636636636588
81,2.3222477436065674,0.005736822262406349,-0.00019656121730804443,9.039714813232422,0.18028122186660767,0.10590277777777768,0.12920504808425903,0.17937824187824192
82,2.2848222255706787,0.006879436783492565,-1.4230608940124512e-05,8.98105525970459,0.16831623017787933,0.19704861111111083,0.12943799793720245,0.1733210483210479
83,2.474250316619873,0.0069608381018042564,-0.00011858344078063965,8.761098861694336,0.13353116810321808,0.17100694444444398,0.13129620254039764,0.1766482391482388
84,2.3491649627685547,0.007343528792262077,-0.0003124326467514038,8.863632202148438,0.19930647313594818,0.14496527777777768,0.1263841688632965,0.17204135954135946
85,2.136233329772949,0.004008375573903322,-1.4938414096832275e-05,9.259532928466797,0.1334071159362793,0.11458333333333293,0.1270914226770401,0.17007917007916984
86,2.487276554107666,0.004796590656042099,-2.9139220714569092e-05,8.944975852966309,0.19933980703353882,0.13628472222222188,0.12600789964199066,0.17084698334698334
87,2.4008305072784424,0.004995022900402546,7.839500904083252e-05,8.908862113952637,0.14239297807216644,0.16232638888888873,0.125825434923172,0.17297979797979757
88,2.5458195209503174,0.006081536412239075,-0.00029075145721435547,8.77305793762207,0.12286181002855301,0.14062499999999978,0.1241736188530922,0.17093229593229564
89,2.356765031814575,0.0048120650462806225,-8.402019739151001e-05,8.963168144226074,0.13031740486621857,0.13194444444444398,0.12611548602581024,0.17229729729729693
90,2.18778133392334,0.005313991103321314,-0.00021900981664657593,9.16268539428711,0.15170150995254517,0.05815972222222188,0.13043943047523499,0.17289448539448526
91,2.1715917587280273,0.006038724444806576,-8.994340896606445e-05,9.114794731140137,0.18346671760082245,0.20572916666666663,0.12995611131191254,0.16982323232323238
92,2.0591001510620117,0.00649230694398284,-0.00010160356760025024,9.208720207214355,0.13789111375808716,0.21440972222222188,0.13017655909061432,0.16734916734916727
93,2.5302574634552,0.008671199902892113,-0.00024233758449554443,8.84363842010498,0.1945478767156601,0.08420138888888873,0.1256987601518631,0.16828760578760538
94,1.7432382106781006,0.004894141107797623,2.7470290660858154e-05,9.563855171203613,0.18300460278987885,0.19270833333333293,0.1286105364561081,0.1647897897897893
95,2.35233998298645,0.005164246540516615,0.00010091811418533325,8.93416976928711,0.18567217886447906,0.16232638888888873,0.13191290199756622,0.16257166257166222
96,2.088366746902466,0.0059404680505394936,-0.0003268048167228699,9.213979721069336,0.20532745122909546,0.16232638888888873,0.12909655272960663,0.16410728910728867
97,2.199944496154785,0.004645815584808588,-0.000278569757938385,9.123956680297852,0.15666858851909637,0.16666666666666663,0.12713640928268433,0.16419260169260153
98,2.043017864227295,0.004835393279790878,-3.596395254135132e-05,9.21889591217041,0.17080183327198029,0.10590277777777768,0.12895061075687408,0.16188916188916158
99,2.571855306625366,0.00474966736510396,-0.0001733154058456421,8.879549026489258,0.15535715222358704,0.21006944444444398,0.12913569808006287,0.16316885066885056
100,2.2788279056549072,0.006298161577433348,-6.26593828201294e-05,9.080892562866211,0.17172910273075104,0.11024305555555558,0.12994524836540222,0.1654722904722905
101,2.224498987197876,0.004841001238673925,7.200241088867188e-05,9.19430160522461,0.12001606076955795,0.23177083333333293,0.13152480125427246,0.1660694785694783
102,1.9708166122436523,0.0042034778743982315,-8.791685104370117e-05,9.296079635620117,0.17458023130893707,0.21006944444444398,0.13367442786693573,0.16180384930384928
103,2.5510334968566895,0.004853574093431234,1.5757977962493896e-05,8.694985389709473,0.15152427554130554,0.10156249999999978,0.13507302105426788,0.15941509691509648
104,2.190192937850952,0.005012174136936665,-2.0802021026611328e-05,9.03292179107666,0.14129209518432617,0.24913194444444398,0.13390333950519562,0.16538697788697765
105,2.4035801887512207,0.004525099880993366,-5.163252353668213e-05,8.90166187286377,0.18270623683929443,0.18836805555555558,0.13023018836975098,0.16700791700791695
106,2.220355987548828,0.0049158912152051926,-0.00018628686666488647,9.119206428527832,0.1639249324798584,0.22743055555555558,0.12962599098682404,0.16513104013104019
107,2.3401038646698,0.004237142391502857,5.6356191635131836e-05,8.911969184875488,0.15247949957847595,0.023437499999999778,0.1297091543674469,0.1605241605241603
108,2.23392391204834,0.006426706910133362,-0.0004944652318954468,8.98751449584961,0.16314023733139038,0.17100694444444398,0.12732934951782227,0.16351010101010088
109,2.4947800636291504,0.005177786573767662,-5.6236982345581055e-05,8.785776138305664,0.17316187918186188,0.15364583333333293,0.12837091088294983,0.16419260169260153
110,2.450082778930664,0.004590499214828014,-0.00013584643602371216,8.726844787597656,0.16976633667945862,0.12326388888888873,0.12700355052947998,0.1622304122304119
111,2.4431169033050537,0.004291759338229895,-7.047504186630249e-05,9.001993179321289,0.13742579519748688,0.17100694444444398,0.1280801147222519,0.16794635544635506
112,2.4450910091400146,0.0032951156608760357,-0.000231817364692688,8.870777130126953,0.22550709545612335,0.11892361111111083,0.12379330396652222,0.16146259896259896
113,2.109043598175049,0.005945289507508278,8.06078314781189e-05,9.169050216674805,0.12121246010065079,0.14930555555555558,0.127399742603302,0.16316885066885056
114,2.3046576976776123,0.0033177202567458153,6.668269634246826e-06,9.094340324401855,0.15374816954135895,0.15798611111111083,0.12790174782276154,0.16342478842478803
115,2.4196617603302,0.004079324193298817,-0.00023524463176727295,8.896281242370605,0.1433345079421997,0.12326388888888873,0.12986761331558228,0.16427791427791383
116,2.399832248687744,0.004284033086150885,0.0001746043562889099,8.90759563446045,0.18067218363285065,0.18836805555555558,0.1271311640739441,0.16734916734916727
117,2.006033182144165,0.0032257416751235723,-0.00016383826732635498,9.20192813873291,0.15398740768432617,0.27951388888888873,0.1293575018644333,0.16060947310947316
118,2.1492769718170166,0.003827923908829689,-2.421438694000244e-06,9.05322551727295,0.1494426280260086,0.23177083333333293,0.12883257865905762,0.16675197925197893
119,2.2083466053009033,0.003882146906107664,-5.647540092468262e-05,9.031593322753906,0.16713739931583405,0.08854166666666663,0.12612488865852356,0.15856197106197067
120,2.277806282043457,0.002706828061491251,-1.3478100299835205e-05,9.039388656616211,0.1607283353805542,0.24913194444444398,0.12875643372535706,0.1639366639366635
121,2.3822619915008545,0.003580892225727439,1.9147992134094238e-05,9.037961959838867,0.2092301845550537,0.09722222222222188,0.12806996703147888,0.1669226044226041
122,2.225144147872925,0.003937853500247002,-0.0001034662127494812,9.06790828704834,0.15408353507518768,0.16666666666666663,0.12707951664924622,0.16282760032760024
123,2.3254895210266113,0.004339116159826517,-1.2248754501342773e-05,9.026803016662598,0.1793871968984604,0.16666666666666663,0.12846696376800537,0.1664107289107286
124,2.2464163303375244,0.003589221742004156,6.834417581558228e-05,9.070712089538574,0.14032238721847534,0.14062499999999978,0.12755928933620453,0.16095072345072348
125,2.2064902782440186,0.004199566785246134,1.6339123249053955e-05,9.133833885192871,0.15195900201797485,0.21440972222222188,0.1280333250761032,0.16316885066885056
126,2.3144516944885254,0.0035596396774053574,-7.940083742141724e-05,8.9095458984375,0.18528775870800018,0.19270833333333293,0.1310773342847824,0.1655576030576028
127,2.2150230407714844,0.001996510662138462,1.3142824172973633e-05,8.972848892211914,0.14776058495044708,0.13194444444444398,0.13021579384803772,0.16368072618072604
128,2.3848936557769775,0.004294656682759523,-4.503875970840454e-05,8.86111831665039,0.14758872985839844,0.18402777777777768,0.1269126832485199,0.1621450996450996
129,2.3397674560546875,0.004573768004775047,-5.678832530975342e-05,9.010839462280273,0.17216038703918457,0.09288194444444398,0.12817390263080597,0.16760510510510473
130,2.1796746253967285,0.003667331300675869,-2.5995075702667236e-05,9.0404634475708,0.16727128624916077,0.20572916666666663,0.12832705676555634,0.15924447174447132
131,2.2531986236572266,0.0032212298829108477,-6.66305422782898e-05,8.93429183959961,0.15969792008399963,0.12760416666666663,0.1295817643404007,0.1597563472563468
132,2.384908437728882,0.0035236089024692774,-7.349997758865356e-05,8.969143867492676,0.18151207268238068,0.13628472222222188,0.1294132024049759,0.16146259896259896
133,2.1645596027374268,0.003266692627221346,-7.256865501403809e-06,9.043664932250977,0.19329136610031128,0.13628472222222188,0.128690704703331,0.16274228774228738
134,2.2855870723724365,0.0026557459495961666,0.00010970979928970337,9.060368537902832,0.1725381314754486,0.17968749999999978,0.12928058207035065,0.1580500955500952
135,2.267256021499634,0.0028886660002171993,0.0003180503845214844,9.055150985717773,0.1675029695034027,0.11458333333333293,0.1292494833469391,0.15736759486759455
136,2.0375797748565674,0.005079447757452726,-9.365379810333252e-06,9.347206115722656,0.15765298902988434,0.22743055555555558,0.1304170936346054,0.16163322413322412
137,2.408367156982422,0.0028430598322302103,4.939734935760498e-06,8.908869743347168,0.22926633059978485,0.13628472222222188,0.1302114874124527,0.16359541359541319
138,1.9950686693191528,0.002465215977281332,5.3979456424713135e-05,9.268144607543945,0.15745973587036133,0.17534722222222188,0.1334250122308731,0.16001228501228482
139,2.2748303413391113,0.002142431912943721,-7.6070427894592285e-06,9.062549591064453,0.17184564471244812,0.17968749999999978,0.12971200048923492,0.16240103740103706
140,1.9671298265457153,0.005673651583492756,0.00011138617992401123,9.347270965576172,0.167469322681427,0.2708333333333329,0.13039523363113403,0.16589885339885313
141,1.9669592380523682,0.003249066649004817,-1.7173588275909424e-05,9.394486427307129,0.15816248953342438,0.23611111111111083,0.1323656588792801,0.16845823095823054
142,2.3784470558166504,0.003179907565936446,3.5896897315979004e-05,9.062760353088379,0.14271602034568787,0.18836805555555558,0.13133671879768372,0.16538697788697765
143,2.119128942489624,0.003023742698132992,0.00011248141527175903,9.24021053314209,0.15518662333488464,0.18836805555555558,0.1338987797498703,0.1630835380835377
144,2.3059849739074707,0.002917537000030279,-5.695223808288574e-05,8.948603630065918,0.17265351116657257,0.13628472222222188,0.13174405694007874,0.16325416325416287
145,2.1417346000671387,0.003566947067156434,0.00010417401790618896,9.10998821258545,0.23577190935611725,0.16232638888888873,0.13326790928840637,0.1612919737919738
146,2.2171647548675537,0.0030286090914160013,-0.00010783970355987549,9.23579216003418,0.16009190678596497,0.21440972222222188,0.13382451236248016,0.16291291291291254
147,2.1704089641571045,0.002515872474759817,-6.929785013198853e-05,9.185471534729004,0.20394505560398102,0.17534722222222188,0.13358280062675476,0.16376603876603835
148,2.2304041385650635,0.002777586691081524,-8.289515972137451e-05,9.007174491882324,0.16645051538944244,0.14496527777777768,0.1352372169494629,0.16888479388479372
149,2.2733824253082275,0.0017637513810768723,0.0001822337508201599,9.132551193237305,0.15554651618003845,0.22309027777777768,0.1330655962228775,0.16026822276822228
150,2.167236089706421,0.002935167867690325,-8.88630747795105e-05,9.134580612182617,0.18826472759246826,0.13628472222222188,0.13154450058937073,0.16282760032760024
151,2.160078525543213,0.0034532651770859957,-0.00014087557792663574,9.196391105651855,0.18596935272216797,0.14930555555555558,0.13528509438037872,0.15864728364728353
152,2.3556673526763916,0.0034334715455770493,-2.7045607566833496e-05,8.910126686096191,0.22447612881660461,0.12760416666666663,0.1332853138446808,0.1571969696969694
153,1.9944255352020264,0.0031612925231456757,-0.000163346529006958,9.285531997680664,0.1581173539161682,0.2664930555555556,0.13348981738090515,0.16197447447447444
154,2.506251811981201,0.0031802235171198845,4.9017369747161865e-05,8.870773315429688,0.18249757587909698,0.08420138888888873,0.13563062250614166,0.15839134589134551
155,2.3702361583709717,0.0022786040790379047,-6.330758333206177e-05,8.88685131072998,0.16523213684558868,0.12326388888888873,0.1328580677509308,0.1622304122304119
156,2.1234629154205322,0.00359600898809731,4.29302453994751e-05,9.118927955627441,0.13187937438488007,0.22743055555555558,0.134485125541687,0.16043884793884744
157,2.538024425506592,0.003126904834061861,-9.29906964302063e-05,8.776403427124023,0.19355693459510803,0.13628472222222188,0.13214823603630066,0.1622304122304119
158,2.250019073486328,0.00284760445356369,0.0001391097903251648,9.128917694091797,0.13985472917556763,0.20572916666666663,0.1333538293838501,0.16419260169260153
159,2.349515199661255,0.0022482057102024555,0.0001755356788635254,8.936643600463867,0.13314853608608246,0.16232638888888873,0.131031334400177,0.1621450996450996
160,2.3248400688171387,0.0020203213207423687,-6.813555955886841e-05,9.101243019104004,0.20444656908512115,0.09722222222222188,0.1336938887834549,0.16197447447447444
161,2.314448833465576,0.002693931572139263,6.407499313354492e-07,9.116254806518555,0.14359185099601746,0.11024305555555558,0.13321925699710846,0.16368072618072604
162,2.517085075378418,0.002927076769992709,-8.685141801834106e-05,8.816563606262207,0.17376357316970825,0.13628472222222188,0.13303810358047485,0.15822072072072035
163,2.294191837310791,0.00283558527007699,9.416043758392334e-05,9.025625228881836,0.1341782957315445,0.17534722222222188,0.13668859004974365,0.16086541086541062
164,2.3112406730651855,0.002501217881217599,-0.00012752413749694824,8.990326881408691,0.18318799138069153,0.12326388888888873,0.13394224643707275,0.16538697788697765
165,2.2652387619018555,0.0017332403222098947,7.048994302749634e-05,9.08993148803711,0.13758544623851776,0.13628472222222188,0.13330917060375214,0.16274228774228738
166,2.044482469558716,0.001673922874033451,4.172325134277344e-07,9.223322868347168,0.16218265891075134,0.18402777777777768,0.1377829611301422,0.1583060333060332
167,1.8105586767196655,0.0020328054670244455,0.00013059377670288086,9.519259452819824,0.12692001461982727,0.3446180555555556,0.13443972170352936,0.15540540540540493
168,2.3768022060394287,0.0022880739998072386,0.0002673491835594177,8.877386093139648,0.15215301513671875,0.18402777777777768,0.13353294134140015,0.1532725907725907
169,2.029696464538574,0.0019243790302425623,-3.679096698760986e-05,9.195098876953125,0.15149571001529694,0.20572916666666663,0.13049905002117157,0.15728228228228225
170,2.211198091506958,0.002041302854195237,-3.6172568798065186e-05,9.065879821777344,0.16881130635738373,0.16232638888888873,0.13489903509616852,0.16120666120666094
171,2.1800992488861084,0.0016796640120446682,-2.5309622287750244e-05,9.161524772644043,0.16133280098438263,0.17100694444444398,0.13273106515407562,0.15642915642915645
172,2.054939031600952,0.001722714863717556,6.454437971115112e-05,9.248786926269531,0.19982248544692993,0.20138888888888873,0.13234902918338776,0.16043884793884744
173,2.688506603240967,0.0022228816524147987,0.00012550503015518188,8.736638069152832,0.20515801012516022,0.07552083333333293,0.13458330929279327,0.1612919737919738
174,2.4488718509674072,0.0022029224783182144,3.392994403839111e-05,8.836134910583496,0.1714293360710144,0.13628472222222188,0.1338401883840561,0.1647897897897893
175,2.307277202606201,0.00131964311003685,8.684396743774414e-05,9.030320167541504,0.17580348253250122,0.08420138888888873,0.1340646892786026,0.1647897897897893
176,2.714393377304077,0.002328247297555208,6.0848891735076904e-05,8.499370574951172,0.160228431224823,0.07552083333333293,0.1330270916223526,0.1647897897897893
177,2.4531941413879395,0.0017073102062568069,0.00010988116264343262,9.00793743133545,0.18644393980503082,0.06249999999999978,0.13454343378543854,0.16888479388479372
178,2.4928412437438965,0.0010735433315858245,0.00020370632410049438,8.932425498962402,0.1704106628894806,0.053819444444443976,0.13383473455905914,0.16205978705978674
179,2.300992727279663,0.002121186116710305,3.377348184585571e-05,8.94350814819336,0.15933716297149658,0.12326388888888873,0.13496935367584229,0.16376603876603835
180,2.2368357181549072,0.0018836015369743109,-0.00017582625150680542,9.147292137145996,0.1617857813835144,0.11892361111111083,0.13271120190620422,0.16359541359541319
181,2.0330309867858887,0.0025414759293198586,0.00014930963516235352,9.198054313659668,0.118901826441288,0.24045138888888873,0.1320711374282837,0.16316885066885056
182,2.266047239303589,0.0014368313131853938,-1.856684684753418e-05,9.108649253845215,0.15413780510425568,0.16232638888888873,0.13009393215179443,0.16205978705978674
183,2.2767581939697266,0.0015505143674090505,-2.736598253250122e-05,9.056906700134277,0.17897839844226837,0.14930555555555558,0.1321316957473755,0.16035353535353514
184,1.9742205142974854,0.0018347855657339096,2.555549144744873e-06,9.271517753601074,0.16450248658657074,0.17534722222222188,0.13225440680980682,0.15728228228228225
185,2.7946057319641113,0.0030410815961658955,-8.84905457496643e-05,8.425172805786133,0.20661485195159912,-0.015625000000000222,0.13024555146694183,0.15293134043134038
186,2.207336187362671,0.0018111432436853647,9.638816118240356e-05,9.18700885772705,0.16562038660049438,0.20572916666666663,0.13579627871513367,0.15532009282009263
187,2.404271125793457,0.0014611543156206608,-1.2814998626708984e-05,8.860304832458496,0.1529778242111206,0.08420138888888873,0.13186076283454895,0.15131040131040108
188,2.4151134490966797,0.002563251182436943,-0.00021719187498092651,8.837265014648438,0.18936070799827576,0.17968749999999978,0.12926240265369415,0.15293134043134038
189,2.2597806453704834,0.002356510143727064,3.6172568798065186e-05,9.029216766357422,0.16121943295001984,0.17968749999999978,0.12765803933143616,0.1555760305760301
190,2.212108850479126,0.001434153993614018,-0.0001406744122505188,8.93660831451416,0.1586490273475647,0.18402777777777768,0.13052998483181,0.15310196560196554
191,2.263963460922241,0.0012683887034654617,6.067007780075073e-05,8.995368003845215,0.16957701742649078,0.17968749999999978,0.1292821764945984,0.15574665574665525
192,2.041954755783081,0.001756970421411097,-8.653849363327026e-05,9.261713981628418,0.18149572610855103,0.18402777777777768,0.12982980906963348,0.1541257166257165
193,2.318326234817505,0.0017028043512254953,0.00013267993927001953,8.95067024230957,0.1631595641374588,0.12760416666666663,0.1303470879793167,0.15386977886977848
194,2.355524778366089,0.0010839365422725677,-7.539987564086914e-05,8.910965919494629,0.18162578344345093,0.12760416666666663,0.1288299858570099,0.15480821730821714
195,2.6190946102142334,0.0020142951980233192,-0.0001045912504196167,8.689189910888672,0.15915633738040924,0.04947916666666663,0.13276231288909912,0.15728228228228225
196,2.1653079986572266,0.0014302544295787811,6.408244371414185e-05,9.14824390411377,0.13127705454826355,0.15364583333333293,0.1308143436908722,0.1580500955500952
197,2.210104465484619,0.001148834708146751,-1.1399388313293457e-06,9.049271583557129,0.1350107043981552,0.14062499999999978,0.131602942943573,0.15950040950040933
198,2.371236801147461,0.001486266148276627,0.0002875477075576782,8.937782287597656,0.12806172668933868,0.07552083333333293,0.1308453232049942,0.16095072345072348
199,2.094695568084717,0.0013199622044339776,4.805624485015869e-05,9.172453880310059,0.16513051092624664,0.20138888888888873,0.13372915983200073,0.1639366639366635
200,2.062875747680664,0.002427381929010153,-2.0563602447509766e-06,9.286687850952148,0.14595583081245422,0.27951388888888873,0.13449794054031372,0.15395509145509134
201,2.270630359649658,0.0011068779276683927,0.00025081634521484375,9.052905082702637,0.1558019518852234,0.15364583333333293,0.13084526360034943,0.16163322413322412
202,2.075502395629883,0.001773281255736947,-6.122887134552002e-05,9.036436080932617,0.12692880630493164,0.22309027777777768,0.1314077526330948,0.15361384111384102
203,2.3649754524230957,0.0017075418727472425,-3.3758580684661865e-05,8.853857040405273,0.1466807872056961,0.18402777777777768,0.12809619307518005,0.15369915369915332
204,2.1134748458862305,0.0013078940100967884,1.4990568161010742e-05,9.099589347839355,0.17962433397769928,0.21874999999999978,0.1301831603050232,0.15276071526071522
205,2.28820538520813,0.0015702525852248073,3.509223461151123e-06,9.053041458129883,0.12770622968673706,0.13628472222222188,0.12851758301258087,0.14294976794976766
206,2.5641214847564697,0.0015780915273353457,0.00013227015733718872,8.711536407470703,0.1977887898683548,0.11024305555555558,0.13016095757484436,0.1491775866775863
207,2.324394464492798,0.0008392863092012703,0.00013016164302825928,8.97924518585205,0.20618104934692383,0.09722222222222188,0.13019002974033356,0.14960414960414947
208,2.325021266937256,0.001062334980815649,0.00014398247003555298,8.97575855255127,0.21262843906879425,0.11458333333333293,0.1331264227628708,0.1444853944853941
209,2.202608585357666,0.0020660478621721268,0.00013527274131774902,8.999293327331543,0.14019319415092468,0.23177083333333293,0.131097674369812,0.15113977613977592
210,2.1677963733673096,0.001416737213730812,3.536790609359741e-05,9.257231712341309,0.18108057975769043,0.22743055555555558,0.13375449180603027,0.14559445809445792
211,2.517037868499756,0.0016058346955105662,1.0132789611816406e-06,8.860769271850586,0.20395027101039886,0.07986111111111083,0.12861008942127228,0.14593570843570824
212,2.0416948795318604,0.0011022599646821618,6.209313869476318e-05,9.246715545654297,0.1446380466222763,0.24045138888888873,0.1292244791984558,0.14670352170352174
213,2.185671329498291,0.0013868036912754178,3.116577863693237e-05,9.152791023254395,0.20036323368549347,0.18836805555555558,0.1320686638355255,0.14576508326508308
214,2.2816498279571533,0.001684505958110094,0.00011137127876281738,8.942298889160156,0.17244985699653625,0.06684027777777768,0.1321401298046112,0.14201132951132955
215,2.277017593383789,0.0006875063991174102,0.00025463104248046875,9.010966300964355,0.20939841866493225,0.11892361111111083,0.1353807896375656,0.14559445809445792
216,2.448850154876709,0.0016033027786761522,7.318705320358276e-05,8.83794116973877,0.1653277575969696,0.09722222222222188,0.1337708979845047,0.14320570570570568
217,2.422844886779785,0.0013481136411428452,-0.00019188225269317627,8.904025077819824,0.1807156354188919,0.09722222222222188,0.13258005678653717,0.14226726726726702
218,2.4124083518981934,0.0012314587365835905,-1.0058283805847168e-06,8.998716354370117,0.1700463593006134,0.06684027777777768,0.13200055062770844,0.1388547638547638
219,2.14713978767395,0.0009455645922571421,-3.0182301998138428e-05,8.944184303283691,0.12767839431762695,0.17534722222222188,0.13319341838359833,0.14320570570570568
220,2.107860803604126,0.001280368771404028,-9.991228580474854e-06,9.231852531433105,0.14438839256763458,0.20572916666666663,0.13157375156879425,0.14576508326508308
221,2.6256492137908936,0.001104544848203659,6.940215826034546e-05,8.69851016998291,0.1776747703552246,0.036458333333332926,0.13284805417060852,0.14491195741195728
222,2.364967107772827,0.001084000337868929,0.00016020983457565308,8.801677703857422,0.15949931740760803,0.18836805555555558,0.13077238202095032,0.14235257985257987
223,2.1750738620758057,0.001206131186336279,-6.403028964996338e-05,9.123608589172363,0.12306016683578491,0.17534722222222188,0.13595376908779144,0.14593570843570824
224,2.129457473754883,0.0009574608411639929,0.00023856014013290405,9.253658294677734,0.1755676567554474,0.20138888888888873,0.13550730049610138,0.1411582036582032
225,2.2337679862976074,0.0014316814485937357,-3.966689109802246e-05,9.23852825164795,0.21268650889396667,0.19270833333333293,0.13334859907627106,0.14294976794976766
226,2.3439745903015137,0.0014660912565886974,0.00011848658323287964,8.938333511352539,0.16780027747154236,0.18402777777777768,0.13474124670028687,0.1436322686322683
227,2.3177144527435303,0.001219597994349897,0.0001633763313293457,8.959773063659668,0.16674280166625977,0.13194444444444398,0.13411934673786163,0.14329101829101798
228,2.4897115230560303,0.00202684523537755,-1.537799835205078e-05,8.828625679016113,0.18456006050109863,0.11458333333333293,0.13406920433044434,0.14346164346164314
229,2.420684337615967,0.0009768921881914139,6.46635890007019e-05,8.838065147399902,0.15437792241573334,0.21006944444444398,0.13626176118850708,0.1397932022932019
230,2.2120838165283203,0.002366786589846015,3.1284987926483154e-05,9.200478553771973,0.13852962851524353,0.18402777777777768,0.13385269045829773,0.1385988260988258
231,2.382492780685425,0.0008593817474320531,-3.3602118492126465e-06,9.03070068359375,0.13007980585098267,0.11458333333333293,0.13421759009361267,0.13783101283101284
232,2.7270312309265137,0.0008803758537396789,0.00011943280696868896,8.493611335754395,0.2706432640552521,0.02777777777777768,0.13429591059684753,0.13919601419601413
233,2.2566018104553223,0.0011315635638311505,7.627904415130615e-05,9.064072608947754,0.17073564231395721,0.08854166666666663,0.13261373341083527,0.1346744471744471
234,2.0252459049224854,0.0012031127698719501,-2.545863389968872e-05,9.253451347351074,0.21511904895305634,0.23611111111111083,0.13684678077697754,0.14294976794976766
235,2.363284111022949,0.0010245159501209855,7.058680057525635e-05,8.8989896774292,0.1960977166891098,0.09722222222222188,0.1375766396522522,0.14286445536445536
236,2.392756700515747,0.0016181152313947678,4.081428050994873e-05,8.968173027038574,0.149027481675148,0.12326388888888873,0.13390369713306427,0.14303508053508052
237,1.9381929636001587,0.0011943059507757425,7.612258195877075e-05,9.304943084716797,0.15115199983119965,0.27951388888888873,0.13627387583255768,0.1411582036582032
238,1.8680009841918945,0.0017889300361275673,0.00015888363122940063,9.37269401550293,0.15676544606685638,0.288194444444444,0.1360739916563034,0.14422945672945664
239,2.4753570556640625,0.0012548372615128756,-1.7210841178894043e-06,8.944597244262695,0.1775299608707428,0.10590277777777768,0.13448651134967804,0.14260851760851734
240,2.221130132675171,0.001309168990701437,-2.3379921913146973e-05,9.122178077697754,0.17835013568401337,0.15798611111111083,0.13354980945587158,0.1356128856128852
241,2.131865978240967,0.001095423474907875,0.00020835548639297485,9.057167053222656,0.13132183253765106,0.21874999999999978,0.13633236289024353,0.1372338247338245
242,2.175952196121216,0.00125875324010849,0.00011835992336273193,9.059775352478027,0.13171760737895966,0.19704861111111083,0.13513636589050293,0.13706319956319934
243,2.033937454223633,0.0009269817965105176,4.035979509353638e-05,9.264232635498047,0.1692168116569519,0.16232638888888873,0.13506929576396942,0.1389400764400761
244,2.0580227375030518,0.0012188376858830452,0.00014735758304595947,9.209399223327637,0.20821571350097656,0.15798611111111083,0.13638518750667572,0.13373600873600844
245,2.3445582389831543,0.001267005456611514,4.2885541915893555e-05,8.906058311462402,0.16713479161262512,0.07986111111111083,0.1404707282781601,0.1385135135135135
246,2.4610025882720947,0.001491665025241673,0.0001468062400817871,8.845327377319336,0.16239775717258453,-0.011284722222222321,0.138408362865448,0.1394519519519516
247,2.245187282562256,0.001165655441582203,-4.1328370571136475e-05,9.068389892578125,0.20318278670310974,0.17534722222222188,0.13810721039772034,0.1393666393666393
248,2.1591155529022217,0.0011019848752766848,-5.1409006118774414e-05,9.212993621826172,0.2054973691701889,0.15364583333333293,0.13713565468788147,0.13825757575757547
249,2.24455189704895,0.0008970043854787946,0.00018755346536636353,9.015646934509277,0.1924099326133728,0.04947916666666663,0.1379353404045105,0.13424788424788392
250,2.2170562744140625,0.0008040567627176642,1.9863247871398926e-05,9.043071746826172,0.27251917123794556,0.16232638888888873,0.13533642888069153,0.14132882882882836
251,2.578490734100342,0.0011587771587073803,1.2449920177459717e-05,8.818105697631836,0.18710944056510925,0.04947916666666663,0.137953981757164,0.13603944853944838
252,2.506399631500244,0.001828869804739952,-0.00010211020708084106,8.889845848083496,0.15130653977394104,0.14930555555555558,0.1397266834974289,0.1385988260988258
253,2.3826770782470703,0.0008865577983669937,8.209794759750366e-05,9.013315200805664,0.21864661574363708,0.18402777777777768,0.1403614729642868,0.13629538629538585
254,2.2523012161254883,0.0008608170319348574,0.0001364573836326599,8.981071472167969,0.16095225512981415,0.11024305555555558,0.13935527205467224,0.14039039039039025
255,2.331496000289917,0.0006484335754066706,0.0003508254885673523,8.868000984191895,0.25060224533081055,0.09288194444444398,0.138029545545578,0.14286445536445536
256,2.0237374305725098,0.0007224386790767312,0.00021885335445404053,9.241705894470215,0.1877726912498474,0.14062499999999978,0.1399870067834854,0.1394519519519516
257,2.3371517658233643,0.0012505077756941319,-5.268305540084839e-05,8.938093185424805,0.19575351476669312,0.12326388888888873,0.1379900425672531,0.14132882882882836
258,2.071995973587036,0.001126507529988885,0.0001336708664894104,9.158461570739746,0.15058434009552002,0.14496527777777768,0.14095886051654816,0.14141414141414121
259,2.1168439388275146,0.0015839878469705582,6.324052810668945e-05,9.275341033935547,0.18011035025119781,0.24913194444444398,0.14048339426517487,0.14371758121758116
260,2.3104918003082275,0.0008597498526796699,5.523860454559326e-05,9.041508674621582,0.15453700721263885,0.20572916666666663,0.13639234006404877,0.14346164346164314
261,2.042177200317383,0.0008503731805831194,0.00015445053577423096,9.255535125732422,0.1625329703092575,0.16666666666666663,0.13592028617858887,0.14175539175539154
262,2.0597405433654785,0.0008562274742871523,0.00018217414617538452,9.231552124023438,0.14239466190338135,0.16666666666666663,0.13979436457157135,0.1473860223860224
263,2.1972262859344482,0.0010974262841045856,7.003545761108398e-05,9.10058307647705,0.18776650726795197,0.18836805555555558,0.14110232889652252,0.14329101829101798
264,1.9697285890579224,0.0005325732636265457,0.00026395171880722046,9.42355728149414,0.1967734843492508,0.17534722222222188,0.14135903120040894,0.1486657111657108
265,2.637939214706421,0.0012758738594129682,-5.84721565246582e-05,8.769220352172852,0.15248531103134155,0.06684027777777768,0.14114128053188324,0.14380289380289346
266,2.149048328399658,0.0005703764618374407,0.00016461312770843506,9.269621849060059,0.15571510791778564,0.18836805555555558,0.14037609100341797,0.14320570570570568
267,2.2679343223571777,0.0014255651040002704,0.00011172890663146973,8.926324844360352,0.13358934223651886,0.13628472222222188,0.1400970071554184,0.14883633633633597
268,2.0187206268310547,0.0007767179049551487,0.0002377331256866455,9.221281051635742,0.16191290318965912,0.24913194444444398,0.14057372510433197,0.15267540267540236
269,2.3769795894622803,0.001289039384573698,2.8654932975769043e-05,9.073498725891113,0.16847333312034607,0.18402777777777768,0.14100545644760132,0.15318727818727784
270,2.307805061340332,0.0008835960179567337,0.00011491775512695312,9.034348487854004,0.20326273143291473,0.13628472222222188,0.14159560203552246,0.15105446355446306
271,1.942692756652832,0.0007693554507568479,0.00010309368371963501,9.24007511138916,0.2071215659379959,0.2534722222222219,0.13975951075553894,0.15446696696696682
272,2.1757776737213135,0.0008206834318116307,9.600818157196045e-05,9.175620079040527,0.20955346524715424,0.16232638888888873,0.1386411041021347,0.1516516516516514
273,2.3288538455963135,0.000717159709893167,8.039921522140503e-05,8.949125289916992,0.1201392188668251,0.19270833333333293,0.14014166593551636,0.15446696696696682
274,2.6049070358276367,0.00114630872849375,7.368624210357666e-06,8.664384841918945,0.19194702804088593,-0.011284722222222321,0.13847558200359344,0.15276071526071522
275,2.028041362762451,0.0007710749050602317,0.0002743452787399292,9.282630920410156,0.13991127908229828,0.17534722222222188,0.1402597725391388,0.1574529074529074
276,2.0501911640167236,0.0010265628807246685,0.00011318176984786987,9.354032516479492,0.16065120697021484,0.2621527777777777,0.14265130460262299,0.15293134043134038
277,2.3982017040252686,0.0006032129749655724,0.0002337917685508728,8.78290843963623,0.1391366571187973,0.14062499999999978,0.13890984654426575,0.1524194649194649
278,2.3897719383239746,0.001324180979281664,8.709728717803955e-05,8.956398010253906,0.21055486798286438,0.07118055555555558,0.14028596878051758,0.15267540267540236
279,2.2980616092681885,0.0008887418662197888,8.676201105117798e-05,9.054704666137695,0.22103430330753326,0.17968749999999978,0.14074470102787018,0.14951883701883661
280,2.0272507667541504,0.0009621444623917341,8.593499660491943e-05,9.378607749938965,0.20302066206932068,0.21440972222222188,0.1409963220357895,0.1515663390663391
281,2.1618378162384033,0.0006393783842213452,0.0002234131097793579,9.246697425842285,0.14130981266498566,0.18836805555555558,0.14085786044597626,0.15122508872508877
282,2.0108489990234375,0.0003398584667593241,0.0002489537000656128,9.254650115966797,0.15957927703857422,0.17534722222222188,0.139009490609169,0.1468741468741469
283,2.4039077758789062,0.0009039209689944983,9.420514106750488e-05,8.849386215209961,0.1867438554763794,0.15798611111111083,0.13980984687805176,0.15096915096915076
284,2.286248207092285,0.000678075710311532,5.272030830383301e-05,9.033954620361328,0.19496293365955353,0.14930555555555558,0.1379430890083313,0.15062790062790044
285,2.088904857635498,0.0005036721704527736,0.00011633336544036865,9.237661361694336,0.16933248937129974,0.19270833333333293,0.13955174386501312,0.15037196287196242
286,2.486168146133423,0.0005132643273100257,0.00013256072998046875,8.82043743133545,0.21456792950630188,0.04513888888888873,0.13690711557865143,0.14986008736008694
287,2.1557517051696777,0.0006679361686110497,0.00013581663370132446,9.210887908935547,0.170891672372818,0.09722222222222188,0.13880938291549683,0.15344321594321586
288,2.428205966949463,0.0011566374450922012,7.697939872741699e-05,8.848199844360352,0.15831352770328522,0.10156249999999978,0.1390991359949112,0.14815383565383533
289,2.3551580905914307,0.0006409941706806421,0.00019181519746780396,9.046306610107422,0.18984706699848175,0.12760416666666663,0.1381968855857849,0.14815383565383533
290,2.264410972595215,0.0005535578238777816,2.285093069076538e-05,8.995180130004883,0.1373160034418106,0.16232638888888873,0.13897724449634552,0.14926289926289915
291,2.6915409564971924,0.0010293300729244947,-4.1812658309936523e-05,8.677745819091797,0.15894921123981476,0.03211805555555558,0.1387629210948944,0.15276071526071522
292,2.1298842430114746,0.0008713813731446862,6.795674562454224e-05,9.153539657592773,0.174390509724617,0.18836805555555558,0.1374792605638504,0.1499453999453998
293,2.145676374435425,0.000754642067477107,6.7427754402160645e-06,9.194720268249512,0.17912599444389343,0.15798611111111083,0.1392052322626114,0.153357903357903
294,2.1365461349487305,0.0003923451295122504,0.0001389831304550171,9.142213821411133,0.16958308219909668,0.15364583333333293,0.14128203690052032,0.1477272727272727
295,2.4516820907592773,0.0007208030438050628,0.0001605600118637085,8.812321662902832,0.2493211328983307,0.07552083333333293,0.13862180709838867,0.14678883428883405
296,2.1298797130584717,0.00108805182389915,7.88271427154541e-06,9.17205810546875,0.1598692536354065,0.2621527777777777,0.14145232737064362,0.14559445809445792
297,2.4716618061065674,0.0008348897099494934,0.00019932538270950317,8.775269508361816,0.1316111534833908,0.07552083333333293,0.13852429389953613,0.14337633087633084
298,2.514042377471924,0.0008458243682980537,0.00013731420040130615,8.726619720458984,0.15364708006381989,0.11458333333333293,0.1373322606086731,0.15131040131040108
299,2.2878379821777344,0.0007499126950278878,0.00017584115266799927,9.103926658630371,0.15891315042972565,0.14930555555555558,0.13908778131008148,0.15037196287196242
300,2.3134472370147705,0.0008205613121390343,7.301568984985352e-05,9.06126880645752,0.19011324644088745,0.13628472222222188,0.13702431321144104,0.14721539721539723
301,2.020761251449585,0.000399846991058439,0.00017942488193511963,9.307578086853027,0.15769633650779724,0.15798611111111083,0.14016760885715485,0.15054258804258758
302,2.254343271255493,0.0008970540948212147,0.0001386106014251709,8.982983589172363,0.16222664713859558,0.15364583333333293,0.13755041360855103,0.15207821457821458
303,2.5819153785705566,0.0009466100600548089,6.504356861114502e-06,8.743650436401367,0.17772182822227478,0.0017361111111108274,0.13628801703453064,0.143546956046956
304,1.9728444814682007,0.0007355844718404114,0.00013896822929382324,9.356709480285645,0.17710795998573303,0.20138888888888873,0.13860611617565155,0.14951883701883661
305,2.484454870223999,0.001176657504402101,1.7799437046051025e-05,8.866267204284668,0.20281682908535004,0.11024305555555558,0.13715465366840363,0.1469594594594592
306,2.2327990531921387,0.0013154123444110155,2.9966235160827637e-05,9.059077262878418,0.2874331474304199,0.11892361111111083,0.13663555681705475,0.15054258804258758
307,2.2263288497924805,0.0009732776088640094,0.00012809783220291138,9.121137619018555,0.29204651713371277,0.17968749999999978,0.13837775588035583,0.1516516516516514
308,2.2615959644317627,0.000618723570369184,0.00014901906251907349,9.101163864135742,0.20083631575107574,0.09722222222222188,0.13858668506145477,0.1499453999453998
309,2.26835036277771,0.0005386851844377816,6.802380084991455e-05,9.144264221191406,0.19245180487632751,0.20572916666666663,0.13662078976631165,0.14968946218946177
310,2.153980016708374,0.00044470076682046056,0.00012392550706863403,9.12048625946045,0.16023749113082886,0.14930555555555558,0.1358938068151474,0.15071321321321274
311,2.262561559677124,0.000837425235658884,0.000134982168674469,9.084007263183594,0.15228775143623352,0.12760416666666663,0.13704249262809753,0.15122508872508877
312,2.4048995971679688,0.0006298813968896866,0.0001763850450515747,9.068290710449219,0.20831193029880524,0.15364583333333293,0.13720737397670746,0.14892164892164883
313,2.219700813293457,0.001037134905345738,0.0001835450530052185,9.068766593933105,0.1625320464372635,0.24479166666666663,0.13416779041290283,0.14474133224133212
314,2.5895063877105713,0.0008079877588897943,-1.52587890625e-05,8.735170364379883,0.1907307207584381,0.16232638888888873,0.138381689786911,0.15301665301665268
315,2.274881362915039,0.000426115351729095,0.0001436769962310791,8.976585388183594,0.20970307290554047,0.14062499999999978,0.13596774637699127,0.14900696150696113
316,2.1119658946990967,0.0005645995843224227,7.335841655731201e-05,9.1160306930542,0.19954600930213928,0.24913194444444398,0.1380656659603119,0.1477272727272727
317,2.1896862983703613,0.0008832374587655067,0.00013449043035507202,9.155326843261719,0.14078186452388763,0.15798611111111083,0.13507069647312164,0.15540540540540493
318,2.449625253677368,0.0009669651044532657,0.00013893097639083862,8.672191619873047,0.23730133473873138,0.04079861111111083,0.134224534034729,0.14892164892164883
319,2.204988956451416,0.0010018233442679048,-2.4139881134033203e-06,9.16733455657959,0.13622795045375824,0.12326388888888873,0.13666166365146637,0.14892164892164883
320,2.082760810852051,0.0004324775654822588,0.00016882270574569702,9.254682540893555,0.21478548645973206,0.2664930555555556,0.13447216153144836,0.14764196014195985
321,2.434293746948242,0.000745193159673363,0.00019413232803344727,8.904040336608887,0.13217826187610626,0.10156249999999978,0.13578876852989197,0.1469594594594592
322,2.117888927459717,0.00041353091364726424,0.00011983513832092285,8.982612609863281,0.19702088832855225,0.13194444444444398,0.1357654333114624,0.14951883701883661
323,2.280953884124756,0.0004394410061649978,7.983297109603882e-05,9.105502128601074,0.13325685262680054,0.21440972222222188,0.13313789665699005,0.147812585312585
324,2.079084873199463,0.0005252878181636333,6.42538070678711e-05,9.009435653686523,0.14138539135456085,0.15364583333333293,0.13732433319091797,0.1461063336063334
325,2.435004711151123,0.0006107406807132065,0.0002409517765045166,8.772173881530762,0.190189927816391,0.06684027777777768,0.13797226548194885,0.1444000819000818
326,2.3563246726989746,0.0010980111546814442,0.00012733787298202515,8.996000289916992,0.17394234240055084,0.07552083333333293,0.13694795966148376,0.14465601965601926
327,2.1564290523529053,0.0006209735292941332,0.00023877620697021484,9.237743377685547,0.12038227915763855,0.08854166666666663,0.1380394846200943,0.14303508053508052
328,2.381213665008545,0.000433284614700824,0.00026741623878479004,8.842717170715332,0.17744575440883636,0.023437499999999778,0.1376851499080658,0.14303508053508052
329,2.1707260608673096,0.0003376323729753494,0.000109843909740448,8.962919235229492,0.13524848222732544,0.22743055555555558,0.13781851530075073,0.14047570297570255
330,2.31510853767395,0.000557472463697195,0.00025766342878341675,8.96099853515625,0.1846647411584854,0.12760416666666663,0.13877218961715698,0.13962257712257675
331,2.3666563034057617,0.00017927854787558317,0.0002572387456893921,8.964685440063477,0.15234054625034332,0.07552083333333293,0.1381291300058365,0.14218195468195471
332,2.5095667839050293,0.00045207084622234106,5.7466328144073486e-05,8.8410005569458,0.16836918890476227,0.19704861111111083,0.13502885401248932,0.13953726453726445
333,2.240058422088623,0.000635374803096056,5.7071447372436523e-05,9.204741477966309,0.1354808658361435,0.20572916666666663,0.13603146374225616,0.1444853944853941
334,2.4372425079345703,0.0004674530355259776,0.00011633336544036865,8.86534595489502,0.19597062468528748,0.05815972222222188,0.1327633410692215,0.14286445536445536
335,2.237680673599243,0.0001887561520561576,0.00034881383180618286,9.190564155578613,0.18674977123737335,0.13628472222222188,0.13407601416110992,0.14175539175539154
336,1.8966091871261597,0.0005714743747375906,0.00018759071826934814,9.32856559753418,0.1270664930343628,0.2968749999999998,0.13472354412078857,0.1380869505869503
337,2.509174108505249,0.0007132330792956054,0.00015307962894439697,8.82479476928711,0.16096559166908264,0.14496527777777768,0.1324658840894699,0.13987851487851477
338,2.254106283187866,0.00034709402825683355,0.00022104382514953613,8.99290943145752,0.20915773510932922,0.14496527777777768,0.135514497756958,0.1385988260988258
339,2.2422797679901123,0.0005581210134550929,0.00015813857316970825,8.944682121276855,0.20937581360340118,0.10156249999999978,0.13523989915847778,0.14243789243789218
340,2.2902207374572754,0.00030833901837468147,0.000265561044216156,9.100723266601562,0.19349099695682526,0.10590277777777768,0.13427475094795227,0.1388547638547638
341,2.5530450344085693,0.0007854979485273361,0.00025422871112823486,8.723193168640137,0.2668609619140625,0.07118055555555558,0.13785600662231445,0.14098757848757804
342,2.3352162837982178,0.0003681054222397506,0.0002093687653541565,9.049211502075195,0.20999599993228912,0.12326388888888873,0.13590244948863983,0.14320570570570568
343,2.5109755992889404,0.0006507631042040884,6.510317325592041e-05,8.862573623657227,0.1791030764579773,0.12326388888888873,0.13523507118225098,0.13783101283101284
344,2.1836907863616943,0.0005164326285012066,1.0706484317779541e-05,9.253410339355469,0.19370225071907043,0.16666666666666663,0.1380365788936615,0.13672194922194902
345,2.4203715324401855,0.0004813179839402437,0.00024186819791793823,8.815507888793945,0.12216866761445999,0.12760416666666663,0.13862231373786926,0.13902538902538897
346,2.414872884750366,0.0011668286751955748,0.0002113431692123413,8.90163803100586,0.19694292545318604,0.07552083333333293,0.13393084704875946,0.13834288834288833
347,2.345106840133667,0.00027764818514697254,0.0001694709062576294,8.98941421508789,0.28993484377861023,0.14930555555555558,0.13870082795619965,0.13817226317226317
348,2.08335280418396,0.000509692938067019,0.0002181529998779297,9.213201522827148,0.10455869138240814,0.17968749999999978,0.13750982284545898,0.14132882882882836
349,2.456650733947754,0.000758762878831476,0.00012106448411941528,9.0428466796875,0.1717681884765625,0.02777777777777768,0.1364208608865738,0.138001638001638
350,2.3257761001586914,0.0002544354065321386,0.0002291649580001831,9.019224166870117,0.1514894813299179,0.13628472222222188,0.13550209999084473,0.1405610155610154
351,2.328024387359619,0.0002558570704422891,0.00021629035472869873,8.93218994140625,0.20548135042190552,0.12326388888888873,0.13500477373600006,0.13348007098007098
352,2.172409772872925,0.0003634798340499401,0.0002130642533302307,9.1721830368042,0.17448844015598297,0.15798611111111083,0.13110747933387756,0.1338213213213213
353,2.4503331184387207,0.0003119688481092453,0.0002604871988296509,8.829269409179688,0.16537830233573914,0.019097222222221877,0.13358892500400543,0.13919601419601413
354,2.3218095302581787,0.0005638034781441092,6.534159183502197e-05,8.978513717651367,0.24618090689182281,0.12326388888888873,0.13198284804821014,0.13330944580944581
355,2.4078521728515625,0.0006581038469448686,0.00021680444478988647,8.789078712463379,0.17743393778800964,0.11892361111111083,0.13320834934711456,0.13672194922194902
356,2.3699567317962646,0.000465798017103225,0.00041422992944717407,9.001991271972656,0.15814708173274994,0.10590277777777768,0.1330811083316803,0.13348007098007098
357,2.308401584625244,0.0008542694849893451,0.00018469244241714478,9.05936336517334,0.18489298224449158,0.07118055555555558,0.13478313386440277,0.1346744471744471
358,2.4051756858825684,0.00020733580458909273,0.00030998140573501587,8.981844902038574,0.1640208214521408,0.15364583333333293,0.13555820286273956,0.12784944034944012
359,2.413480758666992,0.0006609309348277748,0.000105246901512146,8.752152442932129,0.14309179782867432,0.11024305555555558,0.13228285312652588,0.12947037947037943
360,2.2813661098480225,0.000828550779260695,0.00024198740720748901,9.03003215789795,0.22914724051952362,0.16232638888888873,0.13327336311340332,0.1296410046410046
361,1.9874746799468994,0.0002144784084521234,0.0002992898225784302,9.501874923706055,0.12390176206827164,0.11892361111111083,0.13107922673225403,0.13365069615069614
362,2.146902322769165,0.0004920887295156717,0.00013011693954467773,9.173407554626465,0.24079471826553345,0.15364583333333293,0.13313153386116028,0.12810537810537814
363,2.301790714263916,0.0006157454918138683,0.00013708323240280151,9.102235794067383,0.17081212997436523,0.11892361111111083,0.13246576488018036,0.126655064155064
364,2.1564698219299316,0.00044722389429807663,0.00016822665929794312,9.232621192932129,0.22066813707351685,0.18836805555555558,0.13408084213733673,0.1330535080535078
365,2.500321626663208,0.000693577341735363,0.00020290911197662354,8.932964324951172,0.1635291427373886,0.07552083333333293,0.1324065774679184,0.13211506961506914
366,2.2537968158721924,0.00024248735280707479,0.0002722889184951782,9.009291648864746,0.21159318089485168,0.17100694444444398,0.13366283476352692,0.12699631449631432
367,2.3512966632843018,0.00024961738381534815,0.00012058764696121216,8.999211311340332,0.21732163429260254,0.16232638888888873,0.13332988321781158,0.12648443898443884
368,2.3154892921447754,0.00023958503152243793,0.0001733526587486267,8.946840286254883,0.14181369543075562,0.10156249999999978,0.13359470665454865,0.12307193557193508
369,2.2793383598327637,0.0008393110474571586,0.00010419636964797974,9.101713180541992,0.14791199564933777,0.14062499999999978,0.13266634941101074,0.12358381108381111
370,2.2030723094940186,0.00022658248781226575,0.00020484626293182373,9.194076538085938,0.17226997017860413,0.10156249999999978,0.1339588463306427,0.1288731913731911
371,2.2610092163085938,6.102118641138077e-05,0.00036513805389404297,8.972359657287598,0.1880255788564682,0.12326388888888873,0.13202276825904846,0.12929975429975427
372,2.586500406265259,0.0005464808782562613,0.00010060518980026245,8.585920333862305,0.18363851308822632,-0.015625000000000222,0.13496451079845428,0.1291291291291291
373,2.202582359313965,0.00017349404515698552,0.00032542645931243896,9.17092227935791,0.15665091574192047,0.15798611111111083,0.13346995413303375,0.12708162708162662
374,2.143686056137085,7.218364044092596e-05,0.000386752188205719,9.183753967285156,0.1463494449853897,0.15364583333333293,0.13193435966968536,0.12571662571662534
375,2.26678204536438,0.0003386284224689007,0.0003214329481124878,9.097125053405762,0.19174955785274506,0.11458333333333293,0.13292457163333893,0.12784944034944012
376,2.393110752105713,0.00017366919200867414,0.0002477690577507019,8.989105224609375,0.12654045224189758,0.19704861111111083,0.13178087770938873,0.12529006279006272
377,2.358581066131592,0.00019943731604143977,0.00029752403497695923,8.973258972167969,0.13551105558872223,0.06249999999999978,0.1312769502401352,0.1304941304941304
378,2.153681755065918,0.00023563270224258304,0.00025328993797302246,9.212953567504883,0.17031067609786987,0.053819444444443976,0.13217100501060486,0.12597256347256336
379,2.4369328022003174,0.00030776672065258026,0.0004201829433441162,8.825350761413574,0.18112197518348694,0.10156249999999978,0.13230746984481812,0.12452224952224922
380,2.182356834411621,0.00040580180939286947,0.00021852552890777588,9.22606372833252,0.2272384613752365,0.11024305555555558,0.13209669291973114,0.1288731913731911
381,2.330808162689209,0.0004395088762976229,0.00017518550157546997,9.069231986999512,0.16630464792251587,0.13628472222222188,0.13349711894989014,0.12529006279006272
382,2.496304750442505,0.00014573789667338133,0.0002835690975189209,8.830583572387695,0.1692497432231903,0.10156249999999978,0.13417495787143707,0.12895850395850394
383,2.2592737674713135,0.0004387900698930025,0.0002407282590866089,8.87542724609375,0.14403635263442993,0.17968749999999978,0.13453292846679688,0.12656975156975114
384,2.314495325088501,0.0002722651115618646,0.000119037926197052,9.063016891479492,0.16735771298408508,0.17100694444444398,0.127041295170784,0.12682568932568916
385,2.3490471839904785,0.00023318658350035548,0.0003539547324180603,8.872322082519531,0.16013680398464203,0.12326388888888873,0.13120578229427338,0.13040881790881753
386,2.109959602355957,0.0004232585779391229,0.0001742914319038391,9.16080093383789,0.15551304817199707,0.08854166666666663,0.13213689625263214,0.1296410046410046
387,2.1793272495269775,0.00044770078966394067,0.0001818537712097168,9.21557331085205,0.15673215687274933,0.14062499999999978,0.13076190650463104,0.1292144417144414
388,2.4078330993652344,0.00010559693328104913,0.0003244057297706604,8.792396545410156,0.17105431854724884,0.12326388888888873,0.13571332395076752,0.13194444444444398
389,2.0227301120758057,0.0007656316738575697,0.00020176172256469727,9.238356590270996,0.18500888347625732,0.21006944444444398,0.13394515216350555,0.13177381927381882
390,2.01422381401062,0.00020442536333575845,0.00023058056831359863,9.23964786529541,0.13375699520111084,0.20572916666666663,0.13558247685432434,0.13339475839475812
391,2.742997407913208,0.0002719401381909847,0.0003465414047241211,8.479233741760254,0.15380476415157318,0.0060763888888887285,0.13873714208602905,0.13433319683319678
392,2.034245491027832,0.0003256729687564075,0.0001688152551651001,9.195574760437012,0.15890011191368103,0.12760416666666663,0.13674861192703247,0.13433319683319678
393,2.2100589275360107,0.0002930198097601533,0.00020065903663635254,8.993979454040527,0.17293262481689453,0.15364583333333293,0.13749442994594574,0.13510101010100972
394,2.1282706260681152,0.0004071123548783362,0.0003421008586883545,9.14568042755127,0.17286516726016998,0.17968749999999978,0.13551773130893707,0.13655132405132386
395,2.3578429222106934,0.0003196087200194597,0.00024047493934631348,8.909884452819824,0.1913628876209259,0.12326388888888873,0.13689957559108734,0.1355275730275729
396,1.9975570440292358,7.160220411606133e-05,0.00040934979915618896,9.316370010375977,0.1819610297679901,0.2578124999999998,0.13571210205554962,0.13621007371007354
397,2.0557548999786377,0.0002138888812623918,0.00020747631788253784,9.26533317565918,0.1529587209224701,0.19270833333333293,0.13974401354789734,0.13672194922194902
398,2.461308240890503,0.00010332599049434066,0.0003647655248641968,8.840726852416992,0.2073068469762802,0.07986111111111083,0.13753847777843475,0.13527163527163488
399,2.408245325088501,0.0002826325944624841,0.0002874508500099182,8.868029594421387,0.18004153668880463,0.08854166666666663,0.14525660872459412,0.1355275730275729
