,loss_g,loss_d,train_wd,train_ce_d,train_mse,train_acc,test_mse,test_acc
0,2.316979169845581,2.9217092990875244,-5.977600812911987e-05,9.066750526428223,0.2714410126209259,0.22309027777777768,0.16474415361881256,0.18313199563199545
1,2.4058451652526855,0.19148588180541992,0.00027235597372055054,8.970428466796875,0.2027936428785324,0.03211805555555558,0.14787350594997406,0.16043884793884744
2,2.3676259517669678,0.23007524013519287,0.00010100752115249634,9.013392448425293,0.1536095291376114,0.04513888888888873,0.1275073140859604,0.14132882882882836
3,2.246816396713257,0.1697140485048294,0.00015456974506378174,8.963075637817383,0.18061575293540955,0.13194444444444398,0.11127468198537827,0.13194444444444398
4,2.0405073165893555,0.12230473756790161,0.00015316903591156006,9.237384796142578,0.14874757826328278,0.07552083333333293,0.11449827998876572,0.13493038493038456
5,2.2277414798736572,0.13942812383174896,2.498924732208252e-05,8.980260848999023,0.12968851625919342,0.14930555555555558,0.11043854057788849,0.15045727545727527
6,2.474632978439331,0.4390326738357544,9.521842002868652e-06,8.793525695800781,0.14892061054706573,0.14930555555555558,0.11070457100868225,0.1735769860769859
7,2.078346014022827,0.3063458800315857,0.00011803209781646729,9.13541030883789,0.13480879366397858,0.21440972222222188,0.11061730980873108,0.16709322959322925
8,2.152207612991333,0.1689024567604065,-4.2669475078582764e-05,9.266870498657227,0.1364167183637619,0.18402777777777768,0.10939755290746689,0.15386977886977848
9,2.2908549308776855,0.16323092579841614,-0.0002406686544418335,9.034685134887695,0.1658453494310379,0.23177083333333293,0.10764092206954956,0.15847665847665837
10,2.0351078510284424,0.22282591462135315,-3.307312726974487e-05,9.187963485717773,0.14579196274280548,0.21874999999999978,0.10878388583660126,0.15762353262353257
11,2.0346992015838623,0.241005539894104,4.377216100692749e-05,9.226908683776855,0.18316496908664703,0.21440972222222188,0.11787199974060059,0.1547229047229043
12,2.3348865509033203,0.4473297595977783,-6.906688213348389e-05,8.882821083068848,0.16207189857959747,0.07986111111111083,0.12223004549741745,0.1549788424788423
13,2.199892997741699,0.23922434449195862,-0.00019285082817077637,9.067194938659668,0.12955212593078613,0.20572916666666663,0.12426094710826874,0.1563438438438436
14,2.0014212131500244,0.25415050983428955,-0.00017871707677841187,9.146342277526855,0.1791364699602127,0.17534722222222188,0.12847143411636353,0.15950040950040933
15,2.186931610107422,0.18492916226387024,-0.00024453550577163696,8.979567527770996,0.1683087795972824,0.22743055555555558,0.12411186099052429,0.15386977886977848
16,2.613323211669922,0.6090345978736877,-2.028048038482666e-05,8.630297660827637,0.16179615259170532,0.11892361111111083,0.1273513287305832,0.15037196287196242
17,2.4618656635284424,0.4196500778198242,4.961341619491577e-05,8.866436958312988,0.12719036638736725,0.10590277777777768,0.13126350939273834,0.1477272727272727
18,2.239001512527466,0.3818492293357849,0.0003864690661430359,8.948144912719727,0.1981639862060547,0.16666666666666663,0.1360422968864441,0.1444000819000818
19,2.3263800144195557,0.18346986174583435,0.0003358796238899231,8.924985885620117,0.17159949243068695,0.02777777777777768,0.13195228576660156,0.1452532077532076
20,1.904354214668274,0.22239968180656433,0.000583551824092865,9.331215858459473,0.15290924906730652,0.2534722222222219,0.11341320723295212,0.15736759486759455
21,2.2600040435791016,0.23664537072181702,0.0005002841353416443,8.831842422485352,0.31816381216049194,0.09288194444444398,0.14751321077346802,0.17971949221949224
22,2.14119553565979,0.16581591963768005,0.000422455370426178,9.181647300720215,0.2181907445192337,0.2751736111111108,0.1704942137002945,0.20770202020202022
23,2.3991026878356934,0.16692999005317688,-0.00011541694402694702,8.891626358032227,0.22296909987926483,0.10156249999999978,0.2000890076160431,0.2088110838110835
24,2.334763765335083,0.14591136574745178,0.0003840029239654541,8.811427116394043,0.2927677035331726,0.11892361111111083,0.2264753133058548,0.19123669123669085
25,2.2121284008026123,0.551409900188446,0.00023306161165237427,8.976947784423828,0.2323698252439499,0.14930555555555558,0.22918924689292908,0.19029825279825274
26,2.0321335792541504,0.7974574565887451,0.0001158490777015686,9.17789077758789,0.26710599660873413,0.2708333333333329,0.23283261060714722,0.1910660660660657
27,1.9496843814849854,0.14891600608825684,3.384798765182495e-05,9.286295890808105,0.28134918212890625,0.22743055555555558,0.23756077885627747,0.19012762762762758
28,2.3389337062835693,0.53961181640625,7.59512186050415e-05,8.859697341918945,0.23374837636947632,0.11458333333333293,0.2316262573003769,0.19550232050232041
29,2.2508485317230225,0.13012738525867462,-4.336237907409668e-06,8.921670913696289,0.28827232122421265,0.19270833333333293,0.2304924577474594,0.19627013377013336
30,1.8978569507598877,3.9943416118621826,0.00022252649068832397,9.274728775024414,0.26320576667785645,0.24913194444444398,0.21950823068618774,0.20360701610701581
31,2.2828476428985596,0.7500060796737671,-0.00023204833269119263,9.108184814453125,0.1796591728925705,0.18402777777777768,0.21117699146270752,0.20360701610701581
32,2.594827651977539,0.29122936725616455,-4.979968070983887e-05,8.67666244506836,0.24847954511642456,0.09722222222222188,0.16983872652053833,0.2032657657657655
33,2.0602080821990967,2.5154471397399902,8.19861888885498e-05,9.14297866821289,0.1628592312335968,0.16666666666666663,0.16113440692424774,0.20130357630357587
34,2.41536808013916,0.36700886487960815,-0.00023649632930755615,8.982161521911621,0.1908038705587387,0.17968749999999978,0.1406823694705963,0.20138888888888873
35,2.677495241165161,0.17725583910942078,-0.0002854540944099426,8.692756652832031,0.20893727242946625,0.09722222222222188,0.13870520889759064,0.1999385749385746
36,2.1168220043182373,3.136399507522583,6.61313533782959e-05,8.947612762451172,0.25550198554992676,0.20138888888888873,0.14117471873760223,0.19976794976794943
37,2.191667079925537,5.343025207519531,7.72625207901001e-06,9.06604290008545,0.1603137105703354,0.19270833333333293,0.13658566772937775,0.20010920010919975
38,2.0400261878967285,4.893072605133057,0.00015229731798171997,9.112560272216797,0.2680094838142395,0.18836805555555558,0.16326166689395905,0.1910660660660657
39,2.0785930156707764,2.05983567237854,6.00963830947876e-05,8.815832138061523,0.19510608911514282,0.19270833333333293,0.1826145201921463,0.1952463827463824
40,2.3194267749786377,0.08888480067253113,-0.00022874772548675537,8.90209674835205,0.19803307950496674,0.11024305555555558,0.1468963474035263,0.1994266994266991
41,2.1574888229370117,0.12630388140678406,-9.3899667263031e-05,8.892793655395508,0.1789611279964447,0.2621527777777777,0.14589382708072662,0.19951201201201196
42,2.0077664852142334,0.14728876948356628,-3.3527612686157227e-05,9.293275833129883,0.1837158203125,0.3359374999999998,0.147681325674057,0.1994266994266991
43,2.174133777618408,0.06320685893297195,-0.00012724846601486206,9.119409561157227,0.11562135070562363,0.18836805555555558,0.148649200797081,0.2002798252798249
44,2.2308921813964844,0.052849866449832916,-6.284564733505249e-05,8.864970207214355,0.1820802390575409,0.15798611111111083,0.15971989929676056,0.20045045045045007
45,1.9346221685409546,0.02817845158278942,-3.635138273239136e-05,9.351669311523438,0.1635427176952362,0.24045138888888873,0.148405060172081,0.19976794976794943
46,2.3937809467315674,0.054504312574863434,2.4586915969848633e-07,8.97748851776123,0.17904923856258392,0.12760416666666663,0.1455068290233612,0.20010920010919975
47,2.303201913833618,0.03791695833206177,0.00020166486501693726,8.914896965026855,0.11219222843647003,0.32291666666666663,0.1425987333059311,0.2002798252798249
48,2.039523124694824,0.017790546640753746,0.0001877620816230774,9.188820838928223,0.144672229886055,0.23177083333333293,0.14565232396125793,0.20010920010919975
49,2.2206594944000244,0.05827018991112709,0.00014554709196090698,9.029295921325684,0.16615575551986694,0.2664930555555556,0.16294065117835999,0.2011329511329507
50,2.1976099014282227,0.1289997696876526,-5.0805509090423584e-05,8.956450462341309,0.21057036519050598,0.2708333333333329,0.22932666540145874,0.2016448266448262
51,2.2977848052978516,0.022501211613416672,6.671994924545288e-05,8.899608612060547,0.2383609563112259,0.17534722222222188,0.23884980380535126,0.2019007644007642
52,1.7246367931365967,0.017497790977358818,0.00011537224054336548,9.493390083312988,0.3071667551994324,0.3446180555555556,0.24178992211818695,0.20181545181545135
53,2.239302396774292,0.018236227333545685,-4.3645501136779785e-05,9.034928321838379,0.28571972250938416,0.15798611111111083,0.24552133679389954,0.2019007644007642
54,1.9510936737060547,0.018142230808734894,-3.986060619354248e-06,9.184041023254395,0.34034866094589233,0.3055555555555556,0.24644069373607635,0.20173013923013905
55,2.0421767234802246,0.023864462971687317,-2.396106719970703e-05,9.024548530578613,0.3593181371688843,0.23177083333333293,0.2468014657497406,0.20181545181545135
56,1.9642928838729858,0.009149874560534954,0.000264093279838562,9.280622482299805,0.3273939788341522,0.19704861111111083,0.24590156972408295,0.20173013923013905
57,2.615917205810547,0.008745107799768448,0.0002951696515083313,8.681002616882324,0.403498113155365,0.11892361111111083,0.2426196038722992,0.20173013923013905
58,1.9241509437561035,0.012281456030905247,0.00021404772996902466,9.240453720092773,0.30656301975250244,0.2751736111111108,0.243177130818367,0.2019007644007642
59,1.875401258468628,0.007490114774554968,0.0002605244517326355,9.22754192352295,0.32094258069992065,0.2925347222222219,0.2452755868434906,0.20181545181545135
60,2.2882654666900635,0.007713227532804012,0.00038648396730422974,8.996156692504883,0.26800161600112915,0.21440972222222188,0.24552270770072937,0.2019007644007642
61,2.425076723098755,0.008643457666039467,0.0003258511424064636,8.872286796569824,0.3105412721633911,0.14062499999999978,0.24677884578704834,0.20181545181545135
62,1.9739493131637573,0.007061740383505821,0.0004786252975463867,9.301078796386719,0.25130510330200195,0.23177083333333293,0.24766306579113007,0.20181545181545135
63,2.072737216949463,0.00626030657440424,0.00033757835626602173,8.983047485351562,0.26423531770706177,0.2578124999999998,0.24815477430820465,0.20181545181545135
64,2.1865692138671875,0.006166767328977585,0.00040715187788009644,8.934782981872559,0.29574933648109436,0.21006944444444398,0.2469729334115982,0.2019007644007642
65,2.298656463623047,0.008740264922380447,0.0004625096917152405,9.059220314025879,0.26719021797180176,0.22309027777777768,0.24766485393047333,0.20181545181545135
66,2.1017298698425293,0.011589640751481056,0.00037973374128341675,9.223246574401855,0.25486019253730774,0.3142361111111108,0.24685992300510406,0.20173013923013905
67,2.2871317863464355,0.007370514329522848,0.00041653960943222046,8.974883079528809,0.23247842490673065,0.24913194444444398,0.24741944670677185,0.20173013923013905
68,2.5388054847717285,0.00866289809346199,0.000365428626537323,8.596084594726562,0.31209975481033325,0.08420138888888873,0.2478255331516266,0.2019007644007642
69,2.297206163406372,0.017113685607910156,0.00035897642374038696,8.935781478881836,0.3094470202922821,0.14062499999999978,0.24721980094909668,0.20181545181545135
70,1.832533597946167,0.005723561625927687,0.00041291117668151855,9.442193984985352,0.33456239104270935,0.21006944444444398,0.247788205742836,0.20173013923013905
71,2.2564003467559814,0.007386150769889355,0.00043592602014541626,9.098177909851074,0.3050471246242523,0.19270833333333293,0.24825789034366608,0.2019007644007642
72,2.1049461364746094,0.005856064148247242,0.0003653019666671753,9.024995803833008,0.2436678558588028,0.27951388888888873,0.2478429228067398,0.20173013923013905
73,2.2974741458892822,0.004078187048435211,0.0004975274205207825,8.883708953857422,0.2461073249578476,0.08854166666666663,0.24786919355392456,0.20181545181545135
74,1.989973783493042,0.005255602300167084,0.0004983097314834595,9.25403118133545,0.6022418141365051,0.2534722222222219,0.24796053767204285,0.2019007644007642
75,2.447885036468506,0.006614713929593563,0.00042751431465148926,8.826627731323242,0.3064347505569458,0.19704861111111083,0.248552143573761,0.20215670215670167
76,2.251492738723755,0.012939044274389744,0.00044423341751098633,8.88090991973877,0.300105482339859,0.24045138888888873,0.24924595654010773,0.20181545181545135
77,2.0315985679626465,0.00865089613944292,0.0003721565008163452,9.19342041015625,0.45308470726013184,0.2664930555555556,0.24996379017829895,0.2024126399126397
78,2.4437098503112793,0.007254880852997303,0.0005171447992324829,8.718330383300781,0.24876315891742706,0.14062499999999978,0.25031277537345886,0.2019860769860765
79,2.5356457233428955,0.008657027035951614,0.0004467219114303589,8.678398132324219,0.28052589297294617,0.13628472222222188,0.25029274821281433,0.2019860769860765
80,2.2691497802734375,0.009465468116104603,0.00054168701171875,8.9871187210083,0.2810204029083252,0.15364583333333293,0.24986296892166138,0.20181545181545135
81,2.108837842941284,0.005128741264343262,0.00048398226499557495,9.019502639770508,0.26626497507095337,0.2968749999999998,0.2500584125518799,0.20215670215670167
82,2.226635456085205,0.006759473588317633,0.000537678599357605,9.045766830444336,0.7767443060874939,0.16666666666666663,0.25107577443122864,0.20224201474201453
83,2.3126394748687744,0.006388493347913027,0.0004172995686531067,9.080910682678223,0.36828717589378357,0.12326388888888873,0.25206345319747925,0.20121826371826357
84,2.0414719581604004,0.005082248710095882,0.0005642026662826538,9.075169563293457,0.3124462962150574,0.17534722222222188,0.2522929906845093,0.20138888888888873
85,2.213613271713257,0.006259221117943525,0.00048298388719558716,8.976842880249023,0.2620882987976074,0.22743055555555558,0.25242868065834045,0.2015595140595139
86,2.347750186920166,0.010782603174448013,0.0005219429731369019,8.873454093933105,0.21582558751106262,0.23611111111111083,0.2522781491279602,0.20147420147420103
87,2.002394437789917,0.006087230518460274,0.0006057694554328918,9.343012809753418,0.3659244775772095,0.17968749999999978,0.25186821818351746,0.20377764127764098
88,1.9804922342300415,0.004715756978839636,0.000377655029296875,9.309747695922852,0.3285261392593384,0.32291666666666663,0.25227898359298706,0.29164960414960417
89,2.1539716720581055,0.00431085703894496,0.0004861578345298767,9.082317352294922,0.2895370125770569,0.3055555555555556,0.2524126172065735,0.29173491673491647
90,2.3440961837768555,0.004160424694418907,0.0004082992672920227,8.88351058959961,0.4226680397987366,0.23177083333333293,0.2525489032268524,0.29173491673491647
91,2.5169219970703125,0.005249084904789925,0.0004973560571670532,8.769843101501465,0.2787199914455414,0.27951388888888873,0.2525527775287628,0.29164960414960417
92,2.1640894412994385,0.005789867602288723,0.00044451653957366943,9.038692474365234,0.2648507356643677,0.3098958333333329,0.25258296728134155,0.29164960414960417
93,1.991510272026062,0.00418355455622077,0.0005580037832260132,9.172015190124512,0.27452337741851807,0.3098958333333329,0.2528844177722931,0.29164960414960417
94,2.26181697845459,0.004145483486354351,0.0004485026001930237,9.101879119873047,0.44320598244667053,0.17968749999999978,0.252417653799057,0.29164960414960417
95,2.345327138900757,0.0029540143441408873,0.0005736202001571655,8.88808536529541,0.3304024040699005,0.23177083333333293,0.25236424803733826,0.2915642915642913
96,2.223123550415039,0.003602961078286171,0.0005600303411483765,9.004855155944824,0.31256842613220215,0.327256944444444,0.2527168095111847,0.29164960414960417
97,2.5120770931243896,0.004200343508273363,0.0006994679570198059,8.716136932373047,0.26742878556251526,0.2751736111111108,0.2523050010204315,0.29164960414960417
98,2.1999926567077637,0.006488938815891743,0.000662386417388916,9.039270401000977,0.2850700318813324,0.2751736111111108,0.25221070647239685,0.29164960414960417
99,1.9252632856369019,0.011777427047491074,0.0006290078163146973,9.100600242614746,0.27926722168922424,0.3055555555555556,0.2517268657684326,0.29164960414960417
100,2.1905057430267334,0.006580499466508627,0.0007555559277534485,8.970561027526855,0.2908960282802582,0.2708333333333329,0.2521490454673767,0.29164960414960417
101,2.038950204849243,0.0034336093813180923,0.0006522759795188904,9.2434720993042,0.2803122103214264,0.3012152777777777,0.2518651485443115,0.29164960414960417
102,2.297760009765625,0.0044654062949121,0.0005907714366912842,8.916472434997559,0.2589763104915619,0.22743055555555558,0.25166594982147217,0.29164960414960417
103,1.9321762323379517,0.0036565219052135944,0.000708356499671936,9.166372299194336,0.27109938859939575,0.327256944444444,0.25241604447364807,0.29164960414960417
104,2.2597014904022217,0.00468846783041954,0.0006661340594291687,9.036328315734863,0.2986546754837036,0.21006944444444398,0.2522042691707611,0.29164960414960417
105,1.9664349555969238,0.007633277215063572,0.0007614493370056152,9.213233947753906,0.32396963238716125,0.35763888888888873,0.2517257630825043,0.29164960414960417
106,2.077489137649536,0.00568004883825779,0.0007534623146057129,9.165998458862305,0.29721200466156006,0.3532986111111108,0.2522336542606354,0.29164960414960417
107,2.175651788711548,0.0032444079406559467,0.0008417889475822449,9.049941062927246,0.34777897596359253,0.2968749999999998,0.2520383596420288,0.29164960414960417
108,2.2225358486175537,0.007132301107048988,0.0008025839924812317,8.952467918395996,0.3547942340373993,0.2925347222222219,0.25197333097457886,0.29164960414960417
109,1.9438719749450684,0.0031895292922854424,0.0008030980825424194,9.330331802368164,0.24200670421123505,0.3793402777777777,0.2522311210632324,0.29164960414960417
110,2.012751579284668,0.004074152559041977,0.0007642284035682678,9.140706062316895,0.3101545572280884,0.3142361111111108,0.2520945966243744,0.2915642915642913
111,2.157940626144409,0.005074718501418829,0.0008293241262435913,9.184646606445312,0.25953158736228943,0.3749999999999998,0.25257983803749084,0.29164960414960417
112,2.109544277191162,0.004151125904172659,0.0009186938405036926,8.943135261535645,0.2392781674861908,0.327256944444444,0.2520129680633545,0.29164960414960417
113,2.476386070251465,0.004197310656309128,0.0008661374449729919,8.761923789978027,0.27305299043655396,0.21440972222222188,0.25191327929496765,0.29173491673491647
114,2.3356809616088867,0.007878423668444157,0.0009132400155067444,8.970585823059082,0.2376929074525833,0.28385416666666663,0.25241830945014954,0.29164960414960417
115,2.054351329803467,0.0038511818274855614,0.0008475854992866516,9.197222709655762,0.30016425251960754,0.3880208333333329,0.25226497650146484,0.29164960414960417
116,2.094883441925049,0.003602354321628809,0.0008088275790214539,9.157289505004883,0.40224242210388184,0.2751736111111108,0.2519175410270691,0.2915642915642913
117,2.2335667610168457,0.004025639500468969,0.0009166896343231201,9.083470344543457,0.26242417097091675,0.327256944444444,0.2522140443325043,0.2915642915642913
118,2.43707275390625,0.003644955810159445,0.0010490193963050842,8.80361557006836,0.3307299315929413,0.21874999999999978,0.25217437744140625,0.291478978978979
119,2.1979172229766846,0.006693421863019466,0.0009209439158439636,8.930500984191895,0.3414027690887451,0.31857638888888873,0.2515842318534851,0.29164960414960417
120,2.411208152770996,0.006528663914650679,0.000981844961643219,8.888850212097168,0.27340438961982727,0.2708333333333329,0.2501814663410187,0.29164960414960417
121,2.124626398086548,0.003212651237845421,0.0009355098009109497,9.122750282287598,0.26746296882629395,0.24913194444444398,0.2436634749174118,0.29164960414960417
122,2.053051471710205,0.0025882478803396225,0.0010080337524414062,9.16540241241455,0.312696248292923,0.3315972222222219,0.24355891346931458,0.29173491673491647
123,2.318248987197876,0.004537375643849373,0.0009872019290924072,8.908968925476074,0.26333826780319214,0.2621527777777777,0.2440807819366455,0.29164960414960417
124,2.3240349292755127,0.004252622835338116,0.001031719148159027,8.980786323547363,0.3501151502132416,0.2968749999999998,0.24407579004764557,0.2915642915642913
125,2.2663004398345947,0.008437272161245346,0.0008292794227600098,8.992055892944336,0.3461289703845978,0.2925347222222219,0.24345584213733673,0.29164960414960417
126,2.1852707862854004,0.0056146010756492615,0.000903986394405365,9.11075496673584,0.2637821137905121,0.24479166666666663,0.24366843700408936,0.2915642915642913
127,2.3227407932281494,0.01035470049828291,0.0010956823825836182,8.89377498626709,0.2776833772659302,0.35763888888888873,0.24397385120391846,0.29164960414960417
128,2.3572137355804443,0.0036355694755911827,0.0010331720113754272,8.925422668457031,0.8747079968452454,0.21006944444444398,0.24380451440811157,0.29139366639366615
129,2.0878052711486816,0.0040437267161905766,0.0010337978601455688,9.148356437683105,0.30757981538772583,0.32291666666666663,0.24332568049430847,0.29164960414960417
130,2.47826886177063,0.008464179933071136,0.0010746270418167114,8.90991497039795,0.3737424314022064,0.2968749999999998,0.2431488186120987,0.29182022932022933
131,2.3168487548828125,0.004856687504798174,0.001023806631565094,8.989194869995117,0.2809210419654846,0.20138888888888873,0.24387992918491364,0.29164960414960417
132,2.297150135040283,0.003862809855490923,0.0009487569332122803,8.81464672088623,0.293012797832489,0.24045138888888873,0.2434655725955963,0.29173491673491647
133,2.2823901176452637,0.005128307268023491,0.001184515655040741,8.948647499084473,0.29966580867767334,0.2968749999999998,0.24363955855369568,0.29164960414960417
134,2.2595603466033936,0.010635629296302795,0.001182064414024353,8.980977058410645,0.28102079033851624,0.19270833333333293,0.24318721890449524,0.29164960414960417
135,2.248255729675293,0.0060064783319830894,0.001093946397304535,9.010346412658691,0.2805999517440796,0.2751736111111108,0.24385449290275574,0.29164960414960417
136,2.3445963859558105,0.005742970388382673,0.0011909827589988708,8.860401153564453,0.3438863456249237,0.21874999999999978,0.24376076459884644,0.29164960414960417
137,2.1927309036254883,0.012176986783742905,0.0011678114533424377,9.118986129760742,0.31135472655296326,0.2925347222222219,0.2432050257921219,0.29173491673491647
138,1.9712573289871216,0.006168755237013102,0.0011248737573623657,9.142573356628418,0.2522788345813751,0.3142361111111108,0.2438703030347824,0.29173491673491647
139,2.4961097240448,0.006098419427871704,0.0012424737215042114,8.610849380493164,0.32148826122283936,0.20572916666666663,0.24386252462863922,0.29164960414960417
140,2.142934560775757,0.005351431667804718,0.0011843368411064148,9.087762832641602,0.2661910355091095,0.28385416666666663,0.24365516006946564,0.29164960414960417
141,2.3590073585510254,0.0027938038110733032,0.0011860057711601257,8.755327224731445,0.3442290425300598,0.18836805555555558,0.24336117506027222,0.29164960414960417
142,2.412635326385498,0.0038678646087646484,0.0013104453682899475,8.943208694458008,0.3313627541065216,0.2578124999999998,0.2437887191772461,0.2915642915642913
143,2.0635833740234375,0.004409777000546455,0.0011130347847938538,9.074731826782227,0.24703919887542725,0.36197916666666663,0.24402421712875366,0.29173491673491647
144,2.2729549407958984,0.003470292314887047,0.001162305474281311,8.851553916931152,0.3012878894805908,0.3142361111111108,0.24399761855602264,0.2923321048321048
145,2.307626724243164,0.002393065020442009,0.001215316355228424,8.83998966217041,0.2934321463108063,0.2664930555555556,0.2445610761642456,0.2934411684411681
146,2.4552195072174072,0.013443022035062313,0.0011896342039108276,8.93616008758545,0.28703954815864563,0.3142361111111108,0.2442694902420044,0.3606674856674852
147,2.0394129753112793,0.006940583698451519,0.0011681616306304932,9.19127082824707,0.3006810247898102,0.3749999999999998,0.2449047565460205,0.3609234234234232
148,2.1093578338623047,0.003408337477594614,0.0012286007404327393,8.987483978271484,0.2503712475299835,0.44010416666666663,0.24667984247207642,0.36083811083811035
149,2.348675012588501,0.0038489745929837227,0.0010974481701850891,8.82076358795166,0.2505854070186615,0.3489583333333329,0.24426957964897156,0.3609234234234232
150,2.4162371158599854,0.003267076797783375,0.0012073516845703125,8.811271667480469,0.21836534142494202,0.31857638888888873,0.24226808547973633,0.36109404859404837
151,2.24117112159729,0.005511139053851366,0.0012914389371871948,9.032417297363281,0.22181296348571777,0.366319444444444,0.23947438597679138,0.36083811083811035
152,2.246337890625,0.004170235712081194,0.0012155771255493164,8.978242874145508,0.8709409832954407,0.35763888888888873,0.23962612450122833,0.36100873600873606
153,2.1037139892578125,0.004811815917491913,0.0012857019901275635,9.062517166137695,0.25442349910736084,0.4227430555555556,0.23992428183555603,0.36083811083811035
154,2.1858654022216797,0.011880584061145782,0.0012436658143997192,8.9111909866333,0.2169092446565628,0.4227430555555556,0.24010132253170013,0.36109404859404837
155,2.1241941452026367,0.00949722621589899,0.0012233108282089233,9.001689910888672,0.21300913393497467,0.4704861111111108,0.2402086704969406,0.36100873600873606
156,1.979875087738037,0.002776533365249634,0.0013133808970451355,8.968137741088867,0.3207700848579407,0.3923611111111108,0.24023965001106262,0.36083811083811035
157,2.115126848220825,0.003344587981700897,0.0012220367789268494,9.085375785827637,0.292557954788208,0.3706597222222219,0.2396642565727234,0.3609234234234232
158,1.9824713468551636,0.001548622502014041,0.0012142807245254517,9.090777397155762,0.29709988832473755,0.4270833333333329,0.23950672149658203,0.36083811083811035
159,2.3707728385925293,0.002072757575660944,0.001388944685459137,8.769668579101562,0.27314692735671997,0.31857638888888873,0.23515141010284424,0.36100873600873606
160,2.231041669845581,0.009613348171114922,0.0011939555406570435,8.971269607543945,0.32794344425201416,0.2751736111111108,0.2328675389289856,0.36100873600873606
161,2.232386589050293,0.009220845066010952,0.0014736950397491455,8.97095012664795,0.2200142741203308,0.3055555555555556,0.23185321688652039,0.36032623532623487
162,2.122596263885498,0.004071009811013937,0.0013466402888298035,9.06488037109375,0.32321932911872864,0.36197916666666663,0.230390727519989,0.36109404859404837
163,2.342198610305786,0.0029913708567619324,0.0013192370533943176,8.907294273376465,0.31043562293052673,0.3489583333333329,0.22988837957382202,0.36075279825279805
164,2.173295497894287,0.001956213964149356,0.001480989158153534,8.881147384643555,0.23445183038711548,0.3880208333333329,0.23137515783309937,0.3601556101556097
165,2.415940046310425,0.007591193541884422,0.001299433410167694,8.748757362365723,0.28361770510673523,0.3012152777777777,0.2309383600950241,0.36075279825279805
166,2.39131236076355,0.0028818361461162567,0.0013566240668296814,8.97136402130127,0.27214372158050537,0.2968749999999998,0.2307370901107788,0.3609234234234232
167,2.32493257522583,0.038414113223552704,0.0014636144042015076,8.856086730957031,0.2816586494445801,0.36197916666666663,0.23052477836608887,0.3609234234234232
168,2.128932237625122,0.002011371310800314,0.0014053359627723694,9.081482887268066,0.2917008399963379,0.40104166666666663,0.2311934530735016,0.35989967239967224
169,2.3538401126861572,0.0035092313773930073,0.0014924481511116028,8.897163391113281,0.30630382895469666,0.27951388888888873,0.2312621772289276,0.3609234234234232
170,2.3565964698791504,0.002445036778226495,0.0013694614171981812,8.772326469421387,0.2753496468067169,0.27951388888888873,0.23145326972007751,0.3609234234234232
171,2.5323686599731445,0.002846207469701767,0.0014859214425086975,8.741392135620117,0.29516345262527466,0.2578124999999998,0.23066748678684235,0.36100873600873606
172,2.232856273651123,0.0035421508364379406,0.0014671310782432556,8.942910194396973,0.3079986572265625,0.3402777777777777,0.23059701919555664,0.3609234234234232
173,2.2112317085266113,0.003955179825425148,0.0013865381479263306,8.967863082885742,0.30087795853614807,0.3315972222222219,0.23129835724830627,0.36100873600873606
174,2.2513794898986816,0.0027102315798401833,0.0014756694436073303,8.977874755859375,0.20835423469543457,0.35763888888888873,0.23140200972557068,0.36083811083811035
175,2.2311675548553467,0.002680554986000061,0.0014361664652824402,8.946592330932617,0.25074586272239685,0.3359374999999998,0.231329545378685,0.3609234234234232
176,2.190964937210083,0.0059406952932477,0.0013920068740844727,8.96853256225586,0.26930251717567444,0.3532986111111108,0.23179781436920166,0.36100873600873606
177,2.0188586711883545,0.0007000954356044531,0.0015549808740615845,9.245036125183105,0.23478105664253235,0.3489583333333329,0.2311277985572815,0.3609234234234232
178,1.9638903141021729,0.0031280554831027985,0.0014305710792541504,9.237475395202637,0.19668468832969666,0.483506944444444,0.23060888051986694,0.3609234234234232
179,2.2892565727233887,0.0013073845766484737,0.0015018656849861145,8.866287231445312,0.2698851525783539,0.3446180555555556,0.23139618337154388,0.3609234234234232
180,2.310110569000244,0.07929221540689468,0.0014144107699394226,8.795554161071777,0.25410476326942444,0.3706597222222219,0.23046372830867767,0.3606674856674852
181,2.2172927856445312,0.0023468430154025555,0.001515798270702362,9.060673713684082,0.20487327873706818,0.3749999999999998,0.2297631800174713,0.36109404859404837
182,2.3244738578796387,0.0036107278428971767,0.0014279484748840332,8.925702095031738,0.2174389362335205,0.31857638888888873,0.22773750126361847,0.36100873600873606
183,2.4790232181549072,0.0071798935532569885,0.0015298649668693542,8.779131889343262,0.24265676736831665,0.2621527777777777,0.2277849316596985,0.3609234234234232
184,2.2053372859954834,0.0020985673181712627,0.0014950409531593323,9.046442031860352,0.3069920241832733,0.288194444444444,0.2262391299009323,0.36100873600873606
185,2.0537734031677246,0.0017854177858680487,0.0014398768544197083,9.07858943939209,0.2397419959306717,0.4270833333333329,0.22543157637119293,0.36100873600873606
186,2.0214247703552246,0.0011768254917114973,0.001481376588344574,9.18093490600586,0.2395676076412201,0.3793402777777777,0.22558429837226868,0.3609234234234232
187,2.143493175506592,0.000764491967856884,0.001534096896648407,9.160192489624023,0.2801591455936432,0.3446180555555556,0.22504577040672302,0.36100873600873606
188,1.8928627967834473,0.0013459136243909597,0.001504853367805481,9.308699607849121,0.32760095596313477,0.3402777777777777,0.2242402732372284,0.36100873600873606
189,1.852015733718872,0.0013585090637207031,0.0013373121619224548,9.264726638793945,0.27500465512275696,0.3880208333333329,0.22414688766002655,0.36100873600873606
190,2.273432493209839,0.0014715418219566345,0.001515313982963562,8.97415542602539,0.31006550788879395,0.288194444444444,0.22452527284622192,0.3609234234234232
191,2.1087865829467773,0.002545376308262348,0.001455649733543396,9.008600234985352,0.19321119785308838,0.39670138888888873,0.22374704480171204,0.3609234234234232
192,2.2636048793792725,0.0013366988860070705,0.0014381855726242065,8.996554374694824,0.23559609055519104,0.3836805555555556,0.22316095232963562,0.36100873600873606
193,2.0977931022644043,0.0053037735633552074,0.0014667809009552002,9.115455627441406,0.33177199959754944,0.36197916666666663,0.22289319336414337,0.36100873600873606
194,1.936345100402832,0.0011862704996019602,0.001485481858253479,9.251359939575195,0.24330750107765198,0.43576388888888873,0.22310085594654083,0.36100873600873606
195,1.9735699892044067,0.0010401823092252016,0.0014678984880447388,9.2483491897583,0.27057865262031555,0.3836805555555556,0.2227199822664261,0.36100873600873606
196,2.186829090118408,0.0010316034313291311,0.0015582814812660217,8.929014205932617,0.22410646080970764,0.3836805555555556,0.22252731025218964,0.36100873600873606
197,2.25795578956604,0.002236458007246256,0.0015748962759971619,9.017354011535645,0.2538696527481079,0.3836805555555556,0.22319279611110687,0.36100873600873606
198,2.5167763233184814,0.0014849931467324495,0.0014347657561302185,8.572988510131836,0.26119264960289,0.288194444444444,0.22350138425827026,0.36100873600873606
199,2.341500759124756,0.00011785677634179592,0.0015901029109954834,8.813976287841797,0.25986528396606445,0.3402777777777777,0.22353695333003998,0.36100873600873606
200,2.0381345748901367,0.0006818047259002924,0.0016258656978607178,9.145639419555664,0.2812683880329132,0.3359374999999998,0.2223730981349945,0.36100873600873606
201,2.308314085006714,0.0011574074160307646,0.0015373826026916504,8.78079605102539,0.23336045444011688,0.3055555555555556,0.22286783158779144,0.36100873600873606
202,2.0760321617126465,0.004865726456046104,0.0015590935945510864,9.129164695739746,0.7402209043502808,0.39670138888888873,0.22349384427070618,0.36100873600873606
203,2.282496452331543,0.0015553012490272522,0.0015667006373405457,8.937102317810059,0.22599172592163086,0.3706597222222219,0.2237991988658905,0.36100873600873606
204,2.2905335426330566,0.0002266368828713894,0.0016133487224578857,8.945778846740723,0.2317947894334793,0.3402777777777777,0.22409914433956146,0.36100873600873606
205,2.1023755073547363,0.0011650375090539455,0.0015887618064880371,9.093791007995605,0.21144811809062958,0.40104166666666663,0.22392040491104126,0.36100873600873606
206,2.22920298576355,0.0021292641758918762,0.0015460774302482605,8.94561767578125,0.23608916997909546,0.3706597222222219,0.2243165671825409,0.36100873600873606
207,1.988366961479187,-0.00013253348879516125,0.0016976594924926758,9.231606483459473,0.1959475725889206,0.40104166666666663,0.2231096774339676,0.36100873600873606
208,2.367037773132324,0.0008572584483772516,0.0016774162650108337,8.86009693145752,0.26397112011909485,0.3446180555555556,0.22349804639816284,0.36100873600873606
209,2.5541446208953857,0.0005448851734399796,0.001666732132434845,8.7871675491333,0.2981239855289459,0.3315972222222219,0.22374524176120758,0.36100873600873606
210,2.2516868114471436,0.0003886404447257519,0.0016609951853752136,8.868745803833008,0.2966700792312622,0.27951388888888873,0.22362485527992249,0.36100873600873606
211,2.1542725563049316,0.0067946212366223335,0.0018044933676719666,8.995524406433105,0.273639053106308,0.3402777777777777,0.2236185520887375,0.36100873600873606
212,2.1388378143310547,0.0005881576798856258,0.001694411039352417,9.04214859008789,0.25522077083587646,0.3793402777777777,0.2239581197500229,0.36100873600873606
213,1.918654203414917,6.888213101774454e-05,0.0015546604990959167,9.259050369262695,0.20821842551231384,0.4097222222222219,0.2229682356119156,0.36100873600873606
214,2.19335675239563,-0.00011124159209430218,0.0018114671111106873,9.187288284301758,0.2701868414878845,0.366319444444444,0.2238413244485855,0.36100873600873606
215,2.451665163040161,0.0007115011103451252,0.001809731125831604,8.633325576782227,0.2934286892414093,0.3142361111111108,0.22409218549728394,0.36100873600873606
216,2.3568427562713623,0.0007225240115076303,0.0018419846892356873,8.775449752807617,0.25120991468429565,0.32291666666666663,0.2234681397676468,0.36100873600873606
217,2.3407840728759766,0.004933001007884741,0.001771390438079834,8.866491317749023,0.23764245212078094,0.3098958333333329,0.22425797581672668,0.36100873600873606
218,2.31823468208313,0.00010814866982400417,0.0017129331827163696,8.916457176208496,0.31980714201927185,0.3446180555555556,0.22415345907211304,0.36100873600873606
219,2.1471424102783203,0.006633181124925613,0.001907534897327423,9.017602920532227,0.27047187089920044,0.3923611111111108,0.222664013504982,0.36100873600873606
220,2.214670181274414,0.0004784592892974615,0.0018425732851028442,9.021350860595703,0.2581360936164856,0.3749999999999998,0.22349689900875092,0.36100873600873606
221,2.108943462371826,0.0010341480374336243,0.0018270313739776611,8.992390632629395,0.2646194398403168,0.3836805555555556,0.22389723360538483,0.36100873600873606
222,2.226038932800293,0.033065345138311386,0.001918897032737732,9.071560859680176,0.2709212303161621,0.31857638888888873,0.22324295341968536,0.36100873600873606
223,2.2547659873962402,0.0016335323452949524,0.001798585057258606,9.012166976928711,0.31952112913131714,0.2925347222222219,0.22335712611675262,0.36100873600873606
224,2.3463690280914307,0.0014618556015193462,0.0019284039735794067,8.878864288330078,0.27948299050331116,0.3446180555555556,0.22340846061706543,0.36100873600873606
225,2.365896701812744,0.0011837217025458813,0.0019221454858779907,8.862272262573242,0.4081956744194031,0.3142361111111108,0.22396960854530334,0.36100873600873606
226,2.0135936737060547,0.000268472358584404,0.001635909080505371,9.159497261047363,0.1804414838552475,0.4140624999999998,0.22400888800621033,0.36109404859404837
227,2.1875340938568115,0.00038186507299542427,0.001941084861755371,9.065102577209473,0.29854562878608704,0.2925347222222219,0.22387173771858215,0.36100873600873606
228,2.033172130584717,0.0070747751742601395,0.0017280057072639465,9.204045295715332,0.3310202956199646,0.36197916666666663,0.22382529079914093,0.36100873600873606
229,1.924666404724121,0.0002525204326957464,0.001799367368221283,9.29894733428955,0.2549647390842438,0.44010416666666663,0.2230967879295349,0.36100873600873606
230,2.493870973587036,4.3197767809033394e-05,0.0019155368208885193,8.846454620361328,0.3048679530620575,0.3142361111111108,0.22413375973701477,0.36100873600873606
231,2.280945301055908,0.00013104570098221302,0.001918986439704895,8.872276306152344,0.2594524919986725,0.3402777777777777,0.22343960404396057,0.36100873600873606
232,2.2495346069335938,0.0010164522100239992,0.0019209161400794983,8.837206840515137,0.2408597320318222,0.35763888888888873,0.224683478474617,0.36100873600873606
233,1.9285619258880615,0.002461646217852831,0.0018276870250701904,9.375871658325195,0.2400033324956894,0.327256944444444,0.22374844551086426,0.36109404859404837
234,2.338465690612793,0.0002525744494050741,0.0020487233996391296,8.946647644042969,0.21281540393829346,0.327256944444444,0.19540375471115112,0.36373873873873863
235,2.3347203731536865,0.006776741705834866,0.001829676330089569,8.827299118041992,0.24228160083293915,0.3012152777777777,0.19323159754276276,0.372867185367185
236,2.1602466106414795,0.0005144251044839621,0.00193680077791214,9.065163612365723,0.19264863431453705,0.40104166666666663,0.19351138174533844,0.372867185367185
237,2.320580244064331,0.029101911932229996,0.0017664134502410889,8.825883865356445,0.24976444244384766,0.3315972222222219,0.19289706647396088,0.372867185367185
238,2.2711453437805176,0.000202997587621212,0.0019011646509170532,8.946592330932617,0.1770915985107422,0.3402777777777777,0.19113603234291077,0.372867185367185
239,2.5102121829986572,0.005194935016334057,0.0017777085304260254,8.726595878601074,0.18977288901805878,0.36197916666666663,0.19145949184894562,0.372867185367185
240,2.2394156455993652,0.000744301825761795,0.0019116923213005066,9.075196266174316,0.2544179856777191,0.3532986111111108,0.19044558703899384,0.372867185367185
241,2.3450989723205566,0.0011664358898997307,0.00186871737241745,8.825641632080078,0.21937094628810883,0.31857638888888873,0.19181878864765167,0.372867185367185
242,2.240156650543213,0.000441310228779912,0.0019424855709075928,8.994865417480469,0.2111423909664154,0.3793402777777777,0.19011715054512024,0.372867185367185
243,2.1907074451446533,0.0005775024183094501,0.001827053725719452,9.00778865814209,0.1967153400182724,0.366319444444444,0.19101856648921967,0.372867185367185
244,2.248039960861206,0.0012066566850990057,0.0018149018287658691,9.013723373413086,0.22085420787334442,0.3880208333333329,0.19044692814350128,0.372867185367185
245,2.164133071899414,-7.84597359597683e-05,0.001973949372768402,9.07214069366455,0.2108885794878006,0.35763888888888873,0.19142690300941467,0.37295249795249785
246,2.26729416847229,0.0006806184537708759,0.0020147785544395447,8.903488159179688,0.20428279042243958,0.3315972222222219,0.19069303572177887,0.372867185367185
247,2.4389867782592773,0.009236244484782219,0.0019953548908233643,8.798054695129395,0.22490262985229492,0.32291666666666663,0.19042541086673737,0.372867185367185
248,2.2049131393432617,0.0015950859524309635,0.0019033104181289673,8.90147590637207,0.15108154714107513,0.3749999999999998,0.19012156128883362,0.372867185367185
249,2.0097618103027344,-0.0002926501911133528,0.0019924789667129517,9.323699951171875,0.18136367201805115,0.39670138888888873,0.18951630592346191,0.372867185367185
250,2.236126661300659,0.029462415724992752,0.002062857151031494,8.983541488647461,0.25120842456817627,0.3880208333333329,0.19113653898239136,0.372867185367185
251,2.351726531982422,4.131859168410301e-05,0.0020574182271957397,8.868525505065918,0.24178683757781982,0.3532986111111108,0.19053678214550018,0.372867185367185
252,2.3593358993530273,-0.00044271047227084637,0.0021003782749176025,8.875033378601074,0.2873041033744812,0.31857638888888873,0.19004125893115997,0.372867185367185
253,2.3795533180236816,0.002847847994416952,0.001999691128730774,8.835386276245117,0.27625781297683716,0.35763888888888873,0.19024494290351868,0.372867185367185
254,1.845300555229187,0.029342755675315857,0.002042613923549652,9.39456558227539,0.16416262090206146,0.4531249999999998,0.18978631496429443,0.372867185367185
255,2.0080490112304688,0.005272155627608299,0.00220605731010437,9.08105754852295,0.2404586225748062,0.35763888888888873,0.18831998109817505,0.372867185367185
256,2.2525038719177246,0.008951077237725258,0.0020545348525047302,8.927305221557617,0.20215795934200287,0.3836805555555556,0.19016024470329285,0.372867185367185
257,2.3366270065307617,0.012036321684718132,0.001985512673854828,8.77264404296875,0.19917219877243042,0.405381944444444,0.18879570066928864,0.372867185367185
258,2.3015975952148438,0.0016620773822069168,0.0020685940980911255,8.887800216674805,0.18381845951080322,0.3836805555555556,0.18841658532619476,0.372867185367185
259,1.9427345991134644,-0.0003735710633918643,0.0020714029669761658,9.373132705688477,0.17825406789779663,0.4487847222222219,0.18858380615711212,0.372867185367185
260,2.542288303375244,0.0007836821023374796,0.002127237617969513,8.70784854888916,0.19168905913829803,0.35763888888888873,0.18867315351963043,0.372867185367185
261,2.3566718101501465,0.005619986914098263,0.002240486443042755,8.884838104248047,0.19585853815078735,0.3142361111111108,0.18900936841964722,0.372867185367185
262,2.152243137359619,0.00519552594050765,0.0019436478614807129,9.16475772857666,0.17732414603233337,0.3836805555555556,0.1885511577129364,0.372867185367185
263,2.190998077392578,0.0006896392442286015,0.0020331591367721558,9.203829765319824,0.16505539417266846,0.3532986111111108,0.18807505071163177,0.372867185367185
264,2.0493669509887695,0.005185131914913654,0.0019876286387443542,9.19393253326416,0.693628191947937,0.4270833333333329,0.18900302052497864,0.372867185367185
265,2.246084690093994,0.00027900515124201775,0.002146773040294647,9.031049728393555,0.20233330130577087,0.31857638888888873,0.18859794735908508,0.372867185367185
266,2.3004913330078125,0.0006017172709107399,0.0020278021693229675,8.94918441772461,0.20128020644187927,0.405381944444444,0.18683484196662903,0.372867185367185
267,2.1235086917877197,0.0009021991863846779,0.002166472375392914,9.011897087097168,0.17096871137619019,0.444444444444444,0.1887265145778656,0.372867185367185
268,2.233670473098755,0.0011304274667054415,0.0020968392491340637,8.918874740600586,0.23611941933631897,0.3489583333333329,0.18845555186271667,0.372867185367185
269,1.95709228515625,0.010821400210261345,0.002090141177177429,9.366815567016602,0.2005312442779541,0.4227430555555556,0.18852560222148895,0.372867185367185
270,2.352638006210327,0.00034906016662716866,0.0021630674600601196,8.733484268188477,0.266360878944397,0.2968749999999998,0.18895244598388672,0.372867185367185
271,2.3871734142303467,0.0023837583139538765,0.0021226704120635986,8.822644233703613,0.24126946926116943,0.327256944444444,0.18898573517799377,0.372867185367185
272,1.9138745069503784,0.0016515091992914677,0.001977957785129547,9.279435157775879,0.2364284247159958,0.483506944444444,0.18799281120300293,0.372867185367185
273,2.2862021923065186,0.002969462424516678,0.002200201153755188,8.999043464660645,0.19987545907497406,0.3749999999999998,0.1889706701040268,0.372867185367185
274,2.3089334964752197,0.004902200307697058,0.0021027401089668274,8.96819019317627,0.21155135333538055,0.35763888888888873,0.18922016024589539,0.372867185367185
275,2.0843780040740967,0.0012060762383043766,0.002020500600337982,9.240856170654297,0.20425105094909668,0.3532986111111108,0.1897517293691635,0.372867185367185
276,2.008455753326416,0.0006296392530202866,0.0019855499267578125,9.11697769165039,0.18974488973617554,0.4097222222222219,0.18846821784973145,0.372867185367185
277,2.3634562492370605,0.0031760847195982933,0.0020856037735939026,8.869562149047852,0.22837266325950623,0.32291666666666663,0.18867288529872894,0.372867185367185
278,2.292325258255005,0.0025483514182269573,0.0021587535738945007,8.930767059326172,0.21499954164028168,0.3315972222222219,0.19036181271076202,0.372867185367185
279,2.111550807952881,0.0008273865096271038,0.0020333677530288696,9.031270027160645,0.16040585935115814,0.3706597222222219,0.18874923884868622,0.372867185367185
280,2.1559245586395264,0.0010678893886506557,0.002142295241355896,9.031415939331055,0.2489769607782364,0.36197916666666663,0.18896007537841797,0.372867185367185
281,2.268641233444214,0.0019270675256848335,0.0020488575100898743,9.004056930541992,0.21379561722278595,0.3532986111111108,0.18892571330070496,0.372867185367185
282,2.161929130554199,0.013643469661474228,0.0021117180585861206,9.103388786315918,0.21469078958034515,0.3923611111111108,0.18872150778770447,0.372867185367185
283,2.272313356399536,0.00015282491222023964,0.00205877423286438,8.827630996704102,0.18839031457901,0.3880208333333329,0.1870621293783188,0.372867185367185
284,2.3157906532287598,0.0010155308991670609,0.002098366618156433,8.886343002319336,0.30751991271972656,0.3793402777777777,0.18827416002750397,0.372867185367185
285,2.199423313140869,0.0036683175712823868,0.002241663634777069,9.046704292297363,0.16755090653896332,0.39670138888888873,0.1910039633512497,0.372867185367185
286,2.1094586849212646,0.001781156286597252,0.0019022077322006226,9.189800262451172,0.21038129925727844,0.3793402777777777,0.18851277232170105,0.372867185367185
287,2.2321226596832275,0.0045659602619707584,0.0021026283502578735,9.045597076416016,0.21786877512931824,0.3793402777777777,0.18791057169437408,0.372867185367185
288,2.2380805015563965,0.00011293473653495312,0.0020466819405555725,9.099137306213379,0.1666414588689804,0.36197916666666663,0.18751615285873413,0.372867185367185
289,2.238426923751831,0.0006535397842526436,0.002191297709941864,9.187746047973633,0.20945148169994354,0.3489583333333329,0.1890237182378769,0.3727818727818727
290,2.2449421882629395,0.001724660163745284,0.002174176275730133,9.024853706359863,0.22020716965198517,0.3793402777777777,0.18843403458595276,0.372867185367185
291,2.163841962814331,0.010251201689243317,0.0021133869886398315,9.110407829284668,0.17117221653461456,0.4097222222222219,0.18944904208183289,0.372867185367185
292,2.427391767501831,0.00045130355283617973,0.0021979734301567078,8.855550765991211,0.19862809777259827,0.3793402777777777,0.18965697288513184,0.372867185367185
293,2.3990893363952637,0.0017322222702205181,0.002190634608268738,8.75878620147705,0.24433860182762146,0.3532986111111108,0.19036026298999786,0.372867185367185
294,2.0960967540740967,5.187699571251869e-06,0.0021247342228889465,9.133328437805176,0.19708827137947083,0.4140624999999998,0.18806864321231842,0.372867185367185
295,1.9555153846740723,0.003473925869911909,0.0021087080240249634,9.203865051269531,0.14642906188964844,0.4227430555555556,0.18919111788272858,0.372867185367185
296,2.21354603767395,0.004157837480306625,0.0020462796092033386,8.99597454071045,0.20764128863811493,0.4270833333333329,0.1889374554157257,0.372867185367185
297,2.0094194412231445,0.004695468116551638,0.0020518526434898376,9.151787757873535,0.16299091279506683,0.4487847222222219,0.188069686293602,0.372867185367185
298,2.3737359046936035,0.0035801390185952187,0.0021585077047348022,8.931093215942383,0.21562901139259338,0.32291666666666663,0.1888744831085205,0.372867185367185
299,2.2571983337402344,0.00020232703536748886,0.0021292120218276978,9.016118049621582,0.2322065830230713,0.35763888888888873,0.18996505439281464,0.37295249795249785
300,2.5517797470092773,0.012727487832307816,0.0023557841777801514,8.719284057617188,0.15913012623786926,0.3489583333333329,0.18920093774795532,0.372867185367185
301,2.4745988845825195,0.00793551467359066,0.0021713972091674805,8.756428718566895,0.20984748005867004,0.2708333333333329,0.18782562017440796,0.372867185367185
302,1.939253568649292,0.0037002190947532654,0.0020661726593971252,9.316614151000977,0.19601798057556152,0.44010416666666663,0.18917807936668396,0.372867185367185
303,2.180858850479126,-0.0001379342284053564,0.0021927878260612488,9.00606918334961,0.20081432163715363,0.3098958333333329,0.18973731994628906,0.37295249795249785
304,2.285924196243286,0.003099610563367605,0.002080954611301422,8.800923347473145,0.22237923741340637,0.405381944444444,0.1893618404865265,0.372867185367185
305,2.2829761505126953,0.0008992520160973072,0.0022174790501594543,9.046991348266602,0.19745710492134094,0.3359374999999998,0.19036047160625458,0.372867185367185
306,2.208895683288574,0.00042935367673635483,0.0021460577845573425,9.013922691345215,0.25270068645477295,0.39670138888888873,0.19023136794567108,0.372867185367185
307,2.2538793087005615,0.0024853283539414406,0.0022179782390594482,8.990710258483887,0.18710245192050934,0.3489583333333329,0.18891507387161255,0.372867185367185
308,2.2625572681427,0.0013089487329125404,0.0022693201899528503,8.958572387695312,0.22017419338226318,0.3532986111111108,0.1891535371541977,0.372867185367185
309,2.453416585922241,0.029904548078775406,0.002166338264942169,8.818889617919922,0.1939130276441574,0.3098958333333329,0.18831828236579895,0.372867185367185
310,1.9180138111114502,0.017066551372408867,0.0019610971212387085,9.369040489196777,0.1960795372724533,0.4184027777777777,0.1885617971420288,0.372867185367185
311,2.2508625984191895,0.0009955824352800846,0.0021742582321166992,9.060041427612305,0.24445445835590363,0.3532986111111108,0.18851283192634583,0.372867185367185
312,2.03326416015625,0.0036708377301692963,0.0019995644688606262,9.226580619812012,0.18060430884361267,0.444444444444444,0.1890029013156891,0.372867185367185
313,2.1794514656066895,0.001310048159211874,0.0019568130373954773,8.978034019470215,0.17999665439128876,0.39670138888888873,0.18958443403244019,0.372867185367185
314,2.156259536743164,0.0011733169667422771,0.0019846707582473755,9.203204154968262,0.18434691429138184,0.444444444444444,0.188434436917305,0.372867185367185
315,1.9928838014602661,0.005054861307144165,0.002092413604259491,9.210505485534668,0.17438262701034546,0.405381944444444,0.1894126832485199,0.372867185367185
316,2.36572527885437,0.0019855769351124763,0.0022255554795265198,8.886860847473145,0.2203340232372284,0.3402777777777777,0.18896785378456116,0.372867185367185
317,2.0891613960266113,0.005957885645329952,0.0019924715161323547,9.123849868774414,0.18089134991168976,0.4184027777777777,0.1891641765832901,0.3727818727818727
318,2.115168571472168,0.0039423443377017975,0.002067476511001587,9.160405158996582,0.2425452470779419,0.2925347222222219,0.1887320727109909,0.372867185367185
319,2.136282444000244,0.002539760898798704,0.002023138105869293,8.946703910827637,0.2071535289287567,0.3923611111111108,0.1891346424818039,0.372867185367185
320,2.6183512210845947,0.003004439640790224,0.002123013138771057,8.760897636413574,0.17788581550121307,0.327256944444444,0.1885332614183426,0.372867185367185
321,2.435059070587158,0.001667566830292344,0.0021858885884284973,8.755345344543457,0.16819967329502106,0.3880208333333329,0.18738128244876862,0.372867185367185
322,2.3766417503356934,0.01049518771469593,0.0022346973419189453,8.895989418029785,0.22829562425613403,0.3446180555555556,0.18789373338222504,0.372867185367185
323,2.2330243587493896,0.001418503001332283,0.0020680055022239685,8.863503456115723,0.21291525661945343,0.36197916666666663,0.188986673951149,0.372867185367185
324,2.3456366062164307,0.0003506257198750973,0.0021904483437538147,8.761141777038574,0.19851014018058777,0.35763888888888873,0.18957696855068207,0.372867185367185
325,2.3202598094940186,0.007862122729420662,0.002174869179725647,8.891281127929688,0.21008625626564026,0.327256944444444,0.18810167908668518,0.372867185367185
326,2.0966854095458984,0.007445987313985825,0.0020860806107521057,9.142894744873047,0.22595097124576569,0.4184027777777777,0.18965686857700348,0.372867185367185
327,2.0173630714416504,-0.0007450825069099665,0.002135254442691803,9.358214378356934,0.21603868901729584,0.3880208333333329,0.18999196588993073,0.372867185367185
328,1.9817049503326416,0.000852205092087388,0.002302110195159912,9.228740692138672,0.22336892783641815,0.36197916666666663,0.19219620525836945,0.372867185367185
329,2.097456455230713,0.0022768648341298103,0.002086341381072998,9.166545867919922,0.2356087565422058,0.4574652777777777,0.1915832906961441,0.372867185367185
330,2.340247631072998,0.008662993088364601,0.0022088289260864258,8.932234764099121,0.6629807949066162,0.36197916666666663,0.19196884334087372,0.3725259350259347
331,2.152024984359741,0.0011301564518362284,0.0020476579666137695,9.037524223327637,0.251547634601593,0.3880208333333329,0.19285786151885986,0.3725259350259347
332,2.4161887168884277,0.0020041856914758682,0.0020881295204162598,8.864579200744629,0.20804698765277863,0.35763888888888873,0.1930866837501526,0.37261124761124753
333,2.1235272884368896,0.0032061338424682617,0.002076461911201477,9.088887214660645,0.19536487758159637,0.44010416666666663,0.1961929202079773,0.3722699972699972
334,2.1961259841918945,0.000729850260540843,0.002211920917034149,8.908207893371582,0.2644716501235962,0.3706597222222219,0.1940625011920929,0.3720140595140592
335,2.1210832595825195,0.0016511641442775726,0.0020266473293304443,8.942550659179688,0.19282327592372894,0.405381944444444,0.19187268614768982,0.3723553098553095
336,2.0590884685516357,0.007074842229485512,0.002105116844177246,9.255393028259277,0.23084113001823425,0.3359374999999998,0.18738654255867004,0.37218468468468435
337,1.998354196548462,0.00396418571472168,0.002041563391685486,9.262246131896973,0.20180188119411469,0.43576388888888873,0.1913246214389801,0.30879743379743363
338,2.150193691253662,0.002564159221947193,0.0020421892404556274,9.105066299438477,0.21415457129478455,0.2925347222222219,0.18904967606067657,0.30879743379743363
339,2.2131171226501465,0.007652445696294308,0.0021775811910629272,8.999629020690918,0.2164781242609024,0.35763888888888873,0.19263115525245667,0.30879743379743363
340,2.30598521232605,0.00561046227812767,0.0021662041544914246,8.954609870910645,0.16821372509002686,0.3315972222222219,0.19224460422992706,0.30871212121212077
341,2.2653205394744873,0.0025814995169639587,0.001954786479473114,8.963650703430176,0.19662627577781677,0.31857638888888873,0.1912408024072647,0.30888274638274593
342,2.3005781173706055,0.0023717209696769714,0.0021844133734703064,8.95217514038086,0.25971609354019165,0.2621527777777777,0.19028443098068237,0.30871212121212077
343,2.20025372505188,0.0026414329186081886,0.0021852627396583557,9.055570602416992,0.20506009459495544,0.2968749999999998,0.1919279396533966,0.30879743379743363
344,1.997011661529541,0.002717796713113785,0.0020990371704101562,9.248058319091797,0.2320459634065628,0.3315972222222219,0.18908226490020752,0.30879743379743363
345,2.349102258682251,0.002117116004228592,0.0021479278802871704,8.883225440979004,0.2974517345428467,0.3315972222222219,0.18717755377292633,0.30879743379743363
346,2.2369420528411865,0.0019224383868277073,0.0022018030285835266,9.004920959472656,0.1864568293094635,0.3315972222222219,0.18724562227725983,0.30879743379743363
347,2.2220661640167236,0.004843202885240316,0.002162657678127289,9.056656837463379,0.20039768517017365,0.28385416666666663,0.18750379979610443,0.30879743379743363
348,2.1945769786834717,0.0022097150795161724,0.002063862979412079,8.983154296875,0.20336873829364777,0.3489583333333329,0.18443302810192108,0.30879743379743363
349,2.4028971195220947,0.0032497867941856384,0.002135545015335083,8.915972709655762,0.5613551735877991,0.2925347222222219,0.18622247874736786,0.30879743379743363
350,2.106416940689087,0.0021601058542728424,0.0020015165209770203,9.060205459594727,0.20160086452960968,0.366319444444444,0.18460015952587128,0.30871212121212077
351,2.034987688064575,0.0009687412530183792,0.00208485871553421,9.078548431396484,0.17679809033870697,0.366319444444444,0.1887034922838211,0.30879743379743363
352,2.480051040649414,0.0034307786263525486,0.0022280514240264893,8.801466941833496,0.23321689665317535,0.22743055555555558,0.18485672771930695,0.30879743379743363
353,2.2428982257843018,0.002514558844268322,0.002086237072944641,9.034185409545898,0.22109222412109375,0.3402777777777777,0.18626224994659424,0.30879743379743363
354,2.3271243572235107,0.0005658639129251242,0.0021597668528556824,8.90349006652832,0.25529998540878296,0.28385416666666663,0.18522663414478302,0.30879743379743363
355,2.2349910736083984,0.00376143679022789,0.0019067749381065369,8.939634323120117,0.19929584860801697,0.2708333333333329,0.18346594274044037,0.30879743379743363
356,2.285457134246826,0.0015260486397892237,0.0020853430032730103,8.998554229736328,0.201212540268898,0.3142361111111108,0.18673917651176453,0.30879743379743363
357,2.519836902618408,0.0015305825509130955,0.0020590797066688538,8.724557876586914,0.2065841406583786,0.36197916666666663,0.18558239936828613,0.30879743379743363
358,2.385343551635742,0.002673809416592121,0.002182580530643463,8.907798767089844,0.21539174020290375,0.2664930555555556,0.1868053376674652,0.30879743379743363
359,2.1264946460723877,0.0015047041233628988,0.0022134408354759216,9.099409103393555,0.20470337569713593,0.3793402777777777,0.18658815324306488,0.30879743379743363
360,2.252784490585327,0.0038226968608796597,0.0022471025586128235,8.944486618041992,0.21909989416599274,0.3446180555555556,0.186085507273674,0.30879743379743363
361,2.533785820007324,0.002337177749723196,0.0021496042609214783,8.645302772521973,0.236981600522995,0.2534722222222219,0.18697534501552582,0.30879743379743363
362,2.2864582538604736,0.0026723649352788925,0.0023124292492866516,8.936676025390625,0.2664114236831665,0.2578124999999998,0.1891370713710785,0.30879743379743363
363,2.564018487930298,0.037637852132320404,0.0024072304368019104,8.675600051879883,0.23703832924365997,0.23611111111111083,0.18732839822769165,0.30879743379743363
364,2.4109272956848145,0.0005777659825980663,0.002294100821018219,8.914609909057617,0.2700763940811157,0.3098958333333329,0.18675751984119415,0.30879743379743363
365,2.2444474697113037,0.042454205453395844,0.0021483004093170166,8.88086223602295,0.20366081595420837,0.3489583333333329,0.1885518878698349,0.30879743379743363
366,2.235208034515381,0.0016413372941315174,0.0023086369037628174,9.034833908081055,0.22527389228343964,0.2621527777777777,0.1866147518157959,0.30879743379743363
367,2.096569061279297,0.008960878476500511,0.002072356641292572,9.18073558807373,0.16350416839122772,0.36197916666666663,0.18429237604141235,0.30879743379743363
368,2.1223981380462646,0.025469718500971794,0.0021153390407562256,8.975083351135254,0.20990659296512604,0.2968749999999998,0.18645437061786652,0.30879743379743363
369,2.307589292526245,0.036264918744564056,0.002384379506111145,8.919410705566406,0.2783185839653015,0.3055555555555556,0.18586568534374237,0.30879743379743363
370,1.887189507484436,0.04255114495754242,0.0020984411239624023,9.300374031066895,0.16928957402706146,0.3880208333333329,0.18601801991462708,0.30879743379743363
371,2.535835027694702,0.1873364895582199,-0.0005933195352554321,8.904780387878418,0.1998351663351059,0.2578124999999998,0.18872126936912537,0.30879743379743363
372,2.2575554847717285,0.05016743019223213,-0.0008546262979507446,9.010318756103516,0.23993302881717682,0.3402777777777777,0.18696607649326324,0.30879743379743363
373,2.5668439865112305,0.029553519561886787,-0.0007031112909317017,8.860827445983887,0.23303478956222534,0.2578124999999998,0.1898731142282486,0.30879743379743363
374,2.3165431022644043,0.01924891211092472,-0.0009219720959663391,8.96256160736084,0.1901857703924179,0.2968749999999998,0.18683269619941711,0.30879743379743363
375,2.3950183391571045,0.015416339039802551,-0.001117601990699768,9.072104454040527,0.23967687785625458,0.2621527777777777,0.18524031341075897,0.30879743379743363
376,2.27038311958313,0.03329215198755264,-0.0009803920984268188,8.963210105895996,0.18617431819438934,0.3315972222222219,0.18291133642196655,0.30879743379743363
377,1.9473532438278198,0.013274944387376308,-0.0009319111704826355,9.512275695800781,0.1805015504360199,0.3315972222222219,0.18273554742336273,0.30879743379743363
378,2.32492733001709,0.011774817481637001,-0.0010825693607330322,8.943570137023926,0.20755207538604736,0.3098958333333329,0.18453161418437958,0.30879743379743363
379,1.950855016708374,0.012599262408912182,-0.0008812695741653442,9.355541229248047,0.18310190737247467,0.40104166666666663,0.18346944451332092,0.30879743379743363
380,2.3124051094055176,0.027165226638317108,-0.00098380446434021,8.966422080993652,0.2561226487159729,0.3012152777777777,0.18070460855960846,0.30879743379743363
381,2.3539209365844727,0.007011441979557276,-0.000876501202583313,9.016847610473633,0.18014495074748993,0.3446180555555556,0.1862969994544983,0.30879743379743363
382,2.5306742191314697,0.021810922771692276,-0.0007859840989112854,8.853676795959473,0.1827779859304428,0.24479166666666663,0.18448638916015625,0.30879743379743363
383,2.3272838592529297,0.008495870977640152,-0.0007019862532615662,8.914630889892578,0.2581152021884918,0.2534722222222219,0.18572081625461578,0.30879743379743363
384,2.5111961364746094,0.013234332203865051,-0.0006974935531616211,8.817097663879395,0.2245039939880371,0.3142361111111108,0.18410417437553406,0.30879743379743363
385,2.0730936527252197,0.005127332638949156,-0.0005475729703903198,9.121837615966797,0.21190592646598816,0.3446180555555556,0.18341507017612457,0.30879743379743363
386,2.5645599365234375,0.006029612384736538,-0.0004995539784431458,8.634281158447266,0.1762569546699524,0.2621527777777777,0.18313272297382355,0.30879743379743363
387,2.3339743614196777,0.0050349123775959015,-0.0003848820924758911,8.946332931518555,0.19482384622097015,0.31857638888888873,0.18419267237186432,0.30879743379743363
388,1.8786531686782837,0.003560078563168645,-0.0003227218985557556,9.536911964416504,0.15232187509536743,0.405381944444444,0.18615037202835083,0.30879743379743363
389,2.3737688064575195,0.00351081439293921,-0.0002545267343521118,8.8391695022583,0.2023937702178955,0.3359374999999998,0.18278376758098602,0.30879743379743363
390,2.344888687133789,0.003918908536434174,-0.00020812451839447021,8.974587440490723,0.228875994682312,0.3706597222222219,0.18443109095096588,0.30879743379743363
391,2.333871841430664,0.0025689052417874336,-5.224347114562988e-05,8.978527069091797,0.20586606860160828,0.2968749999999998,0.1817900389432907,0.30879743379743363
392,2.4869086742401123,0.005983998533338308,-7.009506225585938e-05,8.840644836425781,0.20395012199878693,0.24913194444444398,0.1836782693862915,0.30879743379743363
393,2.1184234619140625,0.0024481164291501045,-1.6838312149047852e-06,9.357830047607422,0.24250410497188568,0.3359374999999998,0.1808117926120758,0.30879743379743363
394,2.293334484100342,0.0048982794396579266,0.00013719499111175537,9.137353897094727,0.1935785412788391,0.3098958333333329,0.18371433019638062,0.30879743379743363
395,2.556464433670044,0.00261903228238225,0.0004365965723991394,8.930537223815918,0.23156264424324036,0.24045138888888873,0.18241961300373077,0.30879743379743363
396,2.0053493976593018,0.003545716404914856,0.0005391985177993774,9.396026611328125,0.21365748345851898,0.4140624999999998,0.18445904552936554,0.30879743379743363
397,2.600034713745117,0.005176171660423279,0.0007074177265167236,8.85559368133545,0.22617299854755402,0.27951388888888873,0.1832631379365921,0.30871212121212077
398,2.167651891708374,0.008517364971339703,0.0008400976657867432,9.328906059265137,0.18702201545238495,0.27951388888888873,0.18459010124206543,0.30879743379743363
399,1.925145149230957,0.00146636669524014,0.0009068921208381653,9.492753028869629,0.23833267390727997,0.40104166666666663,0.1827007383108139,0.30879743379743363
