,loss_g,loss_d,loss_test,w_distance,acc
0,3.123079538345337,5.420913219451904,0.2442789375782013,0.00010902434587478638,0.21575757575757576
1,2.915802240371704,4.87408971786499,0.24108266830444336,7.053464651107788e-05,0.21474747474747474
2,2.684145450592041,4.237127304077148,0.23729375004768372,-3.814697265625e-05,0.2113131313131313
3,2.6594624519348145,3.735567569732666,0.23215393722057343,-0.00018543004989624023,0.20252525252525252
4,2.808579921722412,3.080515146255493,0.22628021240234375,-0.0002535507082939148,0.2058080808080808
5,2.960974931716919,2.470844030380249,0.22036947309970856,-0.00028052181005477905,0.20909090909090908
6,2.968439817428589,1.9627994298934937,0.21441161632537842,-0.00023996084928512573,0.20732323232323233
7,2.9882097244262695,1.4270671606063843,0.20843946933746338,-0.00022558122873306274,0.20732323232323233
8,2.9078574180603027,0.9633010625839233,0.2028026133775711,-0.0002344772219657898,0.20353535353535354
9,2.864633321762085,0.5612918734550476,0.19771426916122437,-0.00021560490131378174,0.207979797979798
10,2.6120431423187256,0.30517855286598206,0.19300273060798645,-0.00013009458780288696,0.20434343434343435
11,2.5680413246154785,0.13756760954856873,0.1880292296409607,7.0229172706604e-05,0.20803030303030304
12,3.0389740467071533,0.09593886137008667,0.1831611543893814,0.0002478361129760742,0.20803030303030304
13,2.570483446121216,0.11824426800012589,0.17896395921707153,0.0001301690936088562,0.20994949494949494
14,2.431178331375122,0.19319358468055725,0.1745649129152298,0.0002970695495605469,0.2061111111111111
15,3.0085766315460205,0.24550502002239227,0.1703382134437561,0.0003413558006286621,0.2087878787878788
16,2.5690596103668213,0.2398512363433838,0.16544371843338013,0.00039236992597579956,0.20964646464646464
17,2.983731508255005,0.22753463685512543,0.16088981926441193,0.0003577768802642822,0.20474747474747473
18,2.648024320602417,0.32277917861938477,0.15615922212600708,0.000383719801902771,0.2063131313131313
19,3.193068504333496,0.36520031094551086,0.15142913162708282,0.0004807785153388977,0.2048989898989899
20,2.8363144397735596,0.3299052119255066,0.14722119271755219,0.0003333240747451782,0.20545454545454545
21,2.8265023231506348,0.26050227880477905,0.14143693447113037,0.00020765513181686401,0.21106060606060606
22,2.8386335372924805,0.20658284425735474,0.13725276291370392,0.00024115294218063354,0.208989898989899
23,2.902261972427368,0.2494305968284607,0.13207057118415833,0.00010766834020614624,0.21141414141414142
24,3.012176990509033,0.17129401862621307,0.1284068077802658,7.350742816925049e-05,0.20606060606060606
25,2.627471685409546,0.2092137187719345,0.12323550134897232,-0.0002493560314178467,0.20762626262626263
26,2.8600451946258545,0.23022672533988953,0.1184384748339653,-6.428360939025879e-05,0.20666666666666667
27,2.7511444091796875,0.2042754739522934,0.11427514255046844,-0.00020162761211395264,0.2048989898989899
28,2.7661373615264893,0.17597690224647522,0.11007113754749298,-0.000276714563369751,0.20646464646464646
29,2.957625150680542,0.17364650964736938,0.10636422038078308,-0.0003544166684150696,0.21136363636363636
30,2.9142072200775146,0.12204011529684067,0.10097043961286545,-0.000214405357837677,0.20166666666666666
31,2.7613933086395264,0.151900976896286,0.09738704562187195,-0.0001965537667274475,0.2101010101010101
32,2.950853109359741,0.13164269924163818,0.09408792853355408,-0.0001897066831588745,0.2038888888888889
33,2.8687424659729004,0.16566064953804016,0.09050265699625015,-0.00047182291746139526,0.20712121212121212
34,2.6284940242767334,0.18086019158363342,0.08604742586612701,-0.00032427161931991577,0.20742424242424243
35,2.8048603534698486,0.1308843493461609,0.08222828060388565,-0.0002079978585243225,0.20292929292929293
36,2.760317325592041,0.14008642733097076,0.07897638529539108,-0.000223502516746521,0.20444444444444446
37,2.797208547592163,0.16775372624397278,0.07580279558897018,-0.0005037859082221985,0.20535353535353534
38,3.1032443046569824,0.16838282346725464,0.07148396223783493,-0.0003034621477127075,0.20565656565656565
39,2.447808027267456,0.1998996138572693,0.06868024170398712,-0.0003388747572898865,0.2087878787878788
40,2.9621284008026123,0.20771457254886627,0.06563310325145721,-0.0003681182861328125,0.20676767676767677
41,3.0091164112091064,0.16688519716262817,0.06225504353642464,-0.0003188028931617737,0.20585858585858585
42,3.0560200214385986,0.16848541796207428,0.058988794684410095,-0.0003194063901901245,0.20545454545454545
43,2.594054937362671,0.11004118621349335,0.05649031326174736,-0.00029869377613067627,0.20777777777777778
44,2.768099546432495,0.15190985798835754,0.053490668535232544,-0.00011884421110153198,0.2103030303030303
45,2.4433789253234863,0.1657755821943283,0.05160880833864212,-9.332597255706787e-05,0.20595959595959595
46,2.9971814155578613,0.25676119327545166,0.047957196831703186,5.607306957244873e-05,0.206010101010101
47,2.6974687576293945,0.43541964888572693,0.045777328312397,6.288290023803711e-05,0.20575757575757575
48,3.0516538619995117,0.5800114870071411,0.043571073561906815,4.2065978050231934e-05,0.20545454545454545
49,3.027682304382324,0.7282781004905701,0.04083506390452385,0.00014670193195343018,0.2043939393939394
50,2.811349391937256,0.7536599040031433,0.039234865456819534,0.0001606568694114685,0.20717171717171717
51,2.826275587081909,0.7704324722290039,0.03689413145184517,0.00029075145721435547,0.20464646464646466
52,2.950676441192627,0.7668538093566895,0.034553784877061844,0.00011732429265975952,0.2065151515151515
53,2.85990309715271,0.6604008674621582,0.03328868746757507,0.00042501091957092285,0.20671717171717172
54,2.794922351837158,0.47687453031539917,0.031401000916957855,0.00043810904026031494,0.20479797979797978
55,2.630359411239624,0.4068799316883087,0.029318438842892647,0.00042479485273361206,0.2034848484848485
56,2.5722734928131104,0.3276645541191101,0.028103705495595932,0.0005213618278503418,0.20297979797979798
57,3.092010021209717,0.29840049147605896,0.026155443862080574,1.2673437595367432e-05,0.20787878787878789
58,2.569868564605713,0.4272803068161011,0.024983754381537437,0.00010710209608078003,0.2052020202020202
59,2.390881299972534,0.5799696445465088,0.023465530946850777,-0.00015178322792053223,0.2096969696969697
60,2.873063802719116,0.5247458219528198,0.022189810872077942,-0.0001661553978919983,0.20883838383838385
61,2.2804055213928223,0.6803303360939026,0.02097938023507595,-0.00020293891429901123,0.2033838383838384
62,2.2679314613342285,0.8293951749801636,0.020072564482688904,-0.00043061375617980957,0.2014141414141414
63,2.892955780029297,0.7539097666740417,0.018572945147752762,-0.00028678029775619507,0.2048989898989899
64,2.8850996494293213,0.4932395815849304,0.01762458309531212,-0.000473901629447937,0.2063131313131313
65,2.6163716316223145,0.3901059031486511,0.016811879351735115,-0.0001900196075439453,0.2057070707070707
66,2.4416661262512207,0.27534472942352295,0.015726959332823753,-0.00022943317890167236,0.20146464646464646
67,2.7165632247924805,0.2286173701286316,0.014675706624984741,6.525218486785889e-05,0.20045454545454544
68,2.9802653789520264,0.22920210659503937,0.013948597945272923,-0.00010545551776885986,0.20393939393939395
69,2.7170603275299072,0.18439891934394836,0.013349862769246101,0.00014369934797286987,0.20136363636363636
70,3.011699676513672,0.2827029228210449,0.012894735671579838,0.0002455711364746094,0.20217171717171717
71,2.805864095687866,0.4669649004936218,0.01201699860394001,0.0001810714602470398,0.20671717171717172
72,2.8115711212158203,0.6165845394134521,0.011285466141998768,0.00016845762729644775,0.2045959595959596
73,2.970010757446289,0.6766986846923828,0.010928922332823277,0.000475957989692688,0.2051010101010101
74,2.579582452774048,0.7375953793525696,0.010313443839550018,0.0004073977470397949,0.1992929292929293
75,2.7117481231689453,0.6686721444129944,0.009661545045673847,0.0002511143684387207,0.2054040404040404
76,2.6303656101226807,0.7228186726570129,0.009021413512527943,0.00030847638845443726,0.20196969696969697
77,2.963351249694824,0.5597593188285828,0.008577898144721985,0.00042337924242019653,0.19853535353535354
78,2.8975439071655273,0.4505619704723358,0.008006597869098186,0.00015482306480407715,0.20126262626262625
79,2.821685552597046,0.38295531272888184,0.007662332616746426,0.00017352402210235596,0.2065151515151515
80,2.2150237560272217,0.25265902280807495,0.00736621581017971,0.00016439706087112427,0.20606060606060606
81,2.7435100078582764,0.18821004033088684,0.006784023717045784,0.00011523813009262085,0.20414141414141415
82,2.996293544769287,0.21092483401298523,0.006620279513299465,3.499537706375122e-05,0.20474747474747473
83,2.671048879623413,0.1925259828567505,0.006384008098393679,7.151812314987183e-05,0.20318181818181819
84,2.429530143737793,0.19034534692764282,0.005917958915233612,-4.731118679046631e-05,0.19797979797979798
85,3.0903396606445312,0.20747068524360657,0.005897569470107555,-0.00016651302576065063,0.20227272727272727
86,2.698671579360962,0.17700698971748352,0.005373708438128233,-0.000263899564743042,0.2037878787878788
87,2.673828125,0.15606921911239624,0.005097123794257641,-0.0003545507788658142,0.19732323232323232
88,2.618953227996826,0.16468164324760437,0.0048497202806174755,-0.00037460029125213623,0.20772727272727273
89,2.9069411754608154,0.25376439094543457,0.004679928533732891,-0.0004071444272994995,0.20166666666666666
90,2.7672321796417236,0.24716627597808838,0.004560346715152264,-0.000330507755279541,0.20227272727272727
91,2.443176746368408,0.2501775026321411,0.004294178448617458,-0.0004587918519973755,0.20484848484848484
92,2.5425209999084473,0.17480048537254333,0.004044126719236374,-0.0002691596746444702,0.206010101010101
93,3.0128509998321533,0.157938152551651,0.0038819550536572933,-0.00029189884662628174,0.20146464646464646
94,2.7726263999938965,0.16056473553180695,0.003633254673331976,-0.000222817063331604,0.1996969696969697
95,2.9889049530029297,0.16538846492767334,0.003557860618457198,-0.00023246556520462036,0.19808080808080808
96,2.982734203338623,0.1822294294834137,0.003367871046066284,-0.00018220394849777222,0.2032828282828283
97,2.70744252204895,0.2617569863796234,0.003366347635164857,-0.000110626220703125,0.19853535353535354
98,2.7387402057647705,0.20622986555099487,0.003039867617189884,-8.753687143325806e-05,0.2017171717171717
99,3.1569900512695312,0.18150314688682556,0.0029095106292515993,1.8104910850524902e-06,0.2006060606060606
100,2.7390034198760986,0.2210184633731842,0.0028413578402251005,5.1468610763549805e-05,0.20247474747474747
101,2.566580295562744,0.23950979113578796,0.002797878347337246,0.00010810792446136475,0.19777777777777777
102,2.8228530883789062,0.21303784847259521,0.002554385457187891,0.00017692893743515015,0.20232323232323232
103,2.6101551055908203,0.24121618270874023,0.002547391690313816,0.00019303709268569946,0.1995959595959596
104,2.4004321098327637,0.2011066973209381,0.002442369470372796,0.0002199038863182068,0.20373737373737374
105,2.8276872634887695,0.21393482387065887,0.0023073803167790174,0.000157281756401062,0.19914141414141415
106,2.7340030670166016,0.2441042959690094,0.0022201237734407187,2.7805566787719727e-05,0.20136363636363636
107,2.496591806411743,0.24926963448524475,0.0022124452516436577,0.00011117011308670044,0.20297979797979798
108,2.960092544555664,0.19269908964633942,0.002102344064041972,0.0001179128885269165,0.1987878787878788
109,2.665287971496582,0.1960219442844391,0.001977041829377413,0.0001292601227760315,0.1997979797979798
110,2.7238779067993164,0.19818997383117676,0.0019392174435779452,0.00012033432722091675,0.203989898989899
111,2.82545804977417,0.1300109475851059,0.0018316200003027916,0.00010120868682861328,0.19914141414141415
112,2.7521090507507324,0.1405419260263443,0.001762774190865457,-0.0001512467861175537,0.20146464646464646
113,2.7070510387420654,0.12721994519233704,0.0017189430072903633,1.3478100299835205e-05,0.2037878787878788
114,2.779005765914917,0.11813659965991974,0.001649233978241682,-0.00012212246656417847,0.1987878787878788
115,2.575556516647339,0.1071099117398262,0.0015917320270091295,-0.00015798211097717285,0.2008080808080808
116,2.7990002632141113,0.12194070219993591,0.0015003206208348274,-0.00018064677715301514,0.1984848484848485
117,2.969162940979004,0.08646164834499359,0.0014478220837190747,-0.00011008232831954956,0.20202020202020202
118,2.8578872680664062,0.088673897087574,0.0014346090611070395,-0.00014663487672805786,0.19545454545454546
119,2.7244248390197754,0.10308195650577545,0.0013728650519624352,-0.00016129016876220703,0.19707070707070706
120,2.8319485187530518,0.09697890281677246,0.0013204950373619795,-0.0002466067671775818,0.2
121,2.7717461585998535,0.10844972729682922,0.0013203464914113283,-0.00019856542348861694,0.19797979797979798
122,2.789793014526367,0.09812495112419128,0.0012691779993474483,-0.00024934858083724976,0.1967171717171717
123,2.719742774963379,0.10710176825523376,0.001211403519846499,-0.00021528452634811401,0.20005050505050506
124,2.601195812225342,0.08830904215574265,0.0011340563651174307,-0.00021792948246002197,0.19656565656565655
125,2.7390847206115723,0.06390441954135895,0.0011552540818229318,-0.00030734390020370483,0.1988888888888889
126,2.593851327896118,0.06619130074977875,0.0011190427467226982,-0.00021423399448394775,0.1944949494949495
127,2.4147939682006836,0.08347856253385544,0.0010544640244916081,-0.00024055689573287964,0.19646464646464645
128,2.7251665592193604,0.0831245481967926,0.001038644346408546,-0.00030378252267837524,0.19803030303030303
129,2.8546595573425293,0.0723697692155838,0.0009623299702070653,-0.00023251771926879883,0.19474747474747475
130,2.948312282562256,0.08194775879383087,0.0009392103529535234,-0.00019502639770507812,0.1968181818181818
131,3.0443434715270996,0.07677573710680008,0.0009659954812377691,-0.00023697316646575928,0.19772727272727272
132,3.050367593765259,0.06575372070074081,0.0008976547978818417,-0.00012332946062088013,0.19893939393939394
133,3.187147855758667,0.0807500034570694,0.0008290064288303256,-0.00026898086071014404,0.19707070707070706
134,3.0568740367889404,0.06020069122314453,0.0008345677051693201,-0.00015442073345184326,0.198989898989899
135,2.7191083431243896,0.054378144443035126,0.0007986289565451443,-9.366869926452637e-05,0.20005050505050506
136,2.7281363010406494,0.08149279654026031,0.0008015783387236297,-9.506195783615112e-05,0.1990909090909091
137,2.754406452178955,0.05951594561338425,0.0007512550218962133,-7.541477680206299e-05,0.19772727272727272
138,3.1668529510498047,0.06769408285617828,0.0007407247903756797,-0.0001767575740814209,0.1996969696969697
139,2.9240431785583496,0.06629437953233719,0.0007318087737075984,-0.00012983381748199463,0.20095959595959595
140,2.4675133228302,0.07869134098291397,0.0007058608462102711,-0.00010891258716583252,0.2001010101010101
141,3.1409494876861572,0.060096777975559235,0.000678518321365118,-0.00014523416757583618,0.1991919191919192
142,2.9696075916290283,0.06681425124406815,0.0006844490999355912,-0.00023048371076583862,0.20464646464646466
143,2.7114386558532715,0.0613667294383049,0.0006671567098237574,-0.00013319402933120728,0.1990909090909091
144,2.78562068939209,0.0638522356748581,0.0006340845138765872,-0.00013450533151626587,0.20065656565656564
145,2.94277024269104,0.06798247247934341,0.0006322519620880485,-9.58666205406189e-05,0.19297979797979797
146,2.785330295562744,0.05579908937215805,0.0005996166146360338,-0.00016199052333831787,0.1991919191919192
147,2.548266649246216,0.06752479821443558,0.000579633517190814,-4.041939973831177e-05,0.19767676767676767
148,2.4855785369873047,0.06774504482746124,0.0005666535580530763,-6.512552499771118e-05,0.19656565656565655
149,3.4161858558654785,0.04528211057186127,0.0005574328824877739,-0.00020519644021987915,0.19646464646464645
150,2.9070796966552734,0.0406232550740242,0.0005187441711314023,-3.838539123535156e-05,0.19550505050505051
151,2.49832820892334,0.04989250749349594,0.0005467065493576229,-0.00018200278282165527,0.19742424242424242
152,2.6835076808929443,0.06821530312299728,0.0005285224760882556,-9.509921073913574e-05,0.1938888888888889
153,3.083624839782715,0.05430212989449501,0.0005151686491444707,-0.00018120557069778442,0.1967171717171717
154,2.57199764251709,0.048357199877500534,0.00048460206016898155,-7.840991020202637e-05,0.19686868686868686
155,3.105210304260254,0.04530561715364456,0.00045699524343945086,-0.000195428729057312,0.19813131313131313
156,2.5277955532073975,0.05054839327931404,0.00044112486648373306,-9.294599294662476e-05,0.1991919191919192
157,2.5314877033233643,0.04236217960715294,0.0004613001365214586,-0.0002211928367614746,0.19575757575757577
158,2.654127597808838,0.043213024735450745,0.00047646844177506864,-0.00010582059621810913,0.1969191919191919
159,2.615995168685913,0.033973462879657745,0.00042214294080622494,-0.0001501217484474182,0.20303030303030303
160,2.89029860496521,0.04511190950870514,0.0004336169804446399,-0.00020524859428405762,0.19277777777777777
161,2.9763715267181396,0.050689682364463806,0.00040494996937923133,-0.00013148784637451172,0.1962121212121212
162,2.6921515464782715,0.04081291705369949,0.00039822421967983246,-0.00016757845878601074,0.1998989898989899
163,2.8725874423980713,0.036845024675130844,0.00040069836541078985,-9.898096323013306e-05,0.2
164,2.7610621452331543,0.038942351937294006,0.0003981002955697477,-0.000100746750831604,0.195
165,2.5968639850616455,0.03677328675985336,0.0003860938304569572,-0.00013154000043869019,0.19914141414141415
166,2.7282464504241943,0.04222695529460907,0.0003732943441718817,-0.00012671947479248047,0.19717171717171716
167,2.4806277751922607,0.05085442587733269,0.00036757459747605026,-0.0002073347568511963,0.1954040404040404
168,2.9188947677612305,0.04340361803770065,0.0003537593875080347,-9.748339653015137e-05,0.20030303030303032
169,2.8526148796081543,0.029265962541103363,0.0003528786764945835,-0.0001782625913619995,0.1942929292929293
170,2.417334794998169,0.05048925429582596,0.0003405509633012116,-5.613267421722412e-05,0.2017171717171717
171,2.907489061355591,0.0582268200814724,0.0003371337952557951,-0.00012277811765670776,0.2009090909090909
172,2.7103283405303955,0.05187252536416054,0.0003144779766444117,-9.799003601074219e-05,0.19727272727272727
173,2.490584135055542,0.04412582144141197,0.00031533214496448636,-0.00016842037439346313,0.19368686868686869
174,3.143500328063965,0.033585723489522934,0.0002948358014691621,-0.0001665353775024414,0.19237373737373736
175,2.5296578407287598,0.03626012057065964,0.00032354381983168423,-0.0001685991883277893,0.197020202020202
176,2.86301851272583,0.03799423575401306,0.0002981644356623292,-9.191036224365234e-05,0.19494949494949496
177,2.554856061935425,0.03552040457725525,0.0002838446816895157,-3.3035874366760254e-05,0.19686868686868686
178,2.925666093826294,0.03837978094816208,0.0002990805369336158,-1.4625489711761475e-05,0.19792929292929293
179,2.8969969749450684,0.059569887816905975,0.0002771049621514976,-0.00016483664512634277,0.19742424242424242
180,2.603975296020508,0.04020500183105469,0.0002765847311820835,-7.994472980499268e-06,0.20045454545454544
181,2.8985683917999268,0.03570197522640228,0.000276656704954803,-1.9066035747528076e-05,0.1952020202020202
182,2.6984479427337646,0.03847119212150574,0.00027717227931134403,3.703683614730835e-05,0.20272727272727273
183,2.9006540775299072,0.06849251687526703,0.00025598154752515256,-3.068894147872925e-05,0.19904040404040405
184,2.8425166606903076,0.0379861555993557,0.00025290739722549915,-9.194016456604004e-05,0.19707070707070706
185,2.8825855255126953,0.027409253641963005,0.0002499741967767477,-0.00011548399925231934,0.19828282828282828
186,2.682974338531494,0.035653747618198395,0.00023462485114578158,-3.045797348022461e-05,0.1971212121212121
187,2.7210025787353516,0.04012463614344597,0.00023341317137237638,-0.00014152377843856812,0.19545454545454546
188,2.555384397506714,0.03427645191550255,0.0002355056203668937,-0.00010038167238235474,0.19484848484848485
189,2.865967035293579,0.04736509546637535,0.00022448507661465555,-1.744180917739868e-05,0.20020202020202021
190,2.726367712020874,0.047801271080970764,0.00023297150619328022,-2.8185546398162842e-05,0.19954545454545455
191,2.46093487739563,0.030612504109740257,0.0002153856767108664,-4.174560308456421e-05,0.1946969696969697
192,3.168272018432617,0.034783657640218735,0.00021909436327405274,-5.8785080909729004e-05,0.20005050505050506
193,2.57755970954895,0.03780602291226387,0.00021163465862628073,7.495284080505371e-06,0.19676767676767676
194,2.83906626701355,0.03960240259766579,0.00021184967772569507,-4.3004751205444336e-05,0.19984848484848486
195,2.649026393890381,0.036408234387636185,0.00020847341511398554,-0.0001631230115890503,0.19555555555555557
196,2.9933643341064453,0.04139646887779236,0.00020256784046068788,-2.002716064453125e-05,0.19333333333333333
197,3.101813316345215,0.03213673084974289,0.00019657198572531343,-0.00013803690671920776,0.1941919191919192
198,2.687056303024292,0.026220781728625298,0.00020056526409462094,-5.044788122177124e-05,0.19595959595959597
199,2.973674774169922,0.045416466891765594,0.0001879440969787538,-0.00013355165719985962,0.19590909090909092
200,2.7199370861053467,0.033451780676841736,0.00018847922910936177,-2.682209014892578e-05,0.19777777777777777
201,2.607557773590088,0.02730674296617508,0.00018241028010379523,-1.6801059246063232e-05,0.19606060606060607
202,2.8254387378692627,0.03175176680088043,0.00017652055248618126,-4.547089338302612e-05,0.1945959595959596
203,2.682196617126465,0.039519697427749634,0.00016850912652444094,-7.37309455871582e-05,0.1923232323232323
204,2.864311933517456,0.04047080874443054,0.0001755076227709651,-9.323656558990479e-05,0.19560606060606062
205,2.630671977996826,0.03296248987317085,0.00017199218564201146,-4.1872262954711914e-05,0.19722222222222222
206,3.020064115524292,0.04025867208838463,0.0001775837445165962,-6.353110074996948e-05,0.1947979797979798
207,2.7916011810302734,0.03229799121618271,0.00017169996863231063,-3.965944051742554e-05,0.20020202020202021
208,2.7749452590942383,0.027588706463575363,0.00016929785488173366,-9.664148092269897e-05,0.1994949494949495
209,2.6916451454162598,0.031938064843416214,0.00016235759539995342,-0.00013183802366256714,0.19575757575757577
210,2.5137274265289307,0.03671073168516159,0.00015842702123336494,-9.268522262573242e-06,0.19863636363636364
211,2.730853796005249,0.023754538968205452,0.00015785587311256677,-2.9392540454864502e-05,0.19272727272727272
212,2.801182746887207,0.03226688504219055,0.0001466487010475248,-0.00012820959091186523,0.19257575757575757
213,2.6925833225250244,0.03870350867509842,0.00014749272668268532,-7.115304470062256e-06,0.20222222222222222
214,2.6380088329315186,0.03292132914066315,0.0001459032646380365,-0.00017734616994857788,0.1969191919191919
215,2.631798505783081,0.027501368895173073,0.00014131481293588877,3.904849290847778e-05,0.19626262626262625
216,2.810786008834839,0.036252208054065704,0.00013666476297657937,-5.621463060379028e-05,0.197020202020202
217,2.8296964168548584,0.019939780235290527,0.0001359724992653355,-5.3256750106811523e-05,0.19696969696969696
218,3.235990047454834,0.026931971311569214,0.00013604735431727022,-9.982287883758545e-05,0.19585858585858587
219,2.7953598499298096,0.02497827634215355,0.0001323799224337563,3.5740435123443604e-05,0.19237373737373736
220,2.812586784362793,0.022776702418923378,0.00013104687968734652,-8.449703454971313e-05,0.19722222222222222
221,2.571504592895508,0.027279771864414215,0.00013712643703911453,-4.965066909790039e-05,0.19777777777777777
222,2.7937192916870117,0.031559597700834274,0.0001335778651991859,-8.058547973632812e-05,0.19984848484848486
223,2.5531458854675293,0.03174164518713951,0.00012812743079848588,-5.599856376647949e-05,0.19277777777777777
224,3.1857199668884277,0.017495039850473404,0.00013002354535274208,4.903227090835571e-05,0.19601010101010102
225,2.9077956676483154,0.04007788747549057,0.00012641317152883857,4.190951585769653e-05,0.1994949494949495
226,2.7388477325439453,0.035282254219055176,0.00012078029249096289,7.871538400650024e-05,0.19242424242424241
227,2.7187583446502686,0.024281512945890427,0.00011826512491097674,3.0085444450378418e-05,0.19383838383838384
228,2.715573310852051,0.033211007714271545,0.00011406208795960993,1.0222196578979492e-05,0.19843434343434344
229,2.691126823425293,0.0295150987803936,0.00010659293184289709,-3.626197576522827e-05,0.19818181818181818
230,2.5434017181396484,0.032846953719854355,0.00011555917444638908,2.2590160369873047e-05,0.19404040404040404
231,2.895906448364258,0.029236920177936554,0.00011298111348878592,3.466010093688965e-05,0.19873737373737374
232,2.657846212387085,0.03496522828936577,0.00010879746696446091,-8.329004049301147e-05,0.19515151515151516
233,2.5685839653015137,0.035366855561733246,0.00010915606981143355,-0.00013595819473266602,0.19611111111111112
234,2.7167015075683594,0.04356575384736061,0.00010923149238806218,-1.4133751392364502e-05,0.20212121212121212
235,3.0456831455230713,0.03282185643911362,0.00010377799480920658,3.993511199951172e-05,0.2013131313131313
236,2.708787441253662,0.035462040454149246,0.0001059722198988311,0.0001312941312789917,0.20292929292929293
237,2.930497407913208,0.06233489140868187,9.983729978557676e-05,0.00011874735355377197,0.2006060606060606
238,2.7324419021606445,0.055804815143346786,0.000101224344689399,0.00017692893743515015,0.19555555555555557
239,2.61279559135437,0.046555619686841965,9.594939911039546e-05,0.00011390447616577148,0.19893939393939394
240,2.9564967155456543,0.06926316022872925,9.42845072131604e-05,5.681812763214111e-05,0.19545454545454546
241,3.009678602218628,0.050832297652959824,9.415998647455126e-05,0.0001540929079055786,0.1965151515151515
242,2.8203108310699463,0.0448458231985569,9.234405297320336e-05,1.436471939086914e-05,0.19616161616161615
243,2.665275812149048,0.043569620698690414,8.704244828550145e-05,8.741021156311035e-05,0.1971212121212121
244,2.5655975341796875,0.034713707864284515,9.084367047762498e-05,0.00015526264905929565,0.19595959595959597
245,2.484619379043579,0.043570492416620255,8.454757335130125e-05,-6.894022226333618e-05,0.1996969696969697
246,2.9170520305633545,0.02896287851035595,9.148118988377973e-05,5.37186861038208e-06,0.1965151515151515
247,2.6955559253692627,0.037006866186857224,8.599806460551918e-05,-2.7254223823547363e-05,0.19843434343434344
248,3.0012359619140625,0.027869831770658493,8.785531099420041e-05,-2.0869076251983643e-05,0.1953030303030303
249,2.903764009475708,0.027394475415349007,7.901348726591095e-05,-4.281848669052124e-05,0.19863636363636364
250,2.5888984203338623,0.024654697626829147,8.296129090012982e-05,2.4922192096710205e-05,0.1998989898989899
251,2.278918504714966,0.03283495455980301,8.398731733905151e-05,-3.203749656677246e-06,0.2001010101010101
252,2.837028980255127,0.030412549152970314,8.545787568436936e-05,2.7142465114593506e-05,0.19676767676767676
253,2.865896701812744,0.0353202223777771,8.467446605209261e-05,7.862597703933716e-05,0.1985858585858586
254,2.535874128341675,0.02801002375781536,8.316782623296604e-05,1.8045306205749512e-05,0.1984848484848485
255,2.783181667327881,0.034275464713573456,7.614774949615821e-05,6.3382089138031e-05,0.1945959595959596
256,2.5285544395446777,0.02161126770079136,7.557055505458266e-05,-6.452202796936035e-05,0.19813131313131313
257,2.6873116493225098,0.02347693219780922,7.85143711254932e-05,-6.301701068878174e-05,0.20020202020202021
258,2.7823281288146973,0.029232323169708252,7.250754424603656e-05,-0.0001240074634552002,0.1969191919191919
259,2.705120325088501,0.04075879603624344,7.775049743941054e-05,-8.768588304519653e-05,0.19595959595959597
260,2.909024953842163,0.02493901178240776,7.247940811794251e-05,-3.9383769035339355e-05,0.1988888888888889
261,2.6301164627075195,0.01914593018591404,7.096483750501648e-05,-6.686896085739136e-05,0.1998989898989899
262,2.3786356449127197,0.023686101660132408,7.119777001207694e-05,3.091245889663696e-05,0.195
263,2.9894373416900635,0.028675038367509842,6.838754052296281e-05,3.9950013160705566e-05,0.20055555555555554
264,2.692112922668457,0.032678231596946716,6.87476058374159e-05,8.710473775863647e-05,0.19676767676767676
265,2.7094688415527344,0.0345131978392601,6.584340007975698e-05,9.023398160934448e-05,0.1967171717171717
266,2.9587063789367676,0.028853515163064003,6.41202277620323e-05,0.0001551806926727295,0.19247474747474747
267,2.59692120552063,0.036259669810533524,7.499483035644516e-05,6.391853094100952e-05,0.19393939393939394
268,2.7644548416137695,0.03608426824212074,6.639869388891384e-05,2.9534101486206055e-05,0.20207070707070707
269,2.523632287979126,0.041339803487062454,6.445701728807762e-05,0.00016760081052780151,0.2014141414141414
270,2.599308967590332,0.033139169216156006,6.531261169584468e-05,0.00012848526239395142,0.1965151515151515
271,3.061709403991699,0.02997696027159691,6.49465509923175e-05,0.00013225525617599487,0.19464646464646465
272,2.857219934463501,0.024908293038606644,6.507845682790503e-05,4.3258070945739746e-05,0.19575757575757577
273,2.735212564468384,0.02721133455634117,6.316325016086921e-05,-1.7054378986358643e-05,0.19590909090909092
274,2.6705398559570312,0.02544095367193222,5.912745837122202e-05,-6.714463233947754e-05,0.20136363636363636
275,2.817932367324829,0.024609703570604324,5.646337740472518e-05,1.3709068298339844e-06,0.19545454545454546
276,2.8623557090759277,0.030352184548974037,5.987696204101667e-05,3.986060619354248e-06,0.1964141414141414
277,2.419787883758545,0.021189585328102112,5.924621655140072e-05,-5.433708429336548e-05,0.19580808080808082
278,2.778428792953491,0.022783150896430016,5.6701792345847934e-05,-5.9567391872406006e-05,0.19575757575757577
279,2.377248764038086,0.02952798828482628,5.355425673769787e-05,-7.572025060653687e-05,0.1938888888888889
280,2.364732265472412,0.0229741632938385,5.8941881434293464e-05,5.428493022918701e-05,0.20166666666666666
281,3.109553098678589,0.020858466625213623,5.5398002587025985e-05,-4.991888999938965e-07,0.19696969696969696
282,3.3400511741638184,0.02414632961153984,5.485215660883114e-05,4.7050416469573975e-05,0.19823232323232323
283,2.958488941192627,0.02394023910164833,5.2533563575707376e-05,-3.621727228164673e-05,0.19732323232323232
284,3.074985980987549,0.024208378046751022,5.24232309544459e-05,-1.2956559658050537e-05,0.1944949494949495
285,2.8967113494873047,0.02610381878912449,5.4133441153680906e-05,8.024275302886963e-06,0.19484848484848485
286,2.4637250900268555,0.028749529272317886,5.174333637114614e-05,7.354468107223511e-05,0.19656565656565655
287,2.557861804962158,0.022688481956720352,5.275270086713135e-05,-3.02046537399292e-05,0.19611111111111112
288,2.8290247917175293,0.022739386186003685,4.8993279051501304e-05,8.091330528259277e-05,0.19828282828282828
289,2.885723114013672,0.021950840950012207,4.6773377107456326e-05,0.00010591745376586914,0.19717171717171716
290,2.726142168045044,0.023687565699219704,4.768845610669814e-05,-1.0058283805847168e-05,0.19313131313131313
291,2.6140987873077393,0.017949150875210762,4.6597553591709584e-05,6.341934204101562e-05,0.20116161616161615
292,3.0377426147460938,0.027314839884638786,4.820654430659488e-05,6.335973739624023e-05,0.19616161616161615
293,2.4095282554626465,0.03844797611236572,4.878661275142804e-05,3.091245889663696e-05,0.19308080808080808
294,2.556931495666504,0.01915593072772026,4.7938228817656636e-05,-2.555549144744873e-06,0.19550505050505051
295,2.843277931213379,0.02240305207669735,4.757517672260292e-05,0.00013412535190582275,0.1993939393939394
296,2.733757257461548,0.020665787160396576,4.850909681408666e-05,8.203089237213135e-05,0.19813131313131313
297,2.9970502853393555,0.02856620028614998,4.525771510088816e-05,-1.539289951324463e-05,0.19767676767676767
298,3.000007152557373,0.021731924265623093,4.647735840990208e-05,-5.677342414855957e-06,0.1986868686868687
299,3.0254361629486084,0.0190146304666996,4.139259908697568e-05,-3.556162118911743e-05,0.20025252525252527
300,3.1327948570251465,0.02273612841963768,4.337220889283344e-05,6.724894046783447e-05,0.19994949494949496
301,2.5883328914642334,0.018770525231957436,4.4975156924920157e-05,6.299465894699097e-05,0.19505050505050506
302,2.9141180515289307,0.019485238939523697,4.3682790419552475e-05,0.00014615803956985474,0.1962121212121212
303,3.0033154487609863,0.022814426571130753,4.3893931433558464e-05,0.00012005120515823364,0.19601010101010102
304,2.8988306522369385,0.02673419564962387,4.2572028178256005e-05,0.000117473304271698,0.1997979797979798
305,2.505462884902954,0.02482830546796322,3.967355587519705e-05,3.0994415283203125e-05,0.1969191919191919
306,2.8387084007263184,0.022994134575128555,4.2155978007940575e-05,0.0001629069447517395,0.19818181818181818
307,2.952617883682251,0.02203507348895073,4.138606891501695e-05,2.4847686290740967e-05,0.1964141414141414
308,2.4452507495880127,0.02003198117017746,4.052155782119371e-05,4.4889748096466064e-05,0.20035353535353537
309,2.8991756439208984,0.029358860105276108,3.9734597521601245e-05,3.0390918254852295e-05,0.19550505050505051
310,2.510347604751587,0.021453842520713806,3.799505429924466e-05,4.620105028152466e-05,0.1998989898989899
311,2.6199605464935303,0.023855317384004593,3.839687997242436e-05,6.652623414993286e-05,0.1945959595959596
312,2.926520347595215,0.0162688996642828,3.915321212843992e-05,9.281188249588013e-05,0.19883838383838384
313,2.843400716781616,0.02015993371605873,3.6456174711929634e-05,9.100884199142456e-05,0.19732323232323232
314,2.450223922729492,0.021528661251068115,3.700695015140809e-05,4.8182904720306396e-05,0.19833333333333333
315,3.1164960861206055,0.018823061138391495,3.614772140281275e-05,0.00014732033014297485,0.19560606060606062
316,2.736985683441162,0.022397618740797043,3.738960003829561e-05,1.5236437320709229e-05,0.19333333333333333
317,2.3374886512756348,0.02097478322684765,3.925669443560764e-05,0.00011578947305679321,0.1951010101010101
318,2.5016613006591797,0.020764388144016266,3.361554627190344e-05,7.908046245574951e-05,0.1953030303030303
319,2.5699782371520996,0.014794943854212761,3.452665259828791e-05,6.780773401260376e-05,0.20252525252525252
320,3.111684799194336,0.01865379884839058,3.459598883637227e-05,-3.3229589462280273e-06,0.1993939393939394
321,2.8664093017578125,0.019800754263997078,3.4561322536319494e-05,6.327778100967407e-05,0.1902020202020202
322,2.52567982673645,0.019416874274611473,3.5049197322223336e-05,5.605816841125488e-05,0.1962121212121212
323,2.704500675201416,0.02284076437354088,3.424908936722204e-05,0.0001908615231513977,0.19565656565656567
324,2.791170597076416,0.026025457307696342,3.2398038456449285e-05,8.106976747512817e-05,0.19358585858585858
325,2.2706456184387207,0.019977468997240067,3.370146805536933e-05,-2.9064714908599854e-05,0.1986868686868687
326,2.82375431060791,0.025099800899624825,3.292281326139346e-05,2.3230910301208496e-05,0.1962121212121212
327,2.801077127456665,0.016085535287857056,3.320810355944559e-05,-6.332993507385254e-07,0.19464646464646465
328,2.8267159461975098,0.02245449647307396,3.053910768358037e-05,0.00012286752462387085,0.1995959595959596
329,2.5528368949890137,0.029170384630560875,3.406641189940274e-05,5.0924718379974365e-05,0.19570707070707072
330,2.8984456062316895,0.022495536133646965,3.29797767335549e-05,2.5920569896697998e-05,0.1953030303030303
331,2.692350387573242,0.01437375508248806,3.258058495703153e-05,6.105750799179077e-05,0.1952020202020202
332,2.837697744369507,0.025785181671380997,2.9027871278231032e-05,-9.670853614807129e-06,0.19257575757575757
333,2.624546766281128,0.02382582612335682,2.8164191462565213e-05,7.838010787963867e-06,0.19757575757575757
334,2.8130457401275635,0.017310965806245804,2.9731654649367556e-05,1.703202724456787e-05,0.19964646464646466
335,2.6045336723327637,0.015502939000725746,3.087853838223964e-05,8.804351091384888e-05,0.19585858585858587
336,2.8270161151885986,0.01737705059349537,2.8549357011797838e-05,0.00011732429265975952,0.19722222222222222
337,2.8563730716705322,0.016007380560040474,3.06864021695219e-05,2.3618340492248535e-06,0.20292929292929293
338,2.6418538093566895,0.01580064371228218,2.997882074851077e-05,0.00010980665683746338,0.195
339,3.1592698097229004,0.018051892518997192,2.9223932870081626e-05,-3.115832805633545e-05,0.1991919191919192
340,2.1680779457092285,0.02008526213467121,2.9393957447609864e-05,6.342679262161255e-05,0.19666666666666666
341,2.7549307346343994,0.019933223724365234,2.704651160456706e-05,-1.5757977962493896e-05,0.19984848484848486
342,2.7619946002960205,0.015507416799664497,2.7162615879205987e-05,2.4110078811645508e-05,0.19732323232323232
343,2.69488263130188,0.01728413999080658,2.596603189886082e-05,5.299597978591919e-05,0.19797979797979798
344,2.893190383911133,0.016893386840820312,2.607112764962949e-05,3.191828727722168e-05,0.19676767676767676
345,2.6345126628875732,0.0261041522026062,2.730650157900527e-05,6.902962923049927e-05,0.19434343434343435
346,2.8284695148468018,0.017652543261647224,2.5579307475709356e-05,-1.7881393432617188e-05,0.19797979797979798
347,2.794773817062378,0.0210011787712574,2.623777254484594e-05,6.515532732009888e-05,0.19303030303030302
348,3.068403482437134,0.021479910239577293,2.5535331587889232e-05,4.357099533081055e-05,0.19782828282828283
349,2.709343910217285,0.022883079946041107,2.605746703920886e-05,6.777048110961914e-05,0.19308080808080808
350,2.637192487716675,0.015955843031406403,2.6033783797174692e-05,0.00011549144983291626,0.193989898989899
351,2.5252625942230225,0.017752371728420258,2.575738290033769e-05,1.8194317817687988e-05,0.19934343434343435
352,2.8944625854492188,0.02042023092508316,2.4531107555958442e-05,9.45553183555603e-05,0.19893939393939394
353,2.4556682109832764,0.017207667231559753,2.5408644432900473e-05,5.2906572818756104e-05,0.19126262626262627
354,2.6692960262298584,0.018448127433657646,2.58599866356235e-05,1.8171966075897217e-05,0.19838383838383838
355,2.6490490436553955,0.013912877067923546,2.5121493308688514e-05,9.309500455856323e-05,0.19358585858585858
356,2.952986717224121,0.012241525575518608,2.392888200120069e-05,9.860843420028687e-05,0.19762626262626262
357,2.9038166999816895,0.015539607033133507,2.312302603968419e-05,4.398077726364136e-05,0.19843434343434344
358,2.485874891281128,0.016719525679945946,2.3675625925534405e-05,1.2196600437164307e-05,0.19555555555555557
359,2.854133129119873,0.014814532361924648,2.23746283154469e-05,7.967650890350342e-05,0.20055555555555554
360,2.394962787628174,0.022562140598893166,2.3499747840105556e-05,4.5940279960632324e-05,0.19757575757575757
361,2.765664577484131,0.014221873134374619,2.3593933292431757e-05,5.3532421588897705e-05,0.1963131313131313
362,2.7217295169830322,0.013634070754051208,2.397196840320248e-05,-3.0510127544403076e-05,0.20055555555555554
363,2.821697950363159,0.01669444888830185,2.221802424173802e-05,0.00011709332466125488,0.1944949494949495
364,2.564100742340088,0.0227668434381485,2.2210811948752962e-05,0.00010392814874649048,0.19676767676767676
365,2.683274030685425,0.016029512509703636,2.3039932784740813e-05,4.760175943374634e-05,0.19772727272727272
366,2.6702728271484375,0.02169105038046837,2.1637219106196426e-05,8.700042963027954e-05,0.1984848484848485
367,2.645749807357788,0.022962424904108047,2.0860408767475747e-05,0.00011681020259857178,0.1986868686868687
368,3.076995849609375,0.01668553426861763,2.3093232812243514e-05,5.391240119934082e-05,0.1954040404040404
369,2.558284044265747,0.021977197378873825,2.088194560201373e-05,8.7738037109375e-05,0.1986868686868687
370,2.6493263244628906,0.01589863747358322,2.0637409761548042e-05,5.2303075790405273e-05,0.19777777777777777
371,2.7864441871643066,0.01906796544790268,2.164363286283333e-05,9.006261825561523e-05,0.1964141414141414
372,3.0983333587646484,0.02139759249985218,2.0830397261306643e-05,6.761401891708374e-05,0.19676767676767676
373,2.8668062686920166,0.02059786207973957,1.986156712519005e-05,9.624660015106201e-05,0.19777777777777777
374,2.634822368621826,0.018567387014627457,1.974876613530796e-05,0.00015889853239059448,0.19803030303030303
375,2.7141032218933105,0.016646139323711395,1.9539376808097586e-05,4.388391971588135e-05,0.2
376,2.679929494857788,0.017694493755698204,2.0114643120905384e-05,3.071129322052002e-05,0.19767676767676767
377,2.666576623916626,0.018091503530740738,1.9274893929832615e-05,-4.1387975215911865e-05,0.19580808080808082
378,2.5947532653808594,0.015526816248893738,2.0702895199065097e-05,3.8839876651763916e-05,0.19373737373737374
379,2.717672824859619,0.020111214369535446,1.964405964827165e-05,2.7999281883239746e-05,0.19676767676767676
380,2.9788734912872314,0.020120590925216675,1.866378624981735e-05,7.575750350952148e-05,0.19555555555555557
381,2.94225811958313,0.017094163224101067,2.028443486778997e-05,0.00010703504085540771,0.19954545454545455
382,2.4627344608306885,0.015007814392447472,1.807701846701093e-05,0.00016648322343826294,0.19303030303030302
383,2.6579155921936035,0.030271675437688828,1.7414964531781152e-05,0.00014159828424453735,0.1965151515151515
384,2.883592128753662,0.021701838821172714,1.9165960111422464e-05,0.0001811683177947998,0.19515151515151516
385,2.472179889678955,0.02139914594590664,1.8377591914031655e-05,0.00011980533599853516,0.19464646464646465
386,3.042503833770752,0.020494645461440086,1.852806417446118e-05,5.251169204711914e-05,0.19767676767676767
387,2.920008420944214,0.022914106026291847,1.778100340743549e-05,8.897483348846436e-05,0.20282828282828283
388,2.816704511642456,0.017751146107912064,1.7389807908330113e-05,4.1157007217407227e-05,0.19813131313131313
389,2.730771064758301,0.01440340094268322,1.8367525626672432e-05,5.646049976348877e-05,0.20005050505050506
390,2.6747426986694336,0.023483335971832275,1.8488444766262546e-05,-8.925795555114746e-06,0.1943939393939394
391,2.5986950397491455,0.020924562588334084,1.7433208995498717e-05,3.252178430557251e-05,0.1952020202020202
392,2.6122066974639893,0.020855166018009186,1.7721966287354007e-05,4.3414533138275146e-05,0.19515151515151516
393,2.935218095779419,0.01528637669980526,1.6240239347098395e-05,4.302710294723511e-05,0.1991919191919192
394,2.6070473194122314,0.019407907500863075,1.7356633179588243e-05,1.8231570720672607e-05,0.19545454545454546
395,2.5122158527374268,0.017552679404616356,1.7288779417867772e-05,3.581494092941284e-05,0.19813131313131313
396,2.9279592037200928,0.013612491078674793,1.6723070075386204e-05,4.949420690536499e-05,0.1940909090909091
397,2.861381769180298,0.012333039194345474,1.6811161913210526e-05,0.00011187046766281128,0.19404040404040404
398,2.726365566253662,0.021671216934919357,1.560492455610074e-05,5.666166543960571e-05,0.197020202020202
399,2.9945807456970215,0.021653156727552414,1.4568546248483472e-05,6.410479545593262e-05,0.19808080808080808
400,2.909782648086548,0.018667759373784065,1.609796890988946e-05,3.4339725971221924e-05,0.19904040404040405
401,2.8074235916137695,0.017304733395576477,1.5290750525309704e-05,6.85080885887146e-05,0.20136363636363636
402,3.0342636108398438,0.021048206835985184,1.6625170246697962e-05,0.00020246952772140503,0.19550505050505051
403,2.738069772720337,0.015973055735230446,1.5922689271974377e-05,0.0001417398452758789,0.19823232323232323
404,2.9572551250457764,0.018613416701555252,1.5788824384799227e-05,8.110702037811279e-05,0.195
405,2.6215741634368896,0.020037055015563965,1.5077692296472378e-05,0.00011491775512695312,0.19934343434343435
406,2.503589630126953,0.01362490002065897,1.5367637388408184e-05,5.237758159637451e-05,0.19323232323232323
407,2.8963799476623535,0.01995164155960083,1.530496410850901e-05,8.372962474822998e-05,0.19838383838383838
408,2.6450860500335693,0.016670528799295425,1.4774743249290623e-05,5.874037742614746e-05,0.19611111111111112
409,2.654670238494873,0.024288801476359367,1.4970046322559938e-05,0.0001220405101776123,0.19762626262626262
410,2.644033193588257,0.01866823434829712,1.508277728134999e-05,8.343905210494995e-05,0.19575757575757577
411,2.9579215049743652,0.020392654463648796,1.4463385923590977e-05,9.710341691970825e-05,0.19747474747474747
412,2.5500295162200928,0.02527683414518833,1.4032210856385063e-05,0.00013446807861328125,0.19747474747474747
413,2.8743479251861572,0.02147017978131771,1.5306381101254374e-05,7.902085781097412e-05,0.19757575757575757
414,2.989910364151001,0.017926309257745743,1.4412430573429447e-05,-5.140900611877441e-06,0.20025252525252527
415,2.5087010860443115,0.01941119134426117,1.3999363545735832e-05,0.00014194846153259277,0.19964646464646466
416,2.486879587173462,0.01407986506819725,1.4184496649249922e-05,8.440762758255005e-05,0.2007070707070707
417,2.5470783710479736,0.01916232518851757,1.4885838027112186e-05,9.973347187042236e-05,0.1967171717171717
418,2.805849075317383,0.015005229040980339,1.3992259482620284e-05,8.416920900344849e-05,0.1993939393939394
419,2.6465466022491455,0.014817247167229652,1.3689926163351629e-05,-2.2217631340026855e-05,0.19782828282828283
420,2.249074697494507,0.015174765139818192,1.337160574621521e-05,6.66007399559021e-05,0.20040404040404042
421,3.017909049987793,0.014853296801447868,1.3457002751238178e-05,0.00011412054300308228,0.19565656565656567
422,2.612921714782715,0.027951819822192192,1.3039051736996043e-05,9.331107139587402e-05,0.19747474747474747
423,3.161696195602417,0.014300954528152943,1.2687758498941548e-05,-5.438178777694702e-05,0.20212121212121212
424,2.8910067081451416,0.018957797437906265,1.3018216122873127e-05,4.696100950241089e-05,0.19434343434343435
425,3.0327982902526855,0.012590037658810616,1.2751213944284245e-05,0.0001247897744178772,0.1992929292929293
426,2.918354034423828,0.014575688168406487,1.1942655874008778e-05,7.628649473190308e-05,0.2014141414141414
427,2.7880942821502686,0.015296099707484245,1.3299827514856588e-05,-1.9297003746032715e-06,0.19722222222222222
428,2.438509225845337,0.020472858101129532,1.2640037311939523e-05,0.0001017153263092041,0.19595959595959597
429,2.7241504192352295,0.015021879225969315,1.2596705346368253e-05,6.185472011566162e-05,0.20095959595959595
430,2.587815761566162,0.01515512727200985,1.309708477492677e-05,6.103515625e-05,0.1954040404040404
431,3.093477249145508,0.015268882736563683,1.2226721082697622e-05,0.00013568997383117676,0.2006060606060606
432,2.557629108428955,0.012689096853137016,1.23753225125256e-05,9.95248556137085e-05,0.1985858585858586
433,2.927764654159546,0.018247853964567184,1.2538170267362148e-05,6.643682718276978e-05,0.1992929292929293
434,2.8156933784484863,0.020175892859697342,1.2316505490161944e-05,0.0002041831612586975,0.19424242424242424
435,2.574784994125366,0.02256952039897442,1.1889871530001983e-05,7.896125316619873e-05,0.19262626262626262
436,2.5732693672180176,0.017665255814790726,1.187176167150028e-05,9.658187627792358e-05,0.19762626262626262
437,3.031559944152832,0.014331109821796417,1.1415298104111571e-05,7.402151823043823e-05,0.20015151515151516
438,2.6786417961120605,0.014416209422051907,1.1451870705059264e-05,0.00010437518358230591,0.19772727272727272
439,2.79892897605896,0.012678014114499092,1.217695989907952e-05,0.00011263787746429443,0.20176767676767676
440,2.7808446884155273,0.0138634592294693,1.1869949958054349e-05,7.094442844390869e-05,0.19313131313131313
441,2.67248272895813,0.01946045644581318,1.102549686038401e-05,6.334483623504639e-05,0.1969191919191919
442,2.998993158340454,0.02811342664062977,1.1056369658035692e-05,0.00016411393880844116,0.19252525252525252
443,3.417827606201172,0.015386102721095085,1.146679187513655e-05,0.00016463547945022583,0.1948989898989899
444,2.466043472290039,0.01586376316845417,1.159720432042377e-05,0.00014699995517730713,0.20308080808080808
445,3.061408758163452,0.017729362472891808,1.2397938917274587e-05,6.393343210220337e-05,0.1984848484848485
446,2.870549201965332,0.017311200499534607,1.2078790859959554e-05,0.000155717134475708,0.19934343434343435
447,3.3159613609313965,0.020311061292886734,9.951255378837232e-06,0.00017677247524261475,0.1902020202020202
448,2.647303819656372,0.025094831362366676,1.233980310644256e-05,0.000178508460521698,0.19818181818181818
449,2.7589821815490723,0.012433928437530994,1.1187679774593562e-05,7.459521293640137e-05,0.20015151515151516
450,2.7643866539001465,0.016834409907460213,1.1424029253248591e-05,0.00022049248218536377,0.19752525252525252
451,2.604166030883789,0.023852430284023285,1.0632818884914741e-05,7.287412881851196e-05,0.19772727272727272
452,2.8670902252197266,0.018336527049541473,1.106410945794778e-05,0.00010892748832702637,0.20136363636363636
453,2.3113186359405518,0.023098604753613472,1.0321394256607164e-05,8.6270272731781e-05,0.19707070707070706
454,2.6634371280670166,0.012365064583718777,9.292565664509311e-06,0.00012824684381484985,0.20237373737373737
455,2.9712045192718506,0.017385009676218033,9.492036951996852e-06,0.00013212114572525024,0.1964141414141414
456,2.838231086730957,0.015318085439503193,9.955403584172018e-06,0.00014224648475646973,0.195
457,2.760246515274048,0.01636241003870964,1.1495110811665654e-05,0.00013884902000427246,0.19777777777777777
458,2.7635371685028076,0.0180654413998127,1.0370222298661247e-05,0.00011826306581497192,0.19747474747474747
459,2.907909393310547,0.018713796511292458,9.59181761572836e-06,0.0001384541392326355,0.19606060606060607
460,2.8755102157592773,0.018461275845766068,8.941991836763918e-06,8.530914783477783e-06,0.19767676767676767
461,2.5361664295196533,0.01941550523042679,9.76436240307521e-06,3.3915042877197266e-05,0.19732323232323232
462,2.789716958999634,0.01644218899309635,9.262255844078027e-06,0.00013872236013412476,0.20146464646464646
463,3.2389674186706543,0.016952823847532272,9.437881999474484e-06,0.0001994892954826355,0.19782828282828283
464,2.4848175048828125,0.022066306322813034,8.95096491149161e-06,0.00010089576244354248,0.1993939393939394
465,2.882216453552246,0.01644006557762623,9.784385838429444e-06,0.0002099946141242981,0.19853535353535354
466,2.577336072921753,0.02522740513086319,8.62021443026606e-06,0.00019159168004989624,0.19954545454545455
467,2.671396255493164,0.019028976559638977,8.76332342159003e-06,0.00022193044424057007,0.1947979797979798
468,2.6650052070617676,0.02554504945874214,8.880063433025498e-06,0.0002000555396080017,0.19166666666666668
469,2.5968363285064697,0.018165526911616325,9.077426511794329e-06,0.0002283155918121338,0.19762626262626262
470,2.9964253902435303,0.022057242691516876,9.179812877846416e-06,0.00022943317890167236,0.1963131313131313
471,2.9513070583343506,0.018148455768823624,8.444898412562907e-06,0.0001817643642425537,0.1948989898989899
472,2.856663703918457,0.023591913282871246,9.115743523580022e-06,0.00013671815395355225,0.19656565656565655
473,2.8610997200012207,0.024383753538131714,9.736870197230019e-06,0.00018613040447235107,0.19787878787878788
474,2.6448423862457275,0.014279471710324287,8.42604731587926e-06,0.00012359023094177246,0.19590909090909092
475,2.917862892150879,0.014795782044529915,9.471392331761308e-06,0.00016997754573822021,0.19707070707070706
476,2.6781351566314697,0.01937088556587696,8.804137905826792e-06,0.00015238672494888306,0.20040404040404042
477,2.314176082611084,0.025462444871664047,8.682048246555496e-06,0.00021488219499588013,0.20075757575757575
478,2.795475482940674,0.013143963180482388,8.229353625210933e-06,0.00017692148685455322,0.1963131313131313
479,2.499985933303833,0.012061281129717827,8.390047696593683e-06,0.0002252534031867981,0.19797979797979798
480,2.7384800910949707,0.020126543939113617,8.40574830363039e-06,0.00025994330644607544,0.20005050505050506
481,2.5820062160491943,0.019868873059749603,8.320062988786958e-06,0.0002169683575630188,0.19813131313131313
482,2.459730625152588,0.022903194651007652,8.323411748278886e-06,0.00017168372869491577,0.1991919191919192
483,2.7374446392059326,0.025798536837100983,8.908293239073828e-06,0.0001438632607460022,0.2007070707070707
484,2.8823189735412598,0.0239027701318264,7.990246558620129e-06,0.00018953531980514526,0.19752525252525252
485,2.5907509326934814,0.017381343990564346,8.453899681626353e-06,0.00019083172082901,0.1967171717171717
486,2.239680528640747,0.021434400230646133,7.713250852248166e-06,0.00013441592454910278,0.19934343434343435
487,2.718491554260254,0.02193736843764782,7.558331617474323e-06,0.00020410865545272827,0.19904040404040405
488,2.980172872543335,0.01732448674738407,7.142098183976486e-06,0.00014811009168624878,0.20045454545454544
489,3.1156580448150635,0.018402067944407463,7.473030564142391e-06,0.00011449307203292847,0.19818181818181818
490,2.8853580951690674,0.015101400204002857,7.621895292686531e-06,7.849186658859253e-05,0.19747474747474747
491,2.6243371963500977,0.01786203309893608,7.561952770629432e-06,0.00015343725681304932,0.1966161616161616
492,2.5998435020446777,0.017702165991067886,7.85274551162729e-06,7.96094536781311e-05,0.19297979797979797
493,2.7700839042663574,0.029814084991812706,7.517329322581645e-06,9.302794933319092e-05,0.20313131313131313
494,2.791694402694702,0.01761634647846222,7.641202500963118e-06,0.0001147836446762085,0.19924242424242425
495,2.709484577178955,0.011624802835285664,7.710866157140117e-06,0.00014032423496246338,0.2009090909090909
496,2.443115472793579,0.015310755930840969,7.452160389220808e-06,1.3962388038635254e-05,0.19626262626262625
497,2.87091326713562,0.014741092920303345,6.970599315536674e-06,7.844716310501099e-05,0.19974747474747476
498,3.0204787254333496,0.01602489873766899,7.534289125032956e-06,6.954371929168701e-05,0.19126262626262627
499,2.829895257949829,0.02006072737276554,7.000850928307045e-06,0.00010696053504943848,0.19843434343434344
