,loss_g,loss_d,loss_test,w_distance,acc
0,2.6536831855773926,4.808486461639404,0.24468904733657837,-0.00044158101081848145,0.17874097007223944
1,2.605027198791504,2.348874092102051,0.23977889120578766,-0.00057259202003479,0.21666666666666667
2,2.5540409088134766,0.45030322670936584,0.23266807198524475,-0.0009184181690216064,0.2235294117647059
3,2.4592151641845703,0.4318079352378845,0.22269952297210693,-0.0014248192310333252,0.22868937048503613
4,2.377692699432373,1.3270010948181152,0.20925849676132202,-0.0011368393898010254,0.23839009287925697
5,2.212273597717285,0.9458245038986206,0.19215472042560577,-0.000867694616317749,0.3510835913312694
6,2.0123746395111084,0.315934419631958,0.1718270480632782,-0.00037550926208496094,0.4542311661506708
7,1.8222723007202148,0.09667745232582092,0.149154394865036,6.505846977233887e-05,0.4610423116615067
8,1.587706208229065,0.3170708119869232,0.1258147805929184,0.00033536553382873535,0.47528379772961815
9,1.3536275625228882,0.5460922718048096,0.1038510799407959,0.00043398141860961914,0.4782765737874097
10,1.201090931892395,0.5918625593185425,0.08493997156620026,0.0007183849811553955,0.4855521155830753
11,1.0234920978546143,0.48116639256477356,0.07022075355052948,0.0008762776851654053,0.5039731682146543
12,0.8868034482002258,0.19201220571994781,0.0598992183804512,0.0008217096328735352,0.5044891640866873
13,0.8265029191970825,0.07172562181949615,0.05321270599961281,0.00096893310546875,0.5058307533539732
14,0.7683192491531372,0.14048582315444946,0.04931361600756645,0.0010824501514434814,0.5079979360165119
15,0.7995612025260925,0.2695527672767639,0.04724207520484924,0.0006797909736633301,0.5424148606811146
16,0.7572669386863708,0.28244462609291077,0.046396780759096146,0.0005970597267150879,0.5430340557275541
17,0.752839207649231,0.2583622336387634,0.04598469287157059,0.0005037486553192139,0.5430856553147575
18,0.7637240290641785,0.09597215801477432,0.04557037726044655,0.0003534257411956787,0.5430856553147575
19,0.7488222122192383,0.04923747479915619,0.04542078822851181,0.00018739700317382812,0.5430856553147575
20,0.7319322824478149,0.08599666506052017,0.04550407454371452,0.00011628866195678711,0.5430856553147575
21,0.7277191877365112,0.14786440134048462,0.04553801938891411,-7.286667823791504e-05,0.5430340557275541
22,0.7331491708755493,0.1791718602180481,0.04522404074668884,0.0001639723777770996,0.5429308565531475
23,0.7371969819068909,0.16601413488388062,0.04481082782149315,8.550286293029785e-05,0.537719298245614
24,0.7188860177993774,0.10454215109348297,0.04426213726401329,0.0003940463066101074,0.5367389060887513
25,0.7235507965087891,0.05648018792271614,0.043901946395635605,0.0004062056541442871,0.537203302373581
26,0.7204467058181763,0.05276837944984436,0.04381687566637993,0.0005674660205841064,0.5432404540763673
27,0.7402787208557129,0.0798855721950531,0.04361892491579056,0.0008223950862884521,0.5371517027863777
28,0.7321995496749878,0.13259157538414001,0.043368030339479446,0.0006031692028045654,0.5348297213622291
29,0.711473822593689,0.1125357449054718,0.043270938098430634,0.0006442368030548096,0.5313209494324045
30,0.7208474278450012,0.07418407499790192,0.04374410957098007,0.0005173683166503906,0.5292053663570692
31,0.7166714668273926,0.046916257590055466,0.044371604919433594,0.00037032365798950195,0.536687306501548
32,0.7404435873031616,0.0502212718129158,0.04521646723151207,0.00038444995880126953,0.5431372549019607
33,0.7331018447875977,0.058420635759830475,0.04556583985686302,0.00041919946670532227,0.5342105263157895
34,0.7442908883094788,0.08230318874120712,0.04550964757800102,4.431605339050293e-05,0.5459236326109391
35,0.7047350406646729,0.0650404617190361,0.04541004076600075,-4.082918167114258e-06,0.5426212590299277
36,0.7448549270629883,0.05202558636665344,0.044870130717754364,0.0003376007080078125,0.5426212590299277
37,0.7151020169258118,0.03965383395552635,0.04435494542121887,0.00030985474586486816,0.5426212590299277
38,0.7263076305389404,0.0429316945374012,0.04374018684029579,0.0006376802921295166,0.5426212590299277
39,0.7259173393249512,0.04909321665763855,0.04340824484825134,0.00042060017585754395,0.5426212590299277
40,0.7320787906646729,0.04855503514409065,0.04300515353679657,0.0003567039966583252,0.5425696594427245
41,0.7573685646057129,0.056362807750701904,0.042872484773397446,0.00042256712913513184,0.5425696594427245
42,0.712722659111023,0.03133989870548248,0.04308129474520683,0.0007009804248809814,0.5501547987616099
43,0.7459076046943665,0.03476403281092644,0.04366840794682503,0.0004788041114807129,0.5368421052631579
44,0.7649906277656555,0.0362531952559948,0.04417068138718605,0.000751793384552002,0.5280701754385965
45,0.7295297384262085,0.036841943860054016,0.044692009687423706,0.0005205869674682617,0.5286377708978328
46,0.7129362225532532,0.03612767159938812,0.04514611139893532,0.0004928410053253174,0.5442724458204334
47,0.7218040227890015,0.02999643236398697,0.04548736661672592,0.0008445084095001221,0.5372549019607843
48,0.7011839747428894,0.02999049425125122,0.04570338502526283,0.0005671679973602295,0.537719298245614
49,0.7134534120559692,0.027866067364811897,0.045680683106184006,0.0007404088973999023,0.5444788441692466
50,0.7267413139343262,0.0338166207075119,0.0453353114426136,0.0004023611545562744,0.5449948400412796
51,0.7428572773933411,0.03426583111286163,0.044859979301691055,0.0006410479545593262,0.5496388028895769
52,0.6909801959991455,0.03196823224425316,0.04446345195174217,0.000560462474822998,0.5431372549019607
53,0.738705039024353,0.02377348206937313,0.04407081380486488,0.000721663236618042,0.5429824561403509
54,0.6940100193023682,0.023932188749313354,0.044110216200351715,0.0008048713207244873,0.5420020639834882
55,0.6904073357582092,0.02262301743030548,0.04450570419430733,0.0006516873836517334,0.541640866873065
56,0.750304639339447,0.03266540542244911,0.04487008601427078,0.0008992850780487061,0.5395768833849329
57,0.7437453269958496,0.018024470657110214,0.044773515313863754,0.001010894775390625,0.537719298245614
58,0.7114421129226685,0.02285674959421158,0.04455193877220154,0.0009677708148956299,0.5385448916408668
59,0.6989486813545227,0.021408896893262863,0.044048503041267395,0.0008713006973266602,0.5428792569659443
60,0.7076020240783691,0.01798071339726448,0.04355311021208763,0.0007804036140441895,0.5526315789473685
61,0.7043873071670532,0.02303355745971203,0.0430586151778698,0.0008144378662109375,0.5561403508771929
62,0.7021940350532532,0.019418077543377876,0.04271305352449417,0.0007306039333343506,0.5441692466460268
63,0.6960285305976868,0.018053321167826653,0.04292363300919533,0.0006162524223327637,0.542827657378741
64,0.7170202136039734,0.015052784234285355,0.04324061796069145,0.0008816719055175781,0.5426728586171311
65,0.6902377009391785,0.023057200014591217,0.043739572167396545,0.0009755790233612061,0.5490712074303405
66,0.7219310998916626,0.012006672099232674,0.04399978369474411,0.001002967357635498,0.5348813209494324
67,0.7105239629745483,0.015420211479067802,0.044057782739400864,0.0009166896343231201,0.5318369453044376
68,0.705213189125061,0.023145642131567,0.04410379379987717,0.0011642277240753174,0.5415376676986584
69,0.7286334037780762,0.02109542116522789,0.043954987078905106,0.0011616945266723633,0.5428792569659443
70,0.6888575553894043,0.01498701423406601,0.04393332079052925,0.0010404884815216064,0.5428792569659443
71,0.7309550046920776,0.01633927784860134,0.043853431940078735,0.0012372732162475586,0.5427760577915377
72,0.7005480527877808,0.017826447263360023,0.04384651407599449,0.0011983513832092285,0.5490196078431373
73,0.6789615154266357,0.013866046443581581,0.04394505172967911,0.001292496919631958,0.5498452012383901
74,0.6982091665267944,0.012986251153051853,0.044337835162878036,0.0012529492378234863,0.5495872033023735
75,0.7246457934379578,0.01354343630373478,0.04433484748005867,0.0013571381568908691,0.5503611971104231
76,0.7015983462333679,0.016462819650769234,0.04409993812441826,0.00117531418800354,0.5508771929824562
77,0.7239987850189209,0.009753895923495293,0.04367859289050102,0.001143336296081543,0.551031991744066
78,0.7090810537338257,0.012261531315743923,0.043183352798223495,0.0010260343551635742,0.5506707946336429
79,0.6832229495048523,0.012690220959484577,0.04319485276937485,0.0010953545570373535,0.5492260061919505
80,0.7056088447570801,0.009428007528185844,0.043614521622657776,0.0015091896057128906,0.5506707946336429
81,0.7075842022895813,0.012402273714542389,0.04417748376727104,0.0013002753257751465,0.5547471620227038
82,0.6911851167678833,0.014949779957532883,0.044432997703552246,0.001417309045791626,0.5503611971104231
83,0.7021469473838806,0.012141919694840908,0.04414069280028343,0.0015311241149902344,0.5444788441692466
84,0.6716941595077515,0.009413501247763634,0.044159963726997375,0.001579195261001587,0.5454076367389061
85,0.7172803282737732,0.010974982753396034,0.04413619637489319,0.0015381276607513428,0.5568111455108359
86,0.6877683401107788,0.010020853951573372,0.04421495646238327,0.0013704895973205566,0.5518059855521156
87,0.7319361567497253,0.008489293046295643,0.0437907949090004,0.0014722645282745361,0.5518059855521156
88,0.6793566346168518,0.007984674535691738,0.04365925118327141,0.0015424489974975586,0.5467492260061919
89,0.7007256150245667,0.010003892704844475,0.04381591081619263,0.0016777515411376953,0.5440660474716202
90,0.6703789830207825,0.006872842088341713,0.04410872608423233,0.0013868212699890137,0.5437048503611971
91,0.7055399417877197,0.009232982993125916,0.04392557218670845,0.001438438892364502,0.5463364293085655
92,0.6948727369308472,0.007551461458206177,0.043459028005599976,0.0015058517456054688,0.5521155830753354
93,0.6936378479003906,0.012135633267462254,0.043131884187459946,0.0016514062881469727,0.5668214654282766
94,0.6949371099472046,0.006706218235194683,0.04308437183499336,0.0016277134418487549,0.5742518059855521
95,0.6821343898773193,0.008603339083492756,0.04322510212659836,0.001719832420349121,0.5756449948400413
96,0.6719201803207397,0.010221523232758045,0.04357585310935974,0.0017986893653869629,0.5745614035087719
97,0.6935349106788635,0.010075103491544724,0.04405940696597099,0.0019127428531646729,0.5614551083591331
98,0.6505338549613953,0.008184102363884449,0.04500148072838783,0.0019322037696838379,0.5526315789473685
99,0.7174549102783203,0.01020886842161417,0.04535062238574028,0.002026587724685669,0.551702786377709
100,0.6691923141479492,0.0054024821147322655,0.04531696066260338,0.002072572708129883,0.5521155830753354
101,0.7009681463241577,0.007458443753421307,0.044936154037714005,0.002013981342315674,0.5521155830753354
102,0.669278085231781,0.007373791188001633,0.04460268095135689,0.0019655227661132812,0.5546955624355006
103,0.7059425115585327,0.008100569248199463,0.04415123537182808,0.0020742714405059814,0.5637770897832818
104,0.7263976335525513,0.00881821196526289,0.043570175766944885,0.0021308064460754395,0.5672858617131062
105,0.6686242818832397,0.005956847220659256,0.04316679388284683,0.0020698904991149902,0.5666666666666667
106,0.6856058835983276,0.006620369851589203,0.04309510067105293,0.002165466547012329,0.5648090815273478
107,0.6720404624938965,0.0051969848573207855,0.043270863592624664,0.0021661221981048584,0.5678018575851393
108,0.6713961362838745,0.0058515481650829315,0.043641574680805206,0.0020427703857421875,0.5718782249742002
109,0.6914375424385071,0.006206164136528969,0.043991949409246445,0.002240985631942749,0.5756965944272446
110,0.6651607155799866,0.00699258130043745,0.044329266995191574,0.002202153205871582,0.5676986584107327
111,0.6443357467651367,0.007127589546144009,0.04486650228500366,0.0021179020404815674,0.5698658410732714
112,0.677654504776001,0.004960338585078716,0.04523033648729324,0.0023275017738342285,0.5709494324045408
113,0.6771374940872192,0.006095807999372482,0.0455617755651474,0.00220373272895813,0.5707430340557276
114,0.6562680602073669,0.0034466078504920006,0.045971039682626724,0.0024543404579162598,0.5661506707946337
115,0.6513261198997498,0.004781235940754414,0.04598413035273552,0.0026343464851379395,0.5666150670794634
116,0.6617074012756348,0.0043284231796860695,0.045642536133527756,0.0025810599327087402,0.5678534571723426
117,0.6863988041877747,0.005230303853750229,0.045049652457237244,0.002632439136505127,0.570485036119711
118,0.7059012651443481,0.00540155079215765,0.04420949146151543,0.0024595558643341064,0.5743550051599587
119,0.6243919730186462,0.005766323767602444,0.04380592331290245,0.002261340618133545,0.5818369453044375
120,0.6332443356513977,0.003626569639891386,0.04375125467777252,0.002446889877319336,0.5816821465428277
121,0.6683092713356018,0.00674313772469759,0.044058144092559814,0.0023502111434936523,0.5811661506707946
122,0.6620380878448486,0.0027400683611631393,0.044164907187223434,0.002281486988067627,0.5849845201238391
123,0.6751676797866821,0.0028113899752497673,0.0444265678524971,0.002763897180557251,0.5845201238390093
124,0.663591742515564,0.0017477297224104404,0.04449775442481041,0.0028066933155059814,0.5756449948400413
125,0.68207186460495,0.003388042561709881,0.04459306225180626,0.002797633409500122,0.5717234262125903
126,0.6826085448265076,0.003107847645878792,0.04463222995400429,0.002362579107284546,0.5780701754385965
127,0.6837318539619446,0.002664645202457905,0.044648751616477966,0.0028745532035827637,0.5830753353973168
128,0.6625021696090698,0.0025055762380361557,0.04481721296906471,0.0026530325412750244,0.5806501547987616
129,0.6244285106658936,0.0023231208324432373,0.045160286128520966,0.002954423427581787,0.5799277605779154
130,0.6597896218299866,0.0034889960661530495,0.04556988552212715,0.002647489309310913,0.579514963880289
131,0.6401662826538086,0.0020858459174633026,0.04589711129665375,0.0025821328163146973,0.5816821465428277
132,0.6445774435997009,0.0025190887972712517,0.046222902834415436,0.0025543272495269775,0.5870485036119711
133,0.6351960301399231,0.0025379504077136517,0.046496715396642685,0.0026580095291137695,0.5909184726522188
134,0.677230715751648,0.002261113841086626,0.04654788225889206,0.0030969083309173584,0.5924664602683178
135,0.637360692024231,0.0017361827194690704,0.046588167548179626,0.003237515687942505,0.592156862745098
136,0.6602829694747925,0.0008714771829545498,0.04669628664851189,0.003441452980041504,0.5907120743034056
137,0.6181628704071045,0.004103671759366989,0.046920061111450195,0.002954542636871338,0.5819401444788441
138,0.6338132619857788,6.625382229685783e-05,0.046911273151636124,0.0030798614025115967,0.580546955624355
139,0.6342158317565918,0.0013195904903113842,0.046716392040252686,0.00337943434715271,0.5853457172342621
140,0.6312310695648193,0.0015743314288556576,0.04631967842578888,0.0030420124530792236,0.5905056759545924
141,0.6354440450668335,0.0001402166672050953,0.04606102779507637,0.003077000379562378,0.5874097007223942
142,0.6514447331428528,0.001654552761465311,0.045837000012397766,0.0030691325664520264,0.5865841073271414
143,0.6228958368301392,0.0013535190373659134,0.04582814499735832,0.003094106912612915,0.5867905056759546
144,0.6609125137329102,0.0006825821474194527,0.045831698924303055,0.003312736749649048,0.5880804953560371
145,0.632239580154419,0.0007393723353743553,0.04598112404346466,0.003587186336517334,0.5914860681114551
146,0.6112311482429504,0.0002332406584173441,0.04636435955762863,0.003214120864868164,0.5920020639834881
147,0.6029852628707886,-0.0003898800350725651,0.04688609391450882,0.003320544958114624,0.5912280701754385
148,0.6244853138923645,0.0013883342035114765,0.047466862946748734,0.0034002959728240967,0.591640866873065
149,0.6110700368881226,0.00019997614435851574,0.04809963330626488,0.003155618906021118,0.5905056759545924
150,0.6502335071563721,0.001957694999873638,0.048489850014448166,0.0034051835536956787,0.5880804953560371
151,0.6435785293579102,-0.0006408882327377796,0.048574309796094894,0.0036569833755493164,0.5869969040247678
152,0.6155831813812256,-0.0007431004196405411,0.04837821051478386,0.0038667917251586914,0.5874097007223942
153,0.6382872462272644,-0.0011384023819118738,0.04802566021680832,0.003494441509246826,0.5878224974200207
154,0.6290053725242615,0.00032445602118968964,0.04745075851678848,0.003869354724884033,0.5858617131062952
155,0.5765723586082458,0.0019451435655355453,0.047254450619220734,0.0032622218132019043,0.5837461300309598
156,0.6210098266601562,-0.00034285709261894226,0.04707197844982147,0.003676384687423706,0.5869969040247678
157,0.60118567943573,-0.0006807930767536163,0.04696919023990631,0.003946095705032349,0.592156862745098
158,0.6154459714889526,-0.0003484785556793213,0.046853117644786835,0.004363745450973511,0.5950980392156863
159,0.632152795791626,-0.0013094479218125343,0.04676046594977379,0.0038874149322509766,0.5970072239422085
160,0.5851582884788513,-0.0004293113015592098,0.046882327646017075,0.003945380449295044,0.5945820433436533
161,0.6057809591293335,-0.00011645862832665443,0.047160740941762924,0.0037158727645874023,0.5920536635706914
162,0.6140430569648743,-0.0017585877794772387,0.04762694612145424,0.004013150930404663,0.5890092879256966
163,0.6244837045669556,-0.0015123728662729263,0.04802992567420006,0.004148691892623901,0.5879256965944273
164,0.6307767033576965,0.0005957777611911297,0.048051852732896805,0.0040010809898376465,0.5884932920536635
165,0.6238347291946411,-0.0021068055648356676,0.047800835222005844,0.003986775875091553,0.5881320949432405
166,0.646673321723938,-1.1904630810022354e-06,0.047328658401966095,0.003795802593231201,0.5880804953560371
167,0.6210689544677734,-0.0008973563089966774,0.04677869379520416,0.0042160749435424805,0.5896284829721362
168,0.62457275390625,-0.0019311730284243822,0.046211469918489456,0.004208087921142578,0.5946852425180599
169,0.6360430717468262,-0.001129071693867445,0.04588482156395912,0.0041176676750183105,0.6026831785345718
170,0.598869264125824,-0.000613892450928688,0.04564527049660683,0.0038875937461853027,0.6094427244582044
171,0.6325487494468689,-0.0012228414416313171,0.045554328709840775,0.003741919994354248,0.6101651186790505
172,0.5889669060707092,-0.0013099112547934055,0.045530278235673904,0.004209697246551514,0.609545923632611
173,0.6199908256530762,-0.0017436796333640814,0.04587428271770477,0.004297018051147461,0.6098555211558307
174,0.5937722325325012,-0.00017307233065366745,0.04638461023569107,0.0040395259857177734,0.6084623323013416
175,0.6092588901519775,-0.0006303028203547001,0.04671793803572655,0.0036910176277160645,0.5981940144478844
176,0.5998945236206055,-0.00242786668241024,0.04723696410655975,0.004005730152130127,0.5939628482972136
177,0.6156692504882812,0.000187805388122797,0.04755037650465965,0.003968000411987305,0.5957688338493292
178,0.6071628928184509,-0.0022529587149620056,0.04750414937734604,0.004256546497344971,0.6023735810113519
179,0.586799144744873,-0.001609927974641323,0.047470368444919586,0.004310727119445801,0.6104231166150671
180,0.6148207187652588,0.0004356089048087597,0.04740099236369133,0.00456923246383667,0.6096491228070176
181,0.5978978872299194,-0.0029694235417991877,0.047221239656209946,0.004361212253570557,0.6079979360165119
182,0.5801241993904114,-0.0006175779271870852,0.04744567349553108,0.004188835620880127,0.6025799793601652
183,0.595026969909668,-0.0003894297406077385,0.04797413572669029,0.004438996315002441,0.5981424148606811
184,0.5831275582313538,-0.0033251983113586903,0.048584599047899246,0.004637420177459717,0.596078431372549
185,0.6120625138282776,-0.001792360097169876,0.048552073538303375,0.004520058631896973,0.5976264189886481
186,0.6153770685195923,-0.0023730038665235043,0.04815942794084549,0.004635989665985107,0.6020639834881321
187,0.6003768444061279,-0.003562348196282983,0.047752030193805695,0.004826962947845459,0.6067595459236326
188,0.5849052667617798,-0.0020431133452802896,0.047327831387519836,0.0050490498542785645,0.6127450980392157
189,0.6050423383712769,-0.002735411748290062,0.046954382210969925,0.004549205303192139,0.6139318885448917
190,0.6120039820671082,-0.002370490925386548,0.046607665717601776,0.004519939422607422,0.6130030959752322
191,0.6063010692596436,-0.0017238650470972061,0.046596709638834,0.0042986273765563965,0.6126418988648091
192,0.5699426531791687,-0.004143062978982925,0.0468258373439312,0.00517427921295166,0.6143962848297214
193,0.5770189762115479,-0.0024803478736430407,0.04719209298491478,0.004895806312561035,0.6166150670794633
194,0.5604246854782104,-0.0038546198047697544,0.0477263517677784,0.0054634809494018555,0.611609907120743
195,0.5823385715484619,-0.003112133126705885,0.04824639484286308,0.005095481872558594,0.6074303405572755
196,0.5744385719299316,-0.003810986876487732,0.04843715950846672,0.005409896373748779,0.6065531475748194
197,0.6212640404701233,-0.0038208882324397564,0.04822292923927307,0.004946708679199219,0.6092363261093912
198,0.5633688569068909,-0.002182629192247987,0.04793592169880867,0.004354119300842285,0.6114035087719298
199,0.5886262059211731,-0.003056115470826626,0.04750995710492134,0.005182325839996338,0.6118163054695562
200,0.59836745262146,-0.0035988567396998405,0.04712098091840744,0.005043625831604004,0.6115583075335397
201,0.6150647401809692,-0.003910958766937256,0.046635232865810394,0.005141794681549072,0.6114551083591331
202,0.5575327277183533,-0.0040121134370565414,0.04635535180568695,0.005225777626037598,0.6133642930856553
203,0.5765776634216309,-0.002804255113005638,0.04645182564854622,0.0045604705810546875,0.6164086687306501
204,0.6032343506813049,-0.0036174128763377666,0.04678237810730934,0.004748046398162842,0.6176470588235294
205,0.5917458534240723,-0.004054012708365917,0.047350767999887466,0.0052394866943359375,0.6165634674922601
206,0.5870870351791382,-0.003927213605493307,0.04794992506504059,0.00518643856048584,0.6169246646026831
207,0.5874035954475403,-0.004215851426124573,0.04839114472270012,0.005111396312713623,0.618421052631579
208,0.5875986814498901,-0.004095136187970638,0.04874575883150101,0.005146503448486328,0.618421052631579
209,0.5517652034759521,-0.0041076489724218845,0.04908834770321846,0.005227446556091309,0.6190402476780186
210,0.5861680507659912,-0.0042825788259506226,0.04941149801015854,0.005360424518585205,0.6197626418988648
211,0.5497479438781738,-0.004445313476026058,0.04959859326481819,0.0052869319915771484,0.6192466460268318
212,0.5311864614486694,-0.003554137423634529,0.0497080534696579,0.005132913589477539,0.6190918472652219
213,0.581485390663147,-0.00255450326949358,0.049547649919986725,0.005619823932647705,0.6198658410732714
214,0.5746408700942993,-0.0023717395961284637,0.049199361354112625,0.005080461502075195,0.618782249742002
215,0.5576815605163574,-0.003942947834730148,0.0489518828690052,0.005051910877227783,0.6185242518059856
216,0.5805197954177856,-0.004946652799844742,0.04856371879577637,0.005936384201049805,0.6199174406604747
217,0.5454468727111816,-0.0038106476422399282,0.04823842644691467,0.005741536617279053,0.6221362229102168
218,0.5597027540206909,-0.0025653159245848656,0.047952014952898026,0.005250275135040283,0.6219814241486068
219,0.5835719108581543,-0.00349782919511199,0.0478181429207325,0.005349457263946533,0.6218782249742002
220,0.5666576623916626,-0.004923082422465086,0.04771773889660835,0.0058959126472473145,0.6220330237358102
221,0.5548864603042603,-0.004496405832469463,0.047808561474084854,0.005760908126831055,0.6236326109391125
222,0.5942074060440063,-0.003215769538655877,0.04773837700486183,0.005715727806091309,0.6248194014447884
223,0.562027096748352,-0.00378047046251595,0.04772411286830902,0.005757510662078857,0.6239938080495356
224,0.5909287333488464,-0.004999502096325159,0.047704290598630905,0.006500184535980225,0.62234262125903
225,0.5703465938568115,-0.004935419652611017,0.047443997114896774,0.005528271198272705,0.6239422084623323
226,0.5484702587127686,-0.0036412877961993217,0.04743005707859993,0.00479888916015625,0.6252321981424148
227,0.5637992024421692,-0.005063865799456835,0.04753950983285904,0.005573153495788574,0.624922600619195
228,0.5475318431854248,-0.004780704155564308,0.04770999029278755,0.006389021873474121,0.6247162022703818
229,0.5630958080291748,-0.003245231695473194,0.047886334359645844,0.006159007549285889,0.6229618163054695
230,0.5555995106697083,-0.003042245749384165,0.04781977832317352,0.005672335624694824,0.6239938080495356
231,0.5431334972381592,-0.004756813868880272,0.04762762784957886,0.0058100223541259766,0.6259545923632611
232,0.5368901491165161,-0.0028032336849719286,0.047537706792354584,0.0049079060554504395,0.6277605779153766
233,0.5624058842658997,-0.0001889723353087902,0.0476103350520134,0.0050623416900634766,0.6297213622291021
234,0.5572999715805054,-0.002265266142785549,0.04769992083311081,0.005595207214355469,0.6310113519091848
235,0.5496560335159302,-0.005539820529520512,0.04788489267230034,0.006384491920471191,0.6298761609907121
236,0.5340501666069031,-0.0037942733615636826,0.04815108701586723,0.00538325309753418,0.6287409700722394
237,0.5477458834648132,-0.0022060233168303967,0.04833723232150078,0.0057228803634643555,0.6274509803921569
238,0.5061697959899902,-0.003358098678290844,0.04861012101173401,0.006044268608093262,0.6268833849329205
239,0.5443705916404724,-0.0056701768189668655,0.048807542771101,0.006334364414215088,0.6264705882352941
240,0.5077329277992249,-0.004961348604410887,0.048791032284498215,0.006067156791687012,0.6274509803921569
241,0.5488280653953552,-0.004060606472194195,0.048702094703912735,0.006031513214111328,0.6300825593395253
242,0.5568714737892151,-0.005606712773442268,0.04845351725816727,0.006601870059967041,0.6332301341589267
243,0.541529655456543,-0.0043029747903347015,0.048305898904800415,0.005112051963806152,0.6356037151702786
244,0.5398393869400024,-0.0028256995137780905,0.04803464189171791,0.0051558613777160645,0.6365841073271414
245,0.5362575054168701,-0.0031784474849700928,0.04756421968340874,0.006101429462432861,0.6363261093911249
246,0.5183973908424377,-0.004786166362464428,0.047366637736558914,0.005809485912322998,0.6353457172342621
247,0.5288211703300476,-0.004688577260822058,0.04737190157175064,0.005506455898284912,0.6363261093911249
248,0.5331099033355713,-0.002231393940746784,0.04778249189257622,0.005383133888244629,0.6358101135190919
249,0.5405476689338684,-0.0036067133769392967,0.048224154859781265,0.006059765815734863,0.6358101135190919
250,0.5052632689476013,-0.005048203747719526,0.04872114211320877,0.005803883075714111,0.6330753353973169
251,0.5513445734977722,-0.003819249803200364,0.0489155575633049,0.006153702735900879,0.6329721362229103
252,0.5364071726799011,-0.0027732555754482746,0.04882682487368584,0.0056920647621154785,0.6312693498452012
253,0.5128511190414429,-0.005716206040233374,0.048928555101156235,0.006189882755279541,0.6319401444788442
254,0.5412577390670776,-0.004433037247508764,0.04887334257364273,0.0066416263580322266,0.6333849329205367
255,0.49237966537475586,-0.003954046405851841,0.04890032112598419,0.006572544574737549,0.6345717234262126
256,0.5331409573554993,-0.005121654365211725,0.048892151564359665,0.005768477916717529,0.6381836945304438
257,0.4890912175178528,-0.005027912091463804,0.049153685569763184,0.006310999393463135,0.6405572755417956
258,0.5249795317649841,-0.004292691592127085,0.049164317548274994,0.005552947521209717,0.6413312693498452
259,0.5166441202163696,-0.00607263995334506,0.04913570359349251,0.006484925746917725,0.6419504643962848
260,0.5372347831726074,-0.004859141074120998,0.04873059689998627,0.006373345851898193,0.6411764705882353
261,0.5319490432739258,-0.0038608391769230366,0.04825492575764656,0.00551915168762207,0.6398864809081527
262,0.5078155994415283,-0.006099701393395662,0.04794091358780861,0.0067231059074401855,0.6387512899896801
263,0.5077515244483948,-0.004704323597252369,0.047790203243494034,0.005912959575653076,0.6396800825593395
264,0.5180915594100952,-0.004054872319102287,0.047924090176820755,0.005872249603271484,0.6388544891640867
265,0.5331084728240967,-0.005291336216032505,0.04812367632985115,0.006061375141143799,0.6407636738906088
266,0.5052680969238281,-0.005621804390102625,0.04856680706143379,0.006096303462982178,0.640608875128999
267,0.5321288704872131,-0.00462600402534008,0.04893484339118004,0.0058383941650390625,0.6393188854489165
268,0.503678023815155,-0.005762825720012188,0.04898013174533844,0.006998002529144287,0.6403508771929824
269,0.5089021921157837,-0.005453976336866617,0.04885437339544296,0.005890071392059326,0.6410732714138286
270,0.4978598356246948,-0.005258854944258928,0.04869136959314346,0.006010293960571289,0.640608875128999
271,0.5169472694396973,-0.0056360699236392975,0.04858715832233429,0.006201624870300293,0.6394220846233231
272,0.5139205455780029,-0.00464965496212244,0.048714954406023026,0.005160927772521973,0.63890608875129
273,0.517635703086853,-0.0051452647894620895,0.04887818172574043,0.00590592622756958,0.6413312693498452
274,0.49792084097862244,-0.004775153007358313,0.04943432658910751,0.005500197410583496,0.6433952528379773
275,0.4969172477722168,-0.00587000185623765,0.04970977455377579,0.006253719329833984,0.6425180598555211
276,0.5224362015724182,-0.0056074634194374084,0.04970080032944679,0.0061032772064208984,0.6430856553147575
277,0.4845719337463379,-0.006122616585344076,0.049392733722925186,0.006456255912780762,0.6442724458204334
278,0.49449849128723145,-0.005974990781396627,0.04895476996898651,0.006475865840911865,0.6446336429308566
279,0.49474263191223145,-0.005246019922196865,0.04861491918563843,0.005680203437805176,0.6416924664602683
280,0.47980043292045593,-0.005822612904012203,0.04840128868818283,0.006574690341949463,0.6415376676986584
281,0.49836796522140503,-0.005144958384335041,0.048280369490385056,0.006311595439910889,0.6402992776057792
282,0.48803797364234924,-0.005767820402979851,0.04850124567747116,0.006636142730712891,0.641124871001032
283,0.5007845163345337,-0.006112210918217897,0.04880864545702934,0.006607532501220703,0.6403508771929824
284,0.4993123412132263,-0.005826761946082115,0.04914132133126259,0.006796538829803467,0.6438080495356037
285,0.5193222165107727,-0.004975404590368271,0.04914075881242752,0.006679832935333252,0.6468008255933952
286,0.48558974266052246,-0.006325599737465382,0.04914983734488487,0.007444560527801514,0.6453560371517028
287,0.47564586997032166,-0.0064829508773982525,0.04895361140370369,0.006923854351043701,0.6458204334365325
288,0.5004402995109558,-0.004958963021636009,0.04875531420111656,0.0057849884033203125,0.645562435500516
289,0.5274968147277832,-0.0044884528033435345,0.04861358180642128,0.00623774528503418,0.6446852425180598
290,0.4775840640068054,-0.004786140285432339,0.04882921651005745,0.0065683722496032715,0.6452012383900929
291,0.510620653629303,-0.005615206900984049,0.04893683269619942,0.006556689739227295,0.6443240454076368
292,0.49408552050590515,-0.005510839633643627,0.04883560538291931,0.006013095378875732,0.6436532507739938
293,0.4898672103881836,-0.006651801522821188,0.04873055964708328,0.007015585899353027,0.6452528379772962
294,0.47991377115249634,-0.005232235882431269,0.04858298972249031,0.0058217644691467285,0.6466460268317853
295,0.502547025680542,-0.006097263656556606,0.04809486120939255,0.006506979465484619,0.6462332301341589
296,0.5158621668815613,-0.006719475612044334,0.04742048680782318,0.007133662700653076,0.6480908152734778
297,0.48183849453926086,-0.006232349202036858,0.046965423971414566,0.006602942943572998,0.6486068111455109
298,0.46193087100982666,-0.006275076884776354,0.04702046141028404,0.0069585442543029785,0.6478844169246646
299,0.4693942964076996,-0.005400237627327442,0.047398436814546585,0.006234705448150635,0.6461816305469557
300,0.49687182903289795,-0.004960027523338795,0.04785521328449249,0.005975902080535889,0.6458204334365325
301,0.4838341176509857,-0.005722665693610907,0.04833490028977394,0.0062329769134521484,0.6456140350877193
302,0.4901915192604065,-0.006928777787834406,0.048406749963760376,0.007299959659576416,0.6459752321981425
303,0.48556017875671387,-0.006973126903176308,0.04870356619358063,0.007360637187957764,0.6455108359133127
304,0.4784020483493805,-0.0061647011898458,0.048908770084381104,0.0073239803314208984,0.6456140350877193
305,0.4636215567588806,-0.004886913113296032,0.049191273748874664,0.007141768932342529,0.6470072239422084
306,0.49361908435821533,-0.0031103910878300667,0.04950542002916336,0.005868017673492432,0.6462848297213623
307,0.46268677711486816,-0.004484266042709351,0.04998450726270676,0.006913363933563232,0.646594427244582
308,0.46766242384910583,-0.005438121035695076,0.05046231672167778,0.00643390417098999,0.6462332301341589
309,0.48988452553749084,-0.0067062037996947765,0.05046934261918068,0.007080078125,0.647781217750258
310,0.4738428592681885,-0.005011670291423798,0.050119344145059586,0.006273210048675537,0.6480908152734778
311,0.47847461700439453,-0.0036687629763036966,0.049513135105371475,0.006581127643585205,0.6482456140350877
312,0.4874551296234131,-0.0037300873082131147,0.04882492125034332,0.0070236921310424805,0.6480908152734778
313,0.4742810130119324,-0.004635742399841547,0.048502203077077866,0.006105184555053711,0.647265221878225
314,0.464469850063324,-0.006076594814658165,0.04854521527886391,0.006387531757354736,0.6463364293085655
315,0.44893553853034973,-0.004684224259108305,0.04908585920929909,0.0061095356941223145,0.6474716202270382
316,0.4966354966163635,-0.0034244279377162457,0.04928286746144295,0.005818605422973633,0.647781217750258
317,0.470156192779541,-0.0049570403061807156,0.04946653172373772,0.006126582622528076,0.6475748194014448
318,0.4703124761581421,-0.006006720941513777,0.04963100701570511,0.0063803791999816895,0.6478328173374613
319,0.45769402384757996,-0.005246024578809738,0.04989141225814819,0.005987942218780518,0.6500515995872033
320,0.4610818028450012,-0.005807514302432537,0.050437137484550476,0.006800234317779541,0.6490196078431373
321,0.47556424140930176,-0.005986061878502369,0.050881609320640564,0.006367385387420654,0.6489680082559339
322,0.4681215286254883,-0.0064059048891067505,0.051012635231018066,0.006707608699798584,0.6504127966976264
323,0.47066348791122437,-0.00459091505035758,0.050516948103904724,0.00563657283782959,0.6500515995872033
324,0.4702998399734497,-0.005081907846033573,0.05003581568598747,0.006511986255645752,0.65
325,0.4850485920906067,-0.006039854604750872,0.049455683678388596,0.006903111934661865,0.6495872033023736
326,0.4585627317428589,-0.006893932819366455,0.04906391352415085,0.007223665714263916,0.6476264189886481
327,0.45136120915412903,-0.005788642913103104,0.04882681369781494,0.00645899772644043,0.6474200206398348
328,0.49804598093032837,-0.005369218531996012,0.04883759096264839,0.00659555196762085,0.6480392156862745
329,0.4716706871986389,-0.005573945119976997,0.049012377858161926,0.006543934345245361,0.6476264189886481
330,0.45414939522743225,-0.0064874631352722645,0.049478232860565186,0.007424712181091309,0.65
331,0.44738176465034485,-0.006586249452084303,0.0498916357755661,0.006865262985229492,0.650515995872033
332,0.43088477849960327,-0.00646443385630846,0.05015844479203224,0.006657123565673828,0.6522187822497421
333,0.42790719866752625,-0.0065079135820269585,0.050215527415275574,0.006764709949493408,0.6523219814241487
334,0.47368982434272766,-0.006536101456731558,0.0500304289162159,0.0069220662117004395,0.6512383900928792
335,0.45272141695022583,-0.005841616541147232,0.04988693818449974,0.006138801574707031,0.6516511867905057
336,0.4463396668434143,-0.006802904885262251,0.05006128177046776,0.007068157196044922,0.6501547987616099
337,0.45201945304870605,-0.006301929242908955,0.05037052929401398,0.0066373348236083984,0.6493808049535603
338,0.4689435362815857,-0.005758683662861586,0.050811123102903366,0.0060332417488098145,0.6508255933952528
339,0.4469626545906067,-0.006368684116750956,0.05117473006248474,0.0065711140632629395,0.6509287925696594
340,0.4644481837749481,-0.006520400755107403,0.05100508779287338,0.006839573383331299,0.6503611971104231
341,0.4625970721244812,-0.005696501117199659,0.050771914422512054,0.006094634532928467,0.6507739938080496
342,0.4455024302005768,-0.006738852243870497,0.050546254962682724,0.007069289684295654,0.6528895768833849
343,0.47092416882514954,-0.006207100115716457,0.050354696810245514,0.006530046463012695,0.6518059855521156
344,0.44987428188323975,-0.006736997980624437,0.050111349672079086,0.006982862949371338,0.6492260061919505
345,0.44923684000968933,-0.00576759222894907,0.049781884998083115,0.0061043500900268555,0.6508771929824562
346,0.4535723924636841,-0.005832459777593613,0.04968087002635002,0.0066429972648620605,0.6521671826625387
347,0.44633859395980835,-0.006147082429379225,0.04959836229681969,0.0072380900382995605,0.6536119711042312
348,0.45004895329475403,-0.005798728205263615,0.04959675297141075,0.007055342197418213,0.6534571723426212
349,0.4416309595108032,-0.005820155143737793,0.049852948635816574,0.006623327732086182,0.6509803921568628
350,0.4624846279621124,-0.0062674880027771,0.05004538595676422,0.006822407245635986,0.6515479876160991
351,0.4360157251358032,-0.006362635176628828,0.0501650907099247,0.0067269206047058105,0.6512899896800826
352,0.41521286964416504,-0.006359891500324011,0.05035332590341568,0.006827414035797119,0.650515995872033
353,0.47413721680641174,-0.00585560267791152,0.05056091025471687,0.006894707679748535,0.6488132094943241
354,0.47291529178619385,-0.006753410678356886,0.050494831055402756,0.007133960723876953,0.6491228070175439
355,0.4360683560371399,-0.006757321767508984,0.05027150362730026,0.007450878620147705,0.6514963880288958
356,0.4583591818809509,-0.005950836930423975,0.050055380910634995,0.006584465503692627,0.6546439628482972
357,0.4364662766456604,-0.006588420830667019,0.05011368542909622,0.007020771503448486,0.6526315789473685
358,0.44833362102508545,-0.006933581084012985,0.05016759783029556,0.007178306579589844,0.6514447884416925
359,0.47959935665130615,-0.006574493832886219,0.04999268427491188,0.006821572780609131,0.651031991744066
360,0.4324578642845154,-0.006576470099389553,0.04981702193617821,0.006875455379486084,0.650670794633643
361,0.449767142534256,-0.007683213334530592,0.04959729313850403,0.007927000522613525,0.6509287925696594
362,0.4342980682849884,-0.006911023985594511,0.04945545643568039,0.007318973541259766,0.6495872033023736
363,0.4316365420818329,-0.006200592033565044,0.04932255670428276,0.006941616535186768,0.6503611971104231
364,0.4274696111679077,-0.00579063268378377,0.04934386536478996,0.006275832653045654,0.650670794633643
365,0.46424996852874756,-0.006857302505522966,0.04943902790546417,0.007300615310668945,0.650670794633643
366,0.4613533616065979,-0.006340628489851952,0.04956324025988579,0.006735503673553467,0.6514963880288958
367,0.4490681290626526,-0.006465424317866564,0.04972447082400322,0.006952047348022461,0.6515479876160991
368,0.4706096649169922,-0.0061392770148813725,0.0495767667889595,0.006724357604980469,0.6516511867905057
369,0.4428294897079468,-0.006326016038656235,0.04940594360232353,0.006985962390899658,0.6520123839009287
370,0.3972397744655609,-0.0053559704683721066,0.04960990324616432,0.006383121013641357,0.6515995872033024
371,0.42572134733200073,-0.005722954869270325,0.04993007332086563,0.0068051815032958984,0.6497420020639835
372,0.4119471311569214,-0.005595184862613678,0.05023324117064476,0.007232010364532471,0.6503611971104231
373,0.4469470679759979,-0.004582176450639963,0.050270065665245056,0.006745755672454834,0.6529927760577915
374,0.4471568465232849,-0.004316763021051884,0.050493303686380386,0.006514310836791992,0.6547471620227038
375,0.4326251149177551,-0.004752429202198982,0.05074834078550339,0.00612640380859375,0.6536635706914344
376,0.4212815463542938,-0.007511668372899294,0.050928983837366104,0.008068621158599854,0.6531991744066048
377,0.465302973985672,-0.0072823790833354,0.05074639245867729,0.007513761520385742,0.6537151702786378
378,0.42645227909088135,-0.0064397696405649185,0.05034460499882698,0.0070427656173706055,0.6527863777089783
379,0.40098151564598083,-0.0058708712458610535,0.049803100526332855,0.007215678691864014,0.651031991744066
380,0.460532546043396,-0.004121291451156139,0.04923632740974426,0.005699276924133301,0.6531991744066048
381,0.43164923787117004,-0.004559575114399195,0.049201298505067825,0.00654292106628418,0.653766769865841
382,0.44074180722236633,-0.0056441780179739,0.049365803599357605,0.007160961627960205,0.6535603715170278
383,0.440477192401886,-0.006263183895498514,0.049640122801065445,0.007527709007263184,0.653766769865841
384,0.45053261518478394,-0.005937371868640184,0.04972286894917488,0.00631183385848999,0.6542827657378741
385,0.4385533332824707,-0.006616268306970596,0.04954327642917633,0.007038414478302002,0.6538699690402476
386,0.41274935007095337,-0.007704299408942461,0.04929843172430992,0.008296191692352295,0.6546955624355005
387,0.41384780406951904,-0.0071122851222753525,0.04944795370101929,0.007365822792053223,0.6524767801857585
388,0.4120787978172302,-0.006632134784013033,0.04976748675107956,0.006876170635223389,0.6521155830753353
389,0.4275420904159546,-0.005855006165802479,0.05020986497402191,0.00625377893447876,0.6518575851393189
390,0.42020291090011597,-0.007516955491155386,0.050803590565919876,0.00786125659942627,0.6531991744066048
391,0.41969913244247437,-0.006148615386337042,0.05155676603317261,0.006490826606750488,0.6546439628482972
392,0.40869441628456116,-0.00670382846146822,0.05209442973136902,0.006955921649932861,0.6540763673890609
393,0.43464580178260803,-0.006123913452029228,0.052319686859846115,0.0064043402671813965,0.6534571723426212
394,0.43063604831695557,-0.007269734516739845,0.05202839523553848,0.007558882236480713,0.6542311661506708
395,0.3965796232223511,-0.006063278764486313,0.05150603502988815,0.006650149822235107,0.6555211558307533
396,0.42963361740112305,-0.006137027870863676,0.05078020319342613,0.007578253746032715,0.6556759545923633
397,0.40463632345199585,-0.005483213346451521,0.050053611397743225,0.0071953535079956055,0.6535087719298246
398,0.428808331489563,-0.005631043575704098,0.049485933035612106,0.007275819778442383,0.652734778121775
399,0.4356502890586853,-0.00458482326939702,0.04908190667629242,0.005381762981414795,0.6521671826625387
400,0.4256579279899597,-0.0074087283574044704,0.048927128314971924,0.007753312587738037,0.6518059855521156
401,0.43983882665634155,-0.006065044552087784,0.04883328080177307,0.006510674953460693,0.6513931888544892
402,0.42771607637405396,-0.005721431225538254,0.0489230751991272,0.007208287715911865,0.6527863777089783
403,0.4244471788406372,-0.004448383115231991,0.049151238054037094,0.007492244243621826,0.652734778121775
404,0.4005737900733948,-0.0039320457726716995,0.04947173222899437,0.0069484710693359375,0.6525799793601651
405,0.4711499512195587,-0.005612106062471867,0.049755457788705826,0.007428765296936035,0.6519607843137255
406,0.421212375164032,-0.007083615753799677,0.05008566007018089,0.007409453392028809,0.6517543859649123
407,0.4253612160682678,-0.006521811708807945,0.050211068242788315,0.007103860378265381,0.6524251805985553
408,0.4306207299232483,-0.004910821095108986,0.04995301738381386,0.006651699542999268,0.6522703818369453
409,0.43244922161102295,-0.0045923348516225815,0.04972406104207039,0.006466507911682129,0.6517543859649123
410,0.38732385635375977,-0.005895410664379597,0.04986611381173134,0.007280468940734863,0.6518575851393189
411,0.42101815342903137,-0.007069172337651253,0.05026279017329216,0.007562756538391113,0.6525799793601651
412,0.4565211534500122,-0.006581486668437719,0.050407636910676956,0.007268548011779785,0.6542827657378741
413,0.4183107316493988,-0.005378108471632004,0.05050426721572876,0.007350146770477295,0.6540763673890609
414,0.4007684588432312,-0.004155807197093964,0.05061713978648186,0.006972908973693848,0.6535603715170278
415,0.43832945823669434,-0.004938818048685789,0.05042272433638573,0.006975889205932617,0.6530443756449948
416,0.4387681484222412,-0.006822636816650629,0.050010181963443756,0.0072789788246154785,0.6518575851393189
417,0.4179386496543884,-0.007477442733943462,0.0497124046087265,0.007792830467224121,0.6524767801857585
418,0.39788877964019775,-0.006289820186793804,0.049663037061691284,0.007322847843170166,0.6520123839009287
419,0.3951234221458435,-0.006399988196790218,0.049804672598838806,0.007427811622619629,0.6531475748194014
420,0.4335968494415283,-0.007494915276765823,0.05014489218592644,0.007925748825073242,0.6542311661506708
421,0.4279683232307434,-0.005671441089361906,0.05070135369896889,0.006086945533752441,0.6555211558307533
422,0.41051995754241943,-0.006385766435414553,0.05122046172618866,0.006944775581359863,0.6557275541795665
423,0.3972022533416748,-0.006944273132830858,0.051235586404800415,0.007525026798248291,0.6556759545923633
424,0.4101414680480957,-0.005787302739918232,0.051071006804704666,0.006274878978729248,0.6570691434468524
425,0.3938312530517578,-0.007199149578809738,0.05093548074364662,0.007446885108947754,0.6585655314757481
426,0.40209293365478516,-0.0056349351070821285,0.05069686844944954,0.005871474742889404,0.6566047471620227
427,0.4202544093132019,-0.008072974160313606,0.050533417612314224,0.008302628993988037,0.6557791537667699
428,0.3910622000694275,-0.007436805870383978,0.05050831288099289,0.007604539394378662,0.6537151702786378
429,0.3779621422290802,-0.006522911600768566,0.05075286328792572,0.006924748420715332,0.652734778121775
430,0.4066787362098694,-0.007426558993756771,0.050619468092918396,0.007844746112823486,0.6523735810113519
431,0.37357959151268005,-0.005810999311506748,0.05051818862557411,0.006202995777130127,0.6522703818369453
432,0.38334891200065613,-0.006555003114044666,0.05060847848653793,0.007081568241119385,0.6519091847265222
433,0.43002259731292725,-0.007786714471876621,0.050909608602523804,0.008123159408569336,0.6537151702786378
434,0.42069539427757263,-0.006855114828795195,0.051210835576057434,0.0070452094078063965,0.6516511867905057
435,0.3870801031589508,-0.006600665394216776,0.05125221982598305,0.007187485694885254,0.650670794633643
436,0.41476011276245117,-0.005730609409511089,0.05124521628022194,0.006545364856719971,0.6513415892672859
437,0.39608195424079895,-0.006490266416221857,0.051188621670007706,0.007073163986206055,0.6531991744066048
438,0.40793687105178833,-0.00680409325286746,0.051055606454610825,0.0070258378982543945,0.6554695562435501
439,0.4032926559448242,-0.005909503437578678,0.05092378705739975,0.006442725658416748,0.6556243550051599
440,0.37296998500823975,-0.0054734027944505215,0.05076812580227852,0.006083786487579346,0.6550567595459237
441,0.38612592220306396,-0.007267763838171959,0.05048505216836929,0.008083999156951904,0.6551083591331269
442,0.3882378339767456,-0.006856907159090042,0.05026569217443466,0.007742404937744141,0.6546439628482972
443,0.3838222920894623,-0.0060432301834225655,0.05007531866431236,0.006708204746246338,0.6550051599587203
444,0.4112356901168823,-0.0061791869811713696,0.050075747072696686,0.0068280696868896484,0.6543859649122807
445,0.40672776103019714,-0.006570454686880112,0.05011481046676636,0.00696331262588501,0.6558823529411765
446,0.41670113801956177,-0.0076964967884123325,0.0503181591629982,0.007989704608917236,0.6570691434468524
447,0.4187774956226349,-0.006853303872048855,0.050648581236600876,0.007110714912414551,0.6575851393188854
448,0.36435002088546753,-0.007412136998027563,0.051126159727573395,0.007737994194030762,0.656140350877193
449,0.420620322227478,-0.007213881239295006,0.05149605870246887,0.007425248622894287,0.6567595459236326
450,0.3966543674468994,-0.006768266670405865,0.05172956362366676,0.006987035274505615,0.6567079463364293
451,0.39733386039733887,-0.007984273135662079,0.051782578229904175,0.00821375846862793,0.6566047471620227
452,0.41148924827575684,-0.006030720192939043,0.051673196256160736,0.006416618824005127,0.6542311661506708
453,0.38672512769699097,-0.007119449321180582,0.05157347023487091,0.007969856262207031,0.6526315789473685
454,0.3994063138961792,-0.005093500949442387,0.05143503472208977,0.00644230842590332,0.6518575851393189
455,0.40045273303985596,-0.005772617645561695,0.051216866821050644,0.007497549057006836,0.6523735810113519
456,0.3703564405441284,-0.006716153118759394,0.051177047193050385,0.007880687713623047,0.6548503611971104
457,0.39038601517677307,-0.006437255069613457,0.051179438829422,0.006851077079772949,0.6569143446852426
458,0.3821510076522827,-0.006141331512480974,0.05132880434393883,0.006656229496002197,0.6556759545923633
459,0.39269328117370605,-0.007349628023803234,0.051181916147470474,0.007671773433685303,0.6553147574819401
460,0.3943837881088257,-0.007195416372269392,0.05095767602324486,0.007506310939788818,0.6554695562435501
461,0.4036698639392853,-0.00734307523816824,0.0505116805434227,0.00756227970123291,0.6553147574819401
462,0.37546297907829285,-0.006493018940091133,0.05037487670779228,0.006692409515380859,0.6543343653250774
463,0.39327582716941833,-0.007407147437334061,0.050513189285993576,0.00764918327331543,0.6553147574819401
464,0.38590294122695923,-0.007444577757269144,0.050352226942777634,0.00770878791809082,0.6564499484004128
465,0.3721349835395813,-0.006652473472058773,0.05010807514190674,0.0069446563720703125,0.6574303405572756
466,0.36578014492988586,-0.006960212718695402,0.050196412950754166,0.0073659420013427734,0.6601135190918472
467,0.3870818316936493,-0.0072143543511629105,0.050360701978206635,0.007600665092468262,0.659907120743034
468,0.38706666231155396,-0.006794117856770754,0.05053318664431572,0.007235884666442871,0.659907120743034
469,0.38345617055892944,-0.007228984963148832,0.05045785754919052,0.007507920265197754,0.6605263157894737
470,0.36428624391555786,-0.007076646666973829,0.05040529742836952,0.007301151752471924,0.6598039215686274
471,0.4012867212295532,-0.007192663382738829,0.05035949870944023,0.0073906779289245605,0.6590815273477812
472,0.3892034888267517,-0.006818207912147045,0.05013018846511841,0.0069748759269714355,0.6580495356037152
473,0.36915403604507446,-0.00835175346583128,0.04982544481754303,0.008758127689361572,0.6579979360165119
474,0.4093008041381836,-0.006572266574949026,0.049541398882865906,0.00717848539352417,0.6599587203302374
475,0.3877849280834198,-0.004958115518093109,0.04935560002923012,0.006034255027770996,0.6586171310629515
476,0.3803555965423584,-0.006312762387096882,0.04939257726073265,0.007461249828338623,0.6568627450980392
477,0.38125765323638916,-0.005436643958091736,0.04959183186292648,0.006514251232147217,0.6563467492260062
478,0.3889620304107666,-0.0070241764187812805,0.049798764288425446,0.007488250732421875,0.6569143446852426
479,0.38903138041496277,-0.007120189256966114,0.05025433748960495,0.007343411445617676,0.6573787409700722
480,0.38231271505355835,-0.0066143060103058815,0.050715863704681396,0.006926298141479492,0.6551083591331269
481,0.400637686252594,-0.006475319154560566,0.05065911263227463,0.006725192070007324,0.6567079463364293
482,0.3825804591178894,-0.006464317440986633,0.05028663948178291,0.006849348545074463,0.6563467492260062
483,0.41100603342056274,-0.006606839597225189,0.049915242940187454,0.006881117820739746,0.6569659442724458
484,0.37205350399017334,-0.0064301444217562675,0.04974992200732231,0.0067642927169799805,0.656656346749226
485,0.374306857585907,-0.007264378480613232,0.04993918165564537,0.0076743364334106445,0.6577399380804954
486,0.3703070282936096,-0.006215689238160849,0.05051049217581749,0.007390499114990234,0.6543859649122807
487,0.358134001493454,-0.003430671524256468,0.05111364275217056,0.00574260950088501,0.6536635706914344
488,0.366519570350647,-0.0032822568900883198,0.05147210881114006,0.007251560688018799,0.6541279669762642
489,0.34573930501937866,-0.0017669210210442543,0.05167369544506073,0.00688934326171875,0.6558823529411765
490,0.37424424290657043,-0.003066800069063902,0.05156809836626053,0.00789874792098999,0.658359133126935
491,0.3745669424533844,-0.004544485360383987,0.05133916065096855,0.007600069046020508,0.6592363261093911
492,0.37173527479171753,-0.0058614169247448444,0.05100999027490616,0.007180750370025635,0.6585139318885449
493,0.3661450147628784,-0.006692546885460615,0.050930820405483246,0.0069315433502197266,0.6590299277605779
494,0.3843443989753723,-0.007357586640864611,0.051056984812021255,0.007595837116241455,0.6586687306501547
495,0.38610923290252686,-0.00572652043774724,0.0512675940990448,0.006239473819732666,0.657327141382869
496,0.3715174198150635,-0.0052561163902282715,0.05137528479099274,0.0058214664459228516,0.6573787409700722
497,0.3616306185722351,-0.007726140320301056,0.05121191218495369,0.008291125297546387,0.6574303405572756
498,0.3919026255607605,-0.0066663301549851894,0.050422560423612595,0.007077515125274658,0.6587203302373581
499,0.3677276372909546,-0.007380006369203329,0.049724675714969635,0.00767284631729126,0.6580495356037152
