,loss_g,loss_d,loss_test,w_distance,acc
0,1.7990556955337524,4.865228176116943,0.08341694623231888,-0.00028849393129348755,0.18304314912944739
1,1.7543237209320068,4.500396251678467,0.08326350152492523,0.0002564936876296997,0.18324501640171587
2,1.8974931240081787,4.449071884155273,0.08351997286081314,-0.0005552545189857483,0.1850618218521322
3,1.7757408618927002,4.345986366271973,0.08352218568325043,0.0012008622288703918,0.1827908150391118
4,1.8177740573883057,3.959627628326416,0.08316721767187119,-0.0004904717206954956,0.18026747413575575
5,1.7334469556808472,3.688676595687866,0.08342102915048599,-0.0008056312799453735,0.18344688367398435
6,1.812930941581726,3.3231072425842285,0.08340242505073547,-0.00040352344512939453,0.18299268231138027
7,1.8201653957366943,3.2350354194641113,0.08357296884059906,-0.00027586519718170166,0.18299268231138027
8,1.78340482711792,2.8928306102752686,0.08344209939241409,0.0005697235465049744,0.1906131718395155
9,1.8437137603759766,3.0729575157165527,0.08352029323577881,-0.00039587169885635376,0.17804693414080242
10,1.8466646671295166,2.4182910919189453,0.08380594104528427,-0.0004438832402229309,0.18082260913449408
11,1.857411503791809,2.675832748413086,0.08392056077718735,-0.0008514449000358582,0.18395155185465556
12,1.819822072982788,2.15220046043396,0.08387377858161926,-0.0006434246897697449,0.18274034822104465
13,1.885449767112732,2.039595127105713,0.08385384827852249,-7.054954767227173e-05,0.17981327277315165
14,1.6885895729064941,1.8446425199508667,0.08377009630203247,0.0009569823741912842,0.1847590209437295
15,1.7470126152038574,1.6798510551452637,0.08386550843715668,-0.000296860933303833,0.18955336866010597
16,1.8326460123062134,1.6476233005523682,0.08415361493825912,0.0005905032157897949,0.18395155185465556
17,1.7353285551071167,1.490449070930481,0.08399911224842072,-0.0005454346537590027,0.18445622003532677
18,1.8222540616989136,1.1885584592819214,0.08413814008235931,-0.0010173395276069641,0.18783749684582388
19,1.8212617635726929,1.2493923902511597,0.08425536751747131,-0.0008268356323242188,0.18274034822104465
20,1.9211890697479248,1.1312555074691772,0.08413779735565186,-0.0008038803935050964,0.18178147867776936
21,1.8614681959152222,1.2969872951507568,0.08447740972042084,-0.0008459985256195068,0.18990663638657582
22,1.8503503799438477,0.9306444525718689,0.08450774848461151,-0.00035591423511505127,0.1813272773151653
23,1.7245147228240967,1.155255675315857,0.0845857709646225,-0.0007494911551475525,0.18112541004289678
24,1.7532864809036255,1.128830909729004,0.08480849862098694,-0.001431100070476532,0.18339641685591723
25,1.836129903793335,1.1885145902633667,0.08493773639202118,0.0001813843846321106,0.18556649003280343
26,2.0580718517303467,1.108708381652832,0.08509499579668045,-0.0006844773888587952,0.18415341912692404
27,1.7549645900726318,1.4289541244506836,0.08512678742408752,-0.0014517083764076233,0.17809740095886956
28,1.7705448865890503,1.3809161186218262,0.08560606837272644,-0.0008242949843406677,0.1813272773151653
29,1.6108139753341675,1.3003926277160645,0.08561832457780838,-0.0010211467742919922,0.18581882412313905
30,1.842658281326294,1.2676637172698975,0.0856475681066513,-0.0001358240842819214,0.18662629321221297
31,2.0262300968170166,1.2381749153137207,0.08599666506052017,-0.0001782625913619995,0.18485995457986373
32,1.766657829284668,0.9617277979850769,0.08649513125419617,-0.0015815496444702148,0.1854655563966692
33,1.74543297290802,0.9464254975318909,0.08664717525243759,-0.0009420141577720642,0.18627302548574312
34,1.707351565361023,0.9338517785072327,0.08662291616201401,-0.0006161704659461975,0.18364875094625283
35,1.668049931526184,1.054787278175354,0.08663970232009888,0.00010788440704345703,0.18672722684834722
36,1.812695026397705,1.0070302486419678,0.08681964874267578,-0.001557856798171997,0.18708049457481707
37,1.6231598854064941,0.943662166595459,0.08723028749227524,-0.0003033876419067383,0.18152914458743377
38,1.6382951736450195,1.01457941532135,0.08788153529167175,-0.0014997273683547974,0.18657582639414586
39,1.7247819900512695,0.7426020503044128,0.08814290910959244,-0.0014048293232917786,0.17910673732021196
40,1.8514697551727295,0.9449034929275513,0.08858779072761536,-0.001702621579170227,0.189149634115569
41,1.8881779909133911,0.976185142993927,0.08847278356552124,-0.0016700848937034607,0.18400201867272267
42,1.866781234741211,1.0134185552597046,0.08906006813049316,-0.0014394372701644897,0.18294221549331316
43,1.7710338830947876,0.762364387512207,0.08917644619941711,-0.0012519359588623047,0.1881402977542266
44,1.6548091173171997,0.7872891426086426,0.08953644335269928,-0.0019892901182174683,0.18672722684834722
45,1.8306255340576172,0.7458222508430481,0.09000564366579056,-0.0018197670578956604,0.18551602321473631
46,1.7589846849441528,0.8348098397254944,0.09032762050628662,-0.001772366464138031,0.18390108503658845
47,1.779892921447754,0.7785983681678772,0.09054122865200043,-0.0010012611746788025,0.18314408276558164
48,1.7290153503417969,0.6965085864067078,0.09074345976114273,-0.0010112300515174866,0.1843048195811254
49,1.869745135307312,0.6653629541397095,0.09107161313295364,-0.0007422342896461487,0.1784506686853394
50,1.724845051765442,0.7680672407150269,0.09143047034740448,-0.001254051923751831,0.1821347464042392
51,1.8532239198684692,0.6676453351974487,0.09158817678689957,-0.002034805715084076,0.18637395912187738
52,1.7759404182434082,0.6066888570785522,0.09197786450386047,-0.0012585222721099854,0.1835478173101186
53,1.8140742778778076,0.6202179193496704,0.09257093071937561,4.118680953979492e-05,0.18713096139288418
54,1.8250272274017334,0.6332335472106934,0.09297287464141846,-0.002348572015762329,0.18531415594246783
55,1.8235760927200317,0.6229289770126343,0.09315691143274307,-0.0016164258122444153,0.18440575321725966
56,1.7666319608688354,0.653731644153595,0.09376619756221771,-0.002349771559238434,0.18026747413575575
57,1.7468559741973877,0.47789573669433594,0.0938873291015625,-0.0015504956245422363,0.18536462276053495
58,1.8696107864379883,0.5607923865318298,0.09443283081054688,-0.0016202256083488464,0.1869290941206157
59,1.7900210618972778,0.6037094593048096,0.0943836197257042,-0.0022492334246635437,0.18844309866262932
60,1.712062954902649,0.5682219862937927,0.09521503001451492,-0.0012389570474624634,0.19020943729497855
61,1.904329538345337,0.6010617017745972,0.09538780152797699,-0.002073138952255249,0.19091597274791824
62,1.8595715761184692,0.5071005821228027,0.09593789279460907,-0.001637883484363556,0.18485995457986373
63,1.7917940616607666,0.5946770310401917,0.09648319333791733,-0.0009029582142829895,0.18975523593237448
64,1.7104883193969727,0.4964219927787781,0.096407949924469,-0.0012300312519073486,0.18369921776431997
65,1.7417759895324707,0.4028734564781189,0.09678883105516434,-0.0004744008183479309,0.190815039111784
66,1.7026629447937012,0.5304377675056458,0.09736331552267075,-0.001382671296596527,0.19091597274791824
67,1.7724459171295166,0.5682953000068665,0.09774572402238846,-0.0022343620657920837,0.19293464547060307
68,1.7337303161621094,0.5343336462974548,0.09821359813213348,-0.0011085867881774902,0.18899823366136764
69,1.7639397382736206,0.4359073042869568,0.09838928282260895,-0.0009495764970779419,0.18627302548574312
70,1.7500042915344238,0.31303682923316956,0.0988512933254242,-0.002118431031703949,0.190815039111784
71,1.8719394207000732,0.5069893002510071,0.09905488044023514,-0.0006545335054397583,0.19162250820085794
72,1.6614062786102295,0.4570091962814331,0.09940322488546371,-0.0008892491459846497,0.1941963159222811
73,1.6853545904159546,0.3491226136684418,0.09992513805627823,-0.003142140805721283,0.19313651274287155
74,1.7503790855407715,0.35214963555336,0.10028461366891861,-0.0022526681423187256,0.19187484229119353
75,1.6908025741577148,0.3577697277069092,0.10061333328485489,-0.0022444799542427063,0.19242997728993186
76,1.610964298248291,0.34833329916000366,0.10118214786052704,-0.0024627670645713806,0.19439818319454957
77,1.9228365421295166,0.37119829654693604,0.10144807398319244,-0.0032641664147377014,0.19737572546050972
78,1.7594079971313477,0.3325765132904053,0.1014072373509407,-0.002218008041381836,0.1905627050214484
79,1.759280800819397,0.3290093243122101,0.10189759731292725,-0.0020927488803863525,0.19308604592480444
80,1.7602442502975464,0.2997336983680725,0.10206656157970428,-0.0026114732027053833,0.1927832450164017
81,1.729986310005188,0.3461301326751709,0.1023990660905838,-0.0015619546175003052,0.18854403229876357
82,1.7436842918395996,0.40531784296035767,0.10278808325529099,-0.0020241886377334595,0.19671965682563713
83,1.707149863243103,0.2725822925567627,0.10330148041248322,-0.00251808762550354,0.19121877365632098
84,1.6829646825790405,0.3329199254512787,0.10358896851539612,-0.0012606605887413025,0.1987887963663891
85,1.7127766609191895,0.25210416316986084,0.10385392606258392,-0.0013867542147636414,0.19581125410042896
86,1.7882630825042725,0.38025689125061035,0.10414719581604004,-0.00238674134016037,0.19641685591723443
87,1.6113417148590088,0.2591339349746704,0.10476773232221603,-0.0035566240549087524,0.19742619227857683
88,1.7895276546478271,0.26889705657958984,0.10455138236284256,-0.001829586923122406,0.19853646227605348
89,1.7694603204727173,0.2756447196006775,0.10513326525688171,-0.002527885138988495,0.19793086045924804
90,1.8132551908493042,0.3538631796836853,0.1053326427936554,-0.001691579818725586,0.2021700731768862
91,1.596333384513855,0.26000267267227173,0.10547603666782379,-0.001788601279258728,0.19868786273025485
92,1.8205095529556274,0.23405632376670837,0.10584516078233719,-0.002212218940258026,0.20262427453949028
93,1.7254023551940918,0.2289905846118927,0.10617352277040482,-0.0019402503967285156,0.20085793590714104
94,1.680242657661438,0.2635914087295532,0.1065511628985405,-0.0025003254413604736,0.19747665909664397
95,1.898880958557129,0.2515451908111572,0.10673169046640396,-0.0029529258608818054,0.20131213726974514
96,1.6595879793167114,0.23026596009731293,0.1066879853606224,-0.002919107675552368,0.20227100681302043
97,1.6493748426437378,0.24219566583633423,0.10709928721189499,-0.0016994774341583252,0.2087307595256119
98,1.8201192617416382,0.18798404932022095,0.1074342131614685,-0.0023848190903663635,0.20196820590461773
99,1.7329398393630981,0.18978413939476013,0.1077287495136261,-0.002887241542339325,0.20736815543779966
100,1.8000901937484741,0.21009066700935364,0.1076490730047226,-0.00164688378572464,0.20499621498864495
101,1.6240990161895752,0.17953625321388245,0.10782191157341003,-0.002375207841396332,0.20277567499369165
102,1.6133179664611816,0.22412464022636414,0.10840436071157455,-0.0019735991954803467,0.2042896795357053
103,1.7422819137573242,0.18486270308494568,0.1081625446677208,-0.001938655972480774,0.20267474135755742
104,1.705518126487732,0.17911085486412048,0.10875257104635239,-0.003156594932079315,0.20393641180923544
105,1.7616941928863525,0.18810570240020752,0.10875463485717773,-0.002024054527282715,0.2086802927075448
106,1.7308690547943115,0.19400861859321594,0.10896164178848267,-0.002379871904850006,0.20757002271006814
107,1.543281078338623,0.17181962728500366,0.10911263525485992,-0.0020260438323020935,0.20968962906888722
108,1.8819595575332642,0.15271884202957153,0.10921576619148254,-0.0019425451755523682,0.2099419631592228
109,1.8594777584075928,0.20207637548446655,0.10934985429048538,-0.0019836649298667908,0.2080242240726722
110,1.801692008972168,0.13581839203834534,0.10954529792070389,-0.0018002837896347046,0.20893262679788038
111,1.7423017024993896,0.1643706113100052,0.10960505157709122,-0.002438873052597046,0.20827655816300783
112,1.836991786956787,0.19111362099647522,0.10976041853427887,-0.0014611110091209412,0.21069896543022962
113,1.7849122285842896,0.16562654078006744,0.1098402887582779,-0.0022732168436050415,0.20974009588695433
114,1.728248119354248,0.1347307562828064,0.10979177802801132,-0.0015165507793426514,0.21236437042644463
115,1.5920600891113281,0.1809687614440918,0.11015985161066055,-0.002123706042766571,0.21044663133989402
116,1.8309550285339355,0.13386574387550354,0.11011335998773575,-0.0018593668937683105,0.21170830179157205
117,1.821723461151123,0.1470220386981964,0.1104598343372345,-0.0014066919684410095,0.21372697451425687
118,1.7919025421142578,0.12780195474624634,0.11043187230825424,-0.002619214355945587,0.21539237951047185
119,1.7113869190216064,0.12283708155155182,0.110405333340168,-0.0019755661487579346,0.21902599041130458
120,1.7460962533950806,0.16026946902275085,0.11068114638328552,-0.0016112253069877625,0.21857178904870048
121,1.8296653032302856,0.11166130751371384,0.11062314361333847,-0.00203733891248703,0.21579611405500884
122,1.6851210594177246,0.11129290610551834,0.11075691878795624,-0.003025628626346588,0.21902599041130458
123,1.7368855476379395,0.12144690752029419,0.11051581054925919,-0.0023698806762695312,0.21155690133737068
124,1.6997709274291992,0.12220060080289841,0.1107758954167366,-0.0018683522939682007,0.21776431995962656
125,1.89186429977417,0.12416133284568787,0.11079954355955124,-0.0015603527426719666,0.21604844814534443
126,1.8946884870529175,0.1209392324090004,0.1107647642493248,-0.0022253915667533875,0.22139793086045925
127,1.854568362236023,0.1330871880054474,0.11083446443080902,-0.002016030251979828,0.2224577340398688
128,1.892491102218628,0.09342314302921295,0.1108362227678299,-0.0015265345573425293,0.2186222558667676
129,1.8592047691345215,0.09758289158344269,0.11054589599370956,-0.001873314380645752,0.21937925813777442
130,1.8369472026824951,0.12123159319162369,0.11077334731817245,-0.001677483320236206,0.21514004542013626
131,1.8116211891174316,0.1298324465751648,0.11100362986326218,-0.0019131675362586975,0.22008579359071412
132,1.791330337524414,0.11481579393148422,0.11091791838407516,-0.0013438984751701355,0.22331566994700985
133,1.74660325050354,0.06815696507692337,0.11071453243494034,-0.0017463713884353638,0.22795861720918495
134,1.8424090147018433,0.08182839304208755,0.11081243306398392,-0.002067357301712036,0.2231642694928085
135,1.7253339290618896,0.09794526547193527,0.11075202375650406,-0.0015686675906181335,0.22518294221549331
136,1.766656517982483,0.09719273447990417,0.1108890250325203,-0.0014900341629981995,0.22286146858440575
137,1.7025187015533447,0.08054203540086746,0.1107984110713005,-0.002282537519931793,0.2258390108503659
138,1.5856989622116089,0.11229769140481949,0.11081959307193756,-0.0010637864470481873,0.23345950037850113
139,1.8328280448913574,0.09061787277460098,0.11065541207790375,-0.0017173364758491516,0.23083522583901084
140,1.7461622953414917,0.07771152257919312,0.11077861487865448,-0.0021758228540420532,0.22967448902346707
141,1.7329024076461792,0.07648895680904388,0.110561802983284,-0.001131296157836914,0.23260156447136007
142,1.7554062604904175,0.07380474358797073,0.11052924394607544,-0.0007686316967010498,0.2353267726469846
143,1.7307392358779907,0.0826992467045784,0.11060427874326706,-0.0016691908240318298,0.2326520312894272
144,1.8870950937271118,0.07635461539030075,0.1103891059756279,-0.0014623776078224182,0.23684077718899824
145,1.716772198677063,0.07293421775102615,0.11028913408517838,-0.001496627926826477,0.232147363108756
146,1.7624064683914185,0.07738441973924637,0.11002612859010696,-0.0011909082531929016,0.24143325763310625
147,1.7237117290496826,0.058746155351400375,0.11014983803033829,-0.0011236071586608887,0.23451930355791067
148,1.7531633377075195,0.0766422301530838,0.11049158871173859,-0.0016726851463317871,0.24097905627050215
149,1.8726255893707275,0.07849027216434479,0.10998846590518951,-0.0017909333109855652,0.24057532172596519
150,1.7967759370803833,0.06374265998601913,0.10989128798246384,-0.0008871033787727356,0.23926318445622002
151,1.739335298538208,0.0753958448767662,0.10983145236968994,-0.001917913556098938,0.2391622508200858
152,1.7260193824768066,0.07311723381280899,0.1097480058670044,-0.0010760873556137085,0.24244259399444865
153,1.6460957527160645,0.07004383206367493,0.10966290533542633,-0.0014744997024536133,0.2418369921776432
154,1.6449432373046875,0.06709720939397812,0.1096300557255745,-0.0012105554342269897,0.24673227353015392
155,1.7885429859161377,0.0635564923286438,0.10948770493268967,-0.0012174472212791443,0.24506686853393894
156,1.816961646080017,0.058923810720443726,0.10955949127674103,-0.0016953349113464355,0.23830431491294474
157,1.8402669429779053,0.0685102716088295,0.10940354317426682,-0.0010193586349487305,0.24562200353267727
158,1.884087324142456,0.06126270815730095,0.10912459343671799,-0.0005792155861854553,0.24486500126167046
159,1.6941179037094116,0.05258744955062866,0.10924825817346573,-0.0007930919528007507,0.24526873580620742
160,1.8651782274246216,0.07161226123571396,0.10910297185182571,-0.002311818301677704,0.253444360333081
161,1.726025938987732,0.052696630358695984,0.10902713984251022,-0.001511216163635254,0.2464294726217512
162,1.7955641746520996,0.047992151230573654,0.10898308455944061,-0.0009635984897613525,0.24653040625788544
163,1.8124728202819824,0.06365004181861877,0.10893954336643219,-0.001672200858592987,0.24976028261418118
164,1.5475541353225708,0.05647207796573639,0.10901211202144623,-0.0008483976125717163,0.2553620994196316
165,1.7547718286514282,0.07152381539344788,0.10894470661878586,-0.0012715011835098267,0.2503658844309866
166,1.6844456195831299,0.06805884093046188,0.10893039405345917,-0.0010918602347373962,0.25324249306081253
167,1.7244747877120972,0.057774338871240616,0.10880827158689499,-0.001562371850013733,0.2524854907898057
168,1.648976445198059,0.06422992050647736,0.10885902494192123,-0.0007509514689445496,0.2514256876103962
169,1.7264771461486816,0.05267580598592758,0.10868484526872635,-0.0015193670988082886,0.25016401715871817
170,1.7758674621582031,0.04721945896744728,0.10888728499412537,-0.00020290911197662354,0.2546050971486248
171,1.6421886682510376,0.0657183825969696,0.10881341248750687,-0.002071268856525421,0.25500883169316174
172,1.9326854944229126,0.05166594311594963,0.10867851972579956,-0.0009911730885505676,0.25616956850870554
173,1.7812886238098145,0.06289783120155334,0.1089676097035408,-0.0018137246370315552,0.2554125662376987
174,1.7006410360336304,0.05035479739308357,0.10884219408035278,-0.0007334426045417786,0.25616956850870554
175,1.7686535120010376,0.05868382006883621,0.1087183803319931,-0.00151786208152771,0.2577845066868534
176,1.6207255125045776,0.07391755282878876,0.1088017150759697,-0.0010089799761772156,0.2600555134998738
177,1.7818646430969238,0.05823955684900284,0.10893643647432327,-0.0005585476756095886,0.2577845066868534
178,1.7475403547286987,0.057409465312957764,0.10872496664524078,-0.001397840678691864,0.2595003785011355
179,1.8240349292755127,0.04382053390145302,0.10903193801641464,-0.0007114410400390625,0.2653545293969215
180,1.5493077039718628,0.05214483290910721,0.10892055928707123,-0.0012206435203552246,0.26015644713600805
181,1.806765079498291,0.054101306945085526,0.10896249860525131,-0.001393347978591919,0.26318445622003533
182,1.8253262042999268,0.0620604008436203,0.1091034933924675,-0.0009129717946052551,0.2630835225839011
183,1.6976491212844849,0.04691757261753082,0.1091429591178894,-0.0010523274540901184,0.2637900580368408
184,1.8316171169281006,0.0628063827753067,0.10883250832557678,-0.000912785530090332,0.2653040625788544
185,1.7522848844528198,0.05572447180747986,0.10889414697885513,-0.00099877268075943,0.2645975271259147
186,1.794521450996399,0.05295626074075699,0.10918956249952316,-0.0017383694648742676,0.26994700984102954
187,1.6870615482330322,0.05431264638900757,0.10905201733112335,-0.001245155930519104,0.2681806712086803
188,1.7553610801696777,0.04181951284408569,0.10939034074544907,-0.00041250139474868774,0.2674236689376735
189,1.7357441186904907,0.04785604029893875,0.10931961238384247,-0.0014981850981712341,0.2724703507443856
190,1.758488416671753,0.04801320284605026,0.10937576740980148,-0.001055210828781128,0.26929094120615693
191,1.8938037157058716,0.04432595521211624,0.10981348156929016,-0.000621892511844635,0.2717638152914459
192,1.8594427108764648,0.0481027327477932,0.10989733785390854,-0.0012903809547424316,0.27065354529396923
193,1.758410096168518,0.06520349532365799,0.10975420475006104,-0.0010357201099395752,0.2716628816553116
194,1.7801874876022339,0.0388801284134388,0.11000941693782806,-0.0005449876189231873,0.2744890234670704
195,1.7760655879974365,0.040954045951366425,0.11008604615926743,-0.0008803233504295349,0.2718647489275801
196,1.7840707302093506,0.06214938312768936,0.11041701585054398,-0.0013834163546562195,0.2727731516527883
197,1.8908677101135254,0.03943714499473572,0.11052633821964264,-0.0007794126868247986,0.27267221801665403
198,1.8249260187149048,0.03484584018588066,0.11053916066884995,-0.0007344186305999756,0.275145092101943
199,1.7388416528701782,0.03421403095126152,0.11086405813694,-0.0010340288281440735,0.27822356800403736
200,1.7744323015213013,0.04124682396650314,0.11091473698616028,-0.0010621100664138794,0.27509462528387585
201,1.8527891635894775,0.039904460310935974,0.11101841926574707,-0.0013882741332054138,0.2727226848347212
202,1.6779412031173706,0.041806865483522415,0.11119230091571808,-0.0015879422426223755,0.27872823618470854
203,1.6634414196014404,0.03409537672996521,0.11086710542440414,-0.0010886043310165405,0.27797123391370177
204,1.7889182567596436,0.048334844410419464,0.11147335916757584,-0.0009987428784370422,0.28301791572041385
205,1.7459793090820312,0.04491415619850159,0.11140940338373184,-0.00018960237503051758,0.28160484481453446
206,1.7305152416229248,0.03804335370659828,0.11143703013658524,-0.0010366439819335938,0.28629825889477667
207,1.7538645267486572,0.03696234151721001,0.11158648133277893,-0.000987328588962555,0.2821599798132728
208,1.8488554954528809,0.033990126103162766,0.11149884015321732,-0.0004894360899925232,0.28619732525864244
209,1.7970004081726074,0.03170815110206604,0.11153902113437653,-0.001235179603099823,0.27968710572798383
210,1.7921825647354126,0.049320876598358154,0.11159813404083252,-0.0010481253266334534,0.2853898561695685
211,1.713152289390564,0.05666005238890648,0.1114514023065567,-0.0006688088178634644,0.28513752207923293
212,1.6850342750549316,0.0457475483417511,0.11175942420959473,-0.0014908313751220703,0.2849356548069644
213,1.6975229978561401,0.03611211106181145,0.11163422465324402,-0.0017238408327102661,0.2856421902599041
214,1.6468995809555054,0.03924194723367691,0.11135829985141754,-0.001304231584072113,0.28937673479687104
215,1.7353626489639282,0.04163867235183716,0.11155515164136887,-0.0010161325335502625,0.28629825889477667
216,1.6494544744491577,0.04145102575421333,0.11147152632474899,-0.0003510117530822754,0.29038607115821347
217,1.8504524230957031,0.03330543264746666,0.11171696335077286,-0.0008529201149940491,0.2889730002523341
218,1.6311228275299072,0.044526003301143646,0.11156685650348663,-0.0011012554168701172,0.28922533434266967
219,1.7782020568847656,0.034324854612350464,0.11176139116287231,-0.0011014267802238464,0.29301034569770373
220,1.7239158153533936,0.02753470651805401,0.11169802397489548,-0.0006107762455940247,0.29084027252081757
221,1.8659822940826416,0.042152289301157,0.11148989945650101,-0.00034455209970474243,0.293111279333838
222,1.6960169076919556,0.03530920296907425,0.11172252148389816,-0.0011126026511192322,0.2954832197829927
223,1.846081256866455,0.0275670625269413,0.11159950494766235,-0.0006337761878967285,0.2916982084279586
224,1.892439603805542,0.03765074908733368,0.1118193194270134,-0.0008881762623786926,0.2915972747918244
225,1.8620188236236572,0.023704729974269867,0.11195748299360275,-0.0003998950123786926,0.29447388342165026
226,1.6354256868362427,0.03997417911887169,0.11200065910816193,-0.00102948397397995,0.297703759777946
227,1.7151151895523071,0.04212843254208565,0.11198354512453079,-0.001301489770412445,0.29422154933131467
228,1.6886835098266602,0.025144116953015327,0.11210069060325623,-0.0008684024214744568,0.296038354781731
229,1.77220618724823,0.03879743441939354,0.11229128390550613,-0.0010820627212524414,0.29538228614685846
230,1.7488617897033691,0.03314657881855965,0.11225336790084839,-0.0010122433304786682,0.2975018925056775
231,1.6859896183013916,0.028729960322380066,0.11217439919710159,-0.0006208792328834534,0.2965430229624022
232,1.6275578737258911,0.03978024423122406,0.11242034286260605,-0.0005722418427467346,0.29295987887963665
233,1.7689834833145142,0.03906343877315521,0.11253463476896286,-0.0012281984090805054,0.2991168306838254
234,1.8694753646850586,0.032897427678108215,0.11251084506511688,-0.0009009987115859985,0.29977289931869794
235,1.7865172624588013,0.040302157402038574,0.11261778324842453,-0.0010741502046585083,0.2991168306838254
236,1.69182550907135,0.030520841479301453,0.11254820972681046,-0.0007141754031181335,0.3011859702245773
237,1.7122931480407715,0.030566904693841934,0.11258412152528763,-0.0009137243032455444,0.29901589704769116
238,1.788856863975525,0.03335113078355789,0.11275272816419601,-0.0007956922054290771,0.30507191521574567
239,1.7913421392440796,0.02390153706073761,0.11262335628271103,-0.0007296949625015259,0.30310370931112796
240,1.7880702018737793,0.03260587155818939,0.11260366439819336,-0.0007758289575576782,0.300630835225839
241,1.5926594734191895,0.035740211606025696,0.11240505427122116,-0.00063294917345047,0.30360837749179914
242,1.6847567558288574,0.033533159643411636,0.11257718503475189,-0.0008838996291160583,0.30673732021196065
243,1.6934332847595215,0.02663564495742321,0.11232145875692368,-0.0008693188428878784,0.301892505677517
244,1.6739706993103027,0.02691202610731125,0.11243373900651932,-0.0006713941693305969,0.30381024476406765
245,1.8379511833190918,0.022993838414549828,0.11243917047977448,-0.00043245404958724976,0.3066868533938935
246,1.7621808052062988,0.03434807434678078,0.11250636726617813,-0.000871017575263977,0.306888720666162
247,1.7279881238937378,0.03252691403031349,0.1123795434832573,-0.0010773763060569763,0.30396164521826896
248,1.861079216003418,0.032258499413728714,0.11282024532556534,-0.0003537014126777649,0.30340651021953063
249,1.8545061349868774,0.03190804272890091,0.11261767894029617,-0.00045993924140930176,0.3077466565733031
250,1.708704948425293,0.022936929017305374,0.1127508357167244,-0.000612996518611908,0.31082513247539745
251,1.705092191696167,0.022776206955313683,0.11274509131908417,-0.0009922832250595093,0.30724198839263184
252,1.7710257768630981,0.029051324352622032,0.11273331940174103,-0.0010608062148094177,0.3033055765833964
253,1.683467149734497,0.03254562243819237,0.11304362118244171,-0.001053839921951294,0.30875599293464545
254,1.9577853679656982,0.030679378658533096,0.11306481808423996,-0.0009381324052810669,0.308554125662377
255,1.7028871774673462,0.03272365778684616,0.11318225413560867,-0.0009987056255340576,0.3090083270249811
256,1.687870979309082,0.03374721482396126,0.11334570497274399,-0.0005419477820396423,0.3134494070148877
257,1.8272678852081299,0.02674952894449234,0.11370473355054855,-0.0002822577953338623,0.3105223315669947
258,1.6706379652023315,0.03079613298177719,0.11372601240873337,-0.0011270493268966675,0.3106737320211961
259,1.8076802492141724,0.03182622045278549,0.11421812325716019,-0.0004163011908531189,0.3093111279333838
260,1.730222463607788,0.029789000749588013,0.11418069154024124,-0.0008154809474945068,0.3095634620237194
261,1.7790895700454712,0.021335158497095108,0.11423972994089127,-0.0005804598331451416,0.3104718647489276
262,1.6926051378250122,0.030305195599794388,0.11452499777078629,-0.00034343451261520386,0.31450921019429723
263,1.8059766292572021,0.028026774525642395,0.11483023315668106,-0.000825636088848114,0.31309613928841784
264,1.627394199371338,0.024059606716036797,0.11457742005586624,-0.001008942723274231,0.31294473883421653
265,1.7927693128585815,0.03238587826490402,0.11520428955554962,-0.0007226094603538513,0.31501387837496847
266,1.7006378173828125,0.030683256685733795,0.11526510119438171,-0.0004851594567298889,0.3167802170073177
267,1.654446005821228,0.027640849351882935,0.11539218574762344,-0.0009496212005615234,0.3138531415594247
268,1.6935186386108398,0.03112723119556904,0.11545750498771667,-0.0009567365050315857,0.31526621246530406
269,1.6992080211639404,0.025525085628032684,0.1157442107796669,-0.0006963536143302917,0.31713348473378755
270,1.6932833194732666,0.02718900330364704,0.11583065241575241,-0.0009422004222869873,0.31713348473378755
271,1.705675721168518,0.026932286098599434,0.11568904668092728,-0.0005813241004943848,0.31622508200857935
272,1.6344115734100342,0.030825410038232803,0.1157073974609375,-0.0005637034773826599,0.31546807973757257
273,1.6356440782546997,0.02744797058403492,0.11565087735652924,-0.0001372992992401123,0.31693161746151904
274,1.7387503385543823,0.03023044764995575,0.1155899167060852,-0.00023301690816879272,0.31587181428210953
275,1.8146177530288696,0.027266044169664383,0.11563600599765778,-0.0004713013768196106,0.3199091597274792
276,1.7368272542953491,0.03565390408039093,0.11576113104820251,-0.00040503591299057007,0.31915215745647235
277,1.6653937101364136,0.02811708115041256,0.11547757685184479,-0.00019074231386184692,0.3195558920010093
278,1.7740721702575684,0.02357320487499237,0.11565659940242767,-0.000205114483833313,0.3168306838253848
279,1.8674190044403076,0.030695736408233643,0.11524901539087296,-0.0006516650319099426,0.31789048700479433
280,1.6431148052215576,0.04330327734351158,0.11523262411355972,-0.000644288957118988,0.3202119606358819
281,1.6926255226135254,0.02612975239753723,0.11562877148389816,-0.0008947104215621948,0.32202876608629827
282,1.675426721572876,0.032319895923137665,0.11522072553634644,-0.0008406862616539001,0.32586424425939947
283,1.8476744890213013,0.022462356835603714,0.11511355638504028,-0.0010995492339134216,0.32056522836235174
284,1.7272926568984985,0.03045584261417389,0.11506219953298569,-0.0006032660603523254,0.3175876860963916
285,1.62252676486969,0.03244675323367119,0.11511634290218353,-0.0007177814841270447,0.3197577592732778
286,1.6729590892791748,0.022337201982736588,0.11494852602481842,-0.00025121867656707764,0.32248296744890237
287,1.7370761632919312,0.024571286514401436,0.1149558424949646,-0.0007734820246696472,0.3245521069896543
288,1.8650672435760498,0.024727437645196915,0.11504948139190674,-0.0007651746273040771,0.3223820338127681
289,1.8745675086975098,0.020505519583821297,0.11503187566995621,-0.0004044771194458008,0.32172596517789553
290,1.7293943166732788,0.022419728338718414,0.11527605354785919,-0.00032225996255874634,0.3245521069896543
291,1.685685157775879,0.026001721620559692,0.11511784046888351,-0.0008369013667106628,0.32101942972495584
292,1.6956790685653687,0.03128670156002045,0.11538897454738617,-0.0008028298616409302,0.3237951047186475
293,1.6782540082931519,0.027426322922110558,0.11534572392702103,1.389533281326294e-05,0.3245521069896543
294,1.8324671983718872,0.024861037731170654,0.11547528952360153,-0.0007420554757118225,0.3216754983598284
295,1.768208384513855,0.023568272590637207,0.11576902121305466,-0.00043711811304092407,0.3299520565228362
296,1.7449860572814941,0.019413329660892487,0.11588004976511002,-0.0006777569651603699,0.323593237446379
297,1.714492678642273,0.030507002025842667,0.11607734858989716,-6.318092346191406e-06,0.3272268483472117
298,1.7039676904678345,0.025449005886912346,0.11623812466859818,-0.00041365623474121094,0.32541004289679537
299,1.7466976642608643,0.023159921169281006,0.11668197810649872,-0.0009464696049690247,0.32758011607368154
300,1.7731316089630127,0.026934370398521423,0.11678151786327362,-0.0012096166610717773,0.3280847842543528
301,1.8190182447433472,0.021684404462575912,0.11694179475307465,-0.0001509636640548706,0.32626797880393643
302,1.69473397731781,0.020852357149124146,0.11709464341402054,-0.0003893747925758362,0.3271259147110775
303,1.8048290014266968,0.022644560784101486,0.1172046959400177,-0.0006887465715408325,0.3277315165278829
304,1.6714268922805786,0.028582105413079262,0.11746522039175034,-0.0003865659236907959,0.3260661115316679
305,1.7566145658493042,0.02198428474366665,0.11763787269592285,-0.0008030757308006287,0.33161746151905125
306,1.885012149810791,0.02841215580701828,0.11805459856987,-0.0003550723195075989,0.3303053242493061
307,1.7654303312301636,0.018596425652503967,0.11800488084554672,-0.0010964348912239075,0.32581377744133233
308,1.7138817310333252,0.025442253798246384,0.11831482499837875,2.7552247047424316e-05,0.3330809992429977
309,1.8723180294036865,0.020827719941735268,0.11822182685136795,-0.0004327446222305298,0.33121372697451423
310,1.8459341526031494,0.018514642491936684,0.11835214495658875,-0.000870048999786377,0.33176886197325256
311,1.6826183795928955,0.02959146909415722,0.11855316907167435,-0.000955432653427124,0.3283371183446884
312,1.718940258026123,0.018864652141928673,0.11864303052425385,-0.0003125593066215515,0.3312641937925814
313,1.860438585281372,0.018763113766908646,0.11873666197061539,-0.00021713972091674805,0.33020439061317186
314,1.7882708311080933,0.025418922305107117,0.11885394901037216,-2.520531415939331e-05,0.32975018925056776
315,1.7601298093795776,0.019270077347755432,0.11890307068824768,-0.0007783025503158569,0.3326267978803936
316,1.8165000677108765,0.022423315793275833,0.11893323063850403,-0.00086984783411026,0.3292455210698965
317,1.7894296646118164,0.017877014353871346,0.11883529275655746,-0.0004932284355163574,0.3341912692404744
318,1.7298154830932617,0.022965554147958755,0.1189066469669342,-0.0004642754793167114,0.3306081251577088
319,1.9034627676010132,0.02353290095925331,0.1189289391040802,-0.0005310773849487305,0.33232399697199094
320,1.6161713600158691,0.023019995540380478,0.1187473013997078,-0.0005665495991706848,0.33267726469846076
321,1.7386821508407593,0.02291778102517128,0.11899115890264511,-0.00015256553888320923,0.33504920514761544
322,1.7153925895690918,0.024164274334907532,0.11894743144512177,-0.0007876679301261902,0.3381276810497098
323,1.853003978729248,0.02313159592449665,0.11895587295293808,-0.00025357306003570557,0.33515013878374966
324,1.6983370780944824,0.019953597337007523,0.11897505074739456,-0.0006563887000083923,0.33232399697199094
325,1.9117540121078491,0.018146559596061707,0.11892646551132202,-0.0005252286791801453,0.3352006056018168
326,1.648584008216858,0.021019766107201576,0.1185743510723114,-8.474290370941162e-05,0.33605854150895786
327,1.6476082801818848,0.019489917904138565,0.1187688484787941,-0.00044399499893188477,0.33656320968962905
328,1.952077865600586,0.021502865478396416,0.11874111741781235,0.00023643672466278076,0.3385818824123139
329,1.6115187406539917,0.02823132835328579,0.11861447989940643,-0.0008695721626281738,0.3367146101438304
330,1.7255831956863403,0.020884130150079727,0.11847483366727829,8.368492126464844e-05,0.33943981831945497
331,1.8134448528289795,0.020875755697488785,0.11847562342882156,-0.0006353184580802917,0.33525107241988394
332,1.7213921546936035,0.017178788781166077,0.11833823472261429,-0.0005352795124053955,0.33721927832450166
333,1.8553125858306885,0.022447671741247177,0.1182527169585228,-0.00010915100574493408,0.3393893515013878
334,1.8507602214813232,0.020392203703522682,0.11800643056631088,0.00018347054719924927,0.339036083774918
335,1.8278465270996094,0.019881607964634895,0.11786844581365585,-0.0003557130694389343,0.33651274287156197
336,1.8703006505966187,0.01538124866783619,0.11774933338165283,-0.0004698038101196289,0.3438808983093616
337,1.665436029434204,0.018278667703270912,0.11767024546861649,7.087737321853638e-05,0.3397930860459248
338,1.7896262407302856,0.015900034457445145,0.11772329360246658,-0.00017721205949783325,0.3368155437799647
339,1.7161650657653809,0.02034054696559906,0.11732528358697891,-0.0006240010261535645,0.3446883673984355
340,1.82599675655365,0.018136391416192055,0.11707820743322372,-9.912997484207153e-05,0.3412566237698713
341,1.7695512771606445,0.01761207915842533,0.11707941442728043,-0.0005451366305351257,0.3414080242240727
342,1.7027151584625244,0.021024635061621666,0.11711294949054718,-0.00016310065984725952,0.3422154933131466
343,1.7075104713439941,0.020895179361104965,0.11696610599756241,-0.0003050491213798523,0.34367903103709313
344,1.8456460237503052,0.022154755890369415,0.11675914376974106,-0.0004154518246650696,0.34332576331062326
345,1.7458237409591675,0.02330470085144043,0.11673570424318314,-0.00018337368965148926,0.34261922785768356
346,1.7718230485916138,0.020186685025691986,0.11664170026779175,-0.00025575608015060425,0.3427201614938178
347,1.7092589139938354,0.01866059936583042,0.11649419367313385,-0.0002635866403579712,0.3431238960383548
348,1.6541613340377808,0.0194715429097414,0.1165807843208313,-0.00017046183347702026,0.34352763058289176
349,1.723677396774292,0.018994856625795364,0.11674649268388748,-0.0003854334354400635,0.3427201614938178
350,1.5334830284118652,0.022414708510041237,0.11674130707979202,-0.00013940036296844482,0.3499369164774161
351,1.964959740638733,0.02122000977396965,0.11703179031610489,-0.0007120072841644287,0.3453444360333081
352,1.7536488771438599,0.020222563296556473,0.11700914055109024,-0.0001318901777267456,0.3475649760282614
353,1.8359169960021973,0.022198479622602463,0.1171504408121109,7.826834917068481e-05,0.3472621751198587
354,1.601439356803894,0.017088118940591812,0.1172913983464241,-0.0003173649311065674,0.3501892505677517
355,1.751062035560608,0.0246601440012455,0.1175389513373375,-0.0004012957215309143,0.3486752460257381
356,1.6884537935256958,0.016815172508358955,0.11765794456005096,-0.0008364543318748474,0.3480696442089326
357,1.7384182214736938,0.021016111597418785,0.11763729900121689,0.000210590660572052,0.3499369164774161
358,1.8467669486999512,0.014017610810697079,0.11816079169511795,-0.00022411346435546875,0.35301539237951046
359,1.6790074110031128,0.01858324557542801,0.1181747317314148,-7.4043869972229e-05,0.3500378501135503
360,1.6627014875411987,0.014503154903650284,0.11860669404268265,-0.00045052915811538696,0.35256119101690636
361,1.7317880392074585,0.021859198808670044,0.11862389743328094,-0.00015909969806671143,0.3502397173858188
362,1.7524821758270264,0.01892951875925064,0.11907800287008286,-0.0008739978075027466,0.3563462023719404
363,1.7970119714736938,0.022524531930685043,0.1191335991024971,-0.00019288808107376099,0.3542265960131214
364,1.8006962537765503,0.019966594874858856,0.11947750300168991,-0.00020609796047210693,0.3514004542013626
365,1.7236636877059937,0.020087245851755142,0.11984261870384216,-0.0004513859748840332,0.3519051223820338
366,1.696165680885315,0.017905430868268013,0.11994370818138123,4.389137029647827e-05,0.35266212465304064
367,1.5478930473327637,0.018985096365213394,0.12009485065937042,6.970018148422241e-05,0.3595256119101691
368,1.660828709602356,0.026703404262661934,0.12040462344884872,-0.0005327090620994568,0.3577088064597527
369,1.744126558303833,0.0164167582988739,0.12065036594867706,-0.0003175884485244751,0.3589200100933636
370,1.8516721725463867,0.02574479579925537,0.12089166045188904,-0.00023599714040756226,0.3607872823618471
371,1.7070393562316895,0.018730469048023224,0.12067808955907822,-2.8751790523529053e-05,0.3611405500883169
372,1.6309788227081299,0.01643986627459526,0.12118814140558243,-0.0003824755549430847,0.36139288417865256
373,1.6786861419677734,0.016306035220623016,0.12115972489118576,-0.0003821253776550293,0.3635124905374716
374,1.7465437650680542,0.01608787663280964,0.12135561555624008,-0.0001535862684249878,0.3597274791824375
375,1.6405255794525146,0.018499724566936493,0.12162035703659058,-0.0005959868431091309,0.3639666919000757
376,1.7744616270065308,0.022074110805988312,0.12170983105897903,-0.0005761310458183289,0.36376482462780724
377,1.5845500230789185,0.02129102684557438,0.1216680034995079,-5.443394184112549e-05,0.36457229371688116
378,1.6686134338378906,0.01962408423423767,0.12199106812477112,-0.00037104636430740356,0.3661367650769619
379,1.7447245121002197,0.016052963212132454,0.12207230180501938,-0.00013600289821624756,0.3648750946252839
380,1.7041969299316406,0.016978967934846878,0.12217754125595093,-0.0004967823624610901,0.36679283371183447
381,1.948601245880127,0.01728261634707451,0.1223544180393219,-0.0003186240792274475,0.3668937673479687
382,1.9281748533248901,0.013397730886936188,0.12250397354364395,0.00012429803609848022,0.3694675750693919
383,1.7898129224777222,0.017780473455786705,0.12237446755170822,-0.00011060386896133423,0.368256371435781
384,1.7473567724227905,0.01652887463569641,0.12236695736646652,0.0004349648952484131,0.3719909159727479
385,1.7903746366500854,0.01798734813928604,0.12270208448171616,-0.000658281147480011,0.37451425687610396
386,1.6608837842941284,0.014882812276482582,0.12250778824090958,1.2628734111785889e-05,0.37274791824375475
387,1.6565312147140503,0.016804076731204987,0.12297825515270233,9.828805923461914e-05,0.37370678778703004
388,1.6027992963790894,0.018272509798407555,0.12285912036895752,-8.253008127212524e-05,0.37300025233409034
389,1.7286832332611084,0.014328107237815857,0.12291621416807175,-0.0006472393870353699,0.37274791824375475
390,1.7009952068328857,0.015720441937446594,0.12314047664403915,-0.00015313178300857544,0.3760787282361847
391,1.8405324220657349,0.01470115501433611,0.12301982939243317,-0.0001667812466621399,0.37769366641433255
392,1.8032127618789673,0.012861056253314018,0.12310828268527985,-0.00020900368690490723,0.37310118597022457
393,1.729667067527771,0.015602795407176018,0.12327833473682404,-0.00026933103799819946,0.3777441332323997
394,1.681004524230957,0.022104226052761078,0.12309201061725616,-0.0005016252398490906,0.37809740095886957
395,1.6919416189193726,0.014008653350174427,0.12328380346298218,-0.00032286345958709717,0.3794600050466818
396,1.888285517692566,0.020275607705116272,0.12323334813117981,-1.6495585441589355e-05,0.381226343679031
397,1.7595789432525635,0.021807391196489334,0.12316009402275085,0.00011340528726577759,0.37814786777693665
398,1.6976726055145264,0.01836889423429966,0.12340494990348816,0.00010394304990768433,0.37930860459248045
399,1.745409369468689,0.020393189042806625,0.12326108664274216,-0.0005050525069236755,0.37910673732021194
400,1.5205061435699463,0.020710304379463196,0.1233489066362381,4.99039888381958e-05,0.3790058036840777
401,1.8199641704559326,0.018044818192720413,0.123362697660923,-0.00013386458158493042,0.38026747413575573
402,1.7426670789718628,0.015467990189790726,0.12340894341468811,-5.917996168136597e-05,0.38440575321725967
403,1.7211859226226807,0.0160050205886364,0.12354820221662521,3.524869680404663e-05,0.38107494322482965
404,1.811643362045288,0.0179661363363266,0.12336335331201553,3.2685697078704834e-05,0.38536462276053496
405,1.8734444379806519,0.01572040654718876,0.12355894595384598,0.0001814812421798706,0.38385061821852134
406,1.744210124015808,0.01931309886276722,0.12366817891597748,-8.2358717918396e-05,0.3840020186727227
407,1.7999907732009888,0.01593518629670143,0.12357873469591141,0.00023284554481506348,0.38642442593994447
408,1.6608867645263672,0.015616510063409805,0.1234910786151886,0.00014668703079223633,0.383295483219783
409,1.724534034729004,0.01693132147192955,0.1235002800822258,0.00046712905168533325,0.3906131718395155
410,1.9583234786987305,0.016319608315825462,0.12358677387237549,-0.0001717880368232727,0.3882412313903608
411,1.6151096820831299,0.015519663691520691,0.12370941787958145,0.0005011558532714844,0.3899066363865758
412,1.5301287174224854,0.016213690862059593,0.12363619357347488,-5.3122639656066895e-05,0.38925056775170325
413,1.702132225036621,0.016361625865101814,0.12343467772006989,-9.66191291809082e-05,0.3913197072924552
414,1.788329005241394,0.014796122908592224,0.12347088754177094,2.4177134037017822e-05,0.3930355791067373
415,1.7423839569091797,0.01388448104262352,0.12345205992460251,0.0005060061812400818,0.3893515013878375
416,1.6434684991836548,0.016632769256830215,0.12320476770401001,0.00034758448600769043,0.39041130456724704
417,1.614223837852478,0.012499822303652763,0.12313942611217499,-0.00024687498807907104,0.3920262427453949
418,1.6200006008148193,0.013393853791058064,0.12308484315872192,-3.1404197216033936e-05,0.39565985364622763
419,1.8957788944244385,0.013132362626492977,0.12310142815113068,0.0003005415201187134,0.3916225082008579
420,1.7783230543136597,0.017046939581632614,0.12296123057603836,-4.698336124420166e-05,0.39424678274034824
421,1.6238088607788086,0.014884399250149727,0.12296748906373978,0.0006182119250297546,0.39263184456220035
422,1.7442289590835571,0.01675262674689293,0.12271928787231445,-0.00041154026985168457,0.3959121877365632
423,1.7201359272003174,0.013304373249411583,0.12256792932748795,0.0005767568945884705,0.3947009841029523
424,1.6949583292007446,0.014974573627114296,0.12253721058368683,-2.7097761631011963e-05,0.3973252586424426
425,1.623313069343567,0.014037219807505608,0.12236014008522034,-0.0002679377794265747,0.3997981327277315
426,1.735680341720581,0.01743480935692787,0.12231195718050003,0.0005516037344932556,0.39697199091597274
427,1.7765012979507446,0.014265970326960087,0.12184768170118332,2.2143125534057617e-05,0.39964673227353015
428,1.6503801345825195,0.01325246226042509,0.12197649478912354,3.441423177719116e-05,0.39984859954579866
429,1.715145230293274,0.012702741660177708,0.12153880298137665,0.000553429126739502,0.3958617209184961
430,1.8159011602401733,0.014728784561157227,0.12154056131839752,0.00023990124464035034,0.4010093363613424
431,1.7370957136154175,0.010579383000731468,0.12112844735383987,2.4452805519104004e-05,0.40131213726974513
432,1.6136759519577026,0.01674046739935875,0.1208828017115593,-9.05841588973999e-05,0.40474388089830937
433,1.720618486404419,0.013364048674702644,0.1207377091050148,6.540864706039429e-05,0.4012112036336109
434,1.8011442422866821,0.01444340217858553,0.12043394893407822,0.00013269484043121338,0.4031289427201615
435,1.6739119291305542,0.014878514222800732,0.12033244967460632,1.3776123523712158e-05,0.4014635377239465
436,1.6521499156951904,0.01634841412305832,0.12003359943628311,0.00017158687114715576,0.39914206409285896
437,1.6321897506713867,0.016373543068766594,0.11992920190095901,-0.0001506507396697998,0.4034317436285642
438,1.6120290756225586,0.013435060158371925,0.11962473392486572,-0.00048222392797470093,0.40469341408024223
439,1.689234733581543,0.011629469692707062,0.11955752968788147,0.0002628117799758911,0.40428967953570527
440,1.6728566884994507,0.01284676045179367,0.11944294720888138,-0.00017167627811431885,0.4036840777188998
441,1.720126748085022,0.014959599822759628,0.11960014700889587,0.0004986375570297241,0.40560181680545043
442,1.7736198902130127,0.011602915823459625,0.11955711245536804,-0.00010820478200912476,0.40514761544284633
443,1.5942420959472656,0.013010099530220032,0.11953993141651154,0.000173225998878479,0.40489528135251074
444,1.7019392251968384,0.0161990225315094,0.11965829879045486,-1.5147030353546143e-05,0.40489528135251074
445,1.7687718868255615,0.014345984905958176,0.11995300650596619,0.00021805614233016968,0.40560181680545043
446,1.7387619018554688,0.01730450801551342,0.12017524242401123,-0.0003432035446166992,0.40883169316174617
447,1.6891639232635498,0.012510502710938454,0.12028070539236069,-0.0004028007388114929,0.4094372949785516
448,1.7078359127044678,0.012949561700224876,0.12082520127296448,-0.0005626827478408813,0.4118597022457734
449,1.7402243614196777,0.010959608480334282,0.12109257280826569,-0.0001209452748298645,0.4099419631592228
450,1.7323559522628784,0.011801531538367271,0.1213732361793518,-0.00014907866716384888,0.41377744133232397
451,1.775825023651123,0.013577497564256191,0.12165707349777222,-0.00021510571241378784,0.41155690133737066
452,1.8178112506866455,0.011794166639447212,0.12197406589984894,-0.0005780309438705444,0.4120615695180419
453,1.6596027612686157,0.014163522981107235,0.12224913388490677,-0.00033349543809890747,0.4140802422407267
454,1.6433628797531128,0.014279612340033054,0.1224193125963211,0.0004061758518218994,0.4128185717890487
455,1.7893974781036377,0.01567395031452179,0.12286282330751419,-0.0005238205194473267,0.4134746404239213
456,1.4403502941131592,0.014871638268232346,0.12291226536035538,-0.0005469471216201782,0.41998485995457985
457,1.8062806129455566,0.012794227339327335,0.1233200952410698,-0.000533081591129303,0.413373706787787
458,1.8206067085266113,0.012254190631210804,0.1233455091714859,-5.650520324707031e-05,0.4172091849608882
459,1.6976449489593506,0.0117647098377347,0.12340739369392395,-3.939121961593628e-05,0.4172091849608882
460,1.6848763227462769,0.012298963963985443,0.12379420548677444,-0.00019827485084533691,0.41973252586424425
461,1.7205435037612915,0.01850491389632225,0.12384527921676636,-0.00027933716773986816,0.4215493313146606
462,1.6301310062408447,0.011737221851944923,0.12392447888851166,0.000357992947101593,0.4214988644965935
463,1.7554879188537598,0.012589966878294945,0.12406473606824875,-0.0002914518117904663,0.42165026495079483
464,1.7843399047851562,0.013539111241698265,0.1241190955042839,-0.00012912601232528687,0.4245773403986879
465,1.4601279497146606,0.011387282982468605,0.1242266520857811,-0.00020597875118255615,0.4281100176633863
466,1.5114344358444214,0.014996347948908806,0.12433014810085297,4.0724873542785645e-05,0.4280090840272521
467,1.7346938848495483,0.011748641729354858,0.12429489940404892,0.0002562105655670166,0.4284632853898562
468,1.7419382333755493,0.01409265398979187,0.12451668083667755,-0.000607810914516449,0.43012869038607116
469,1.7995216846466064,0.012575214728713036,0.12448404729366302,-0.0002719387412071228,0.42896795357052736
470,1.8139533996582031,0.017289303243160248,0.12463206797838211,0.00027633458375930786,0.4329043653797628
471,1.7860437631607056,0.01414567045867443,0.12454302608966827,0.00016207247972488403,0.43325763310623266
472,1.8220219612121582,0.011130595579743385,0.12452330440282822,-0.00038685649633407593,0.4374463790058037
473,1.7575255632400513,0.012171445414423943,0.12451017647981644,0.00014019012451171875,0.43810244764067624
474,1.695413589477539,0.013657016679644585,0.12462332099676132,-0.00023890286684036255,0.44123139036083775
475,1.6818633079528809,0.010906712152063847,0.12463437765836716,0.00043341517448425293,0.4408276558163008
476,1.829355001449585,0.01219387911260128,0.12467533349990845,0.0004130154848098755,0.4413827908150391
477,1.7182369232177734,0.014915639534592628,0.12473621964454651,-0.00022646784782409668,0.44370426444612665
478,1.4718520641326904,0.01589513197541237,0.12477593868970871,-0.0002594068646430969,0.4476406762553621
479,1.7124251127243042,0.011880859732627869,0.12461670488119125,-0.00011690706014633179,0.44496593489780467
480,1.9048333168029785,0.013765545561909676,0.1245955228805542,-0.000309184193611145,0.45011355034065104
481,1.6475292444229126,0.016568506136536598,0.12481623888015747,0.0001267269253730774,0.45082008579359073
482,1.6486310958862305,0.011450676247477531,0.1248525008559227,0.00014719367027282715,0.44991168306838253
483,1.7177023887634277,0.012442371807992458,0.12476278096437454,-9.192526340484619e-05,0.4512742871561948
484,1.6389306783676147,0.010785653255879879,0.12477604299783707,-4.5552849769592285e-05,0.4544032298763563
485,1.6185760498046875,0.01386877242475748,0.12462171167135239,0.0003790855407714844,0.45551349987383294
486,1.7044326066970825,0.013746610842645168,0.12464024871587753,-0.00016783922910690308,0.45551349987383294
487,1.5535203218460083,0.013148422352969646,0.12447187304496765,-0.00031831860542297363,0.45758263941458494
488,1.8819704055786133,0.016791170462965965,0.12451059371232986,0.0003376379609107971,0.46308352258390106
489,1.558952808380127,0.012481128796935081,0.12436661869287491,-0.00014399737119674683,0.4589452435023972
490,1.739962100982666,0.009360169060528278,0.12452246993780136,-0.00017439574003219604,0.45980317940953824
491,1.6091841459274292,0.010366225615143776,0.12433741986751556,0.0004774853587150574,0.46111531667928335
492,1.7283940315246582,0.014756258577108383,0.12428851425647736,-9.869784116744995e-05,0.46106484986121626
493,1.647719144821167,0.00965480599552393,0.12427665293216705,0.00040890276432037354,0.4643956598536462
494,1.9022916555404663,0.012632670812308788,0.12409254163503647,0.0001661553978919983,0.4633863234923038
495,1.7509452104568481,0.011803381145000458,0.12408414483070374,0.0003432333469390869,0.46444612667171337
496,1.7392724752426147,0.014161494560539722,0.12383833527565002,0.00014203786849975586,0.46414332576331063
497,1.671301245689392,0.013006636872887611,0.12370914965867996,9.313970804214478e-05,0.4628816553116326
498,1.6896165609359741,0.013576693832874298,0.12372514605522156,-8.542835712432861e-05,0.4660610648498612
499,1.816478967666626,0.012958069331943989,0.12362546473741531,-0.00012493878602981567,0.46545546303305574
