,loss_g,loss_d,loss_test,w_distance,acc
0,0.03142854943871498,4.071295738220215,0.08322940766811371,-0.00032820552587509155,0.18308308308308308
1,0.030609356239438057,3.516103982925415,0.0833178237080574,0.0004046708345413208,0.17787787787787787
2,0.030541958287358284,3.4955496788024902,0.08352559804916382,0.0007438212633132935,0.17902902902902904
3,0.03088473714888096,3.419271945953369,0.08381076157093048,-0.001033693552017212,0.17777777777777778
4,0.03102203458547592,2.9789063930511475,0.08373260498046875,0.00027479976415634155,0.1808808808808809
5,0.03145894780755043,2.8563263416290283,0.08373544365167618,-0.00010367482900619507,0.18103103103103102
6,0.031174911186099052,2.6113686561584473,0.08396301418542862,-0.0004304647445678711,0.18333333333333332
7,0.03180735558271408,2.1067497730255127,0.08437508344650269,-0.00012040138244628906,0.18058058058058057
8,0.031454674899578094,2.064190149307251,0.08456792682409286,-0.0001693442463874817,0.18073073073073073
9,0.03195140138268471,2.0464000701904297,0.08474860340356827,-0.0007878392934799194,0.17927927927927928
10,0.031451355665922165,1.7213767766952515,0.08465401828289032,-0.00038114190101623535,0.17677677677677678
11,0.03156428411602974,1.6151161193847656,0.08477797359228134,-9.906291961669922e-05,0.17872872872872872
12,0.03109741397202015,1.508433222770691,0.08497975766658783,-0.0001772865653038025,0.18078078078078078
13,0.03151913359761238,1.471157193183899,0.08545844256877899,0.00012889504432678223,0.17597597597597597
14,0.030722929164767265,1.1361815929412842,0.08543294668197632,1.55717134475708e-05,0.18208208208208207
15,0.031016485765576363,0.8924733400344849,0.08559472113847733,0.00034968554973602295,0.18198198198198198
16,0.03156519681215286,0.9662644267082214,0.08614233881235123,-0.000202178955078125,0.1804804804804805
17,0.031192991882562637,0.9438710808753967,0.08649055659770966,0.0010653138160705566,0.17982982982982984
18,0.030578453093767166,0.876588761806488,0.0862746387720108,0.00011456012725830078,0.18208208208208207
19,0.0320051871240139,1.1729209423065186,0.08726285398006439,-0.001362338662147522,0.18573573573573574
20,0.03169332444667816,1.154442310333252,0.08711352199316025,-0.00030841678380966187,0.17872872872872872
21,0.03130415827035904,0.9479089975357056,0.08759024739265442,0.0008907467126846313,0.18003003003003004
22,0.03190213814377785,1.0072983503341675,0.08802801370620728,-0.0009642690420150757,0.18523523523523525
23,0.03190705552697182,0.8394880294799805,0.08805756270885468,-0.002332232892513275,0.1814814814814815
24,0.03175932914018631,1.071388840675354,0.08840540051460266,-0.0010572448372840881,0.18188188188188187
25,0.031100746244192123,0.829135537147522,0.0888109803199768,-0.0006618648767471313,0.18303303303303303
26,0.031650613993406296,0.9240463376045227,0.08922678232192993,-0.001427479088306427,0.18393393393393392
27,0.031249549239873886,1.3534313440322876,0.08979412913322449,0.0014185160398483276,0.18383383383383384
28,0.03211671859025955,0.8629811406135559,0.09005722403526306,-0.0003945678472518921,0.1825825825825826
29,0.03091987781226635,0.8942295908927917,0.09043081849813461,-0.00012862682342529297,0.1810810810810811
30,0.0314922071993351,0.9068535566329956,0.09095446765422821,-0.0008886083960533142,0.17982982982982984
31,0.03162320330739021,1.0041077136993408,0.0913744792342186,-0.0011589676141738892,0.1787787787787788
32,0.03102618269622326,0.7587045431137085,0.09192436933517456,-0.0017589777708053589,0.18403403403403404
33,0.031133752316236496,0.9189258217811584,0.09244868159294128,-0.0007648319005966187,0.18118118118118118
34,0.03155049681663513,0.795964777469635,0.09338390827178955,-2.4028122425079346e-05,0.17872872872872872
35,0.03175541013479233,0.7319803237915039,0.09328802675008774,-0.0014613494277000427,0.18293293293293295
36,0.031236471608281136,0.7230862379074097,0.09375227242708206,-0.0009204074740409851,0.1814814814814815
37,0.031746357679367065,0.788175106048584,0.09439075738191605,-0.0017293468117713928,0.17867867867867868
38,0.031527720391750336,0.6838493347167969,0.09472807496786118,-0.0010537803173065186,0.17827827827827827
39,0.031214620918035507,0.7273605465888977,0.09542109072208405,-0.002387009561061859,0.18803803803803804
40,0.03201897069811821,0.8024922609329224,0.09565193206071854,-0.0017326772212982178,0.18238238238238239
41,0.031744733452796936,0.7453851699829102,0.09574045985937119,-0.0005445778369903564,0.1787787787787788
42,0.031463682651519775,0.6352078318595886,0.09665520489215851,-0.0014760717749595642,0.18133133133133134
43,0.03134014829993248,0.6490867137908936,0.09698661416769028,-0.0022444576025009155,0.17642642642642642
44,0.031168650835752487,0.6356244683265686,0.09714817255735397,-0.0013205558061599731,0.18023023023023024
45,0.031384728848934174,0.6967793703079224,0.09790118038654327,-0.0009057596325874329,0.17832832832832832
46,0.031873155385255814,0.6165897846221924,0.09809526801109314,-0.0013471245765686035,0.18303303303303303
47,0.03177525848150253,0.5876511335372925,0.09862586110830307,-0.0015366971492767334,0.17947947947947948
48,0.03174383193254471,0.5472196340560913,0.09898898750543594,-0.001036316156387329,0.18163163163163162
49,0.032103490084409714,0.5916173458099365,0.09951383620500565,-0.001414284110069275,0.18213213213213214
50,0.03209000080823898,0.7263338565826416,0.09943296015262604,-0.001927688717842102,0.18033033033033033
51,0.03229313716292381,0.481851726770401,0.09978572279214859,-0.0009622052311897278,0.17792792792792791
52,0.032332971692085266,0.47700199484825134,0.10017921775579453,-0.0020724833011627197,0.17617617617617617
53,0.03210994973778725,0.49480563402175903,0.10059436410665512,-0.0006196051836013794,0.18268268268268267
54,0.032141078263521194,0.5103938579559326,0.1006748229265213,-0.0022203922271728516,0.1812812812812813
55,0.03234448283910751,0.5186370611190796,0.10100401937961578,-0.0012915506958961487,0.17827827827827827
56,0.03247448056936264,0.44108089804649353,0.10120831429958344,-0.0011943802237510681,0.18093093093093093
57,0.03160112351179123,0.5009568333625793,0.10156053304672241,-0.002613157033920288,0.17782782782782783
58,0.03116147592663765,0.372435986995697,0.10182757675647736,-0.0029008761048316956,0.18103103103103102
59,0.0322054922580719,0.476127952337265,0.10216903686523438,-0.0017159879207611084,0.18193193193193194
60,0.03221248462796211,0.4505397379398346,0.1024172380566597,-0.0012298300862312317,0.17757757757757758
61,0.03154574707150459,0.48389169573783875,0.10295151174068451,-0.0017026960849761963,0.1785785785785786
62,0.03170311450958252,0.3352872133255005,0.10292614996433258,-0.0026343613862991333,0.18093093093093093
63,0.03170327469706535,0.2465398907661438,0.10302450507879257,-0.0020454004406929016,0.18703703703703703
64,0.0316489078104496,0.3413883447647095,0.10329407453536987,-0.0032621771097183228,0.18263263263263263
65,0.03238087520003319,0.2877289652824402,0.10354690998792648,-0.0027547627687454224,0.18198198198198198
66,0.03151889890432358,0.3599857687950134,0.10403378307819366,-0.002316020429134369,0.18118118118118118
67,0.032278746366500854,0.28138673305511475,0.10421974211931229,-0.0021965205669403076,0.18093093093093093
68,0.03212244063615799,0.46685710549354553,0.1044892892241478,-0.0021068230271339417,0.18353353353353352
69,0.03193867579102516,0.39084017276763916,0.10464891046285629,-0.0013829022645950317,0.18348348348348348
70,0.03156633675098419,0.24487796425819397,0.10496977716684341,-0.0024680346250534058,0.1825825825825826
71,0.032466720789670944,0.2976118326187134,0.10505050420761108,-0.002975866198539734,0.18043043043043044
72,0.03238731250166893,0.2562267780303955,0.10526790469884872,-0.002347990870475769,0.18458458458458457
73,0.031858693808317184,0.2762349247932434,0.105482317507267,-0.0018708929419517517,0.17982982982982984
74,0.03197703883051872,0.40731173753738403,0.10560590773820877,-0.0025150030851364136,0.18693693693693694
75,0.03211620822548866,0.33878132700920105,0.10552361607551575,-0.002688966691493988,0.18713713713713714
76,0.032106317579746246,0.2609795331954956,0.10564769059419632,-0.002623938024044037,0.18463463463463464
77,0.031557079404592514,0.2922761142253876,0.10592664778232574,-0.0028373897075653076,0.18033033033033033
78,0.032499078661203384,0.2411758005619049,0.10594786703586578,-0.002879820764064789,0.18223223223223223
79,0.03184104710817337,0.28845900297164917,0.10652066767215729,-0.0026400014758110046,0.18348348348348348
80,0.031458038836717606,0.2652856707572937,0.1063423752784729,-0.0021099448204040527,0.18518518518518517
81,0.03129064291715622,0.27753645181655884,0.10631739348173141,-0.002803489565849304,0.18133133133133134
82,0.03175586462020874,0.19751635193824768,0.10640056431293488,-0.0019649118185043335,0.18423423423423424
83,0.03200831264257431,0.2118154764175415,0.1067209392786026,-0.0022371187806129456,0.18533533533533533
84,0.03119516372680664,0.21493415534496307,0.10701940208673477,-0.002365127205848694,0.17677677677677678
85,0.032147593796253204,0.19213446974754333,0.10635027289390564,-0.002969890832901001,0.18728728728728727
86,0.03166422247886658,0.18889755010604858,0.10688469558954239,-0.0016001537442207336,0.18558558558558558
87,0.031234566122293472,0.2271479070186615,0.10701745003461838,-0.00248611718416214,0.18468468468468469
88,0.03162703663110733,0.22997450828552246,0.10678151249885559,-0.003032177686691284,0.18823823823823824
89,0.032187819480895996,0.18803411722183228,0.10704955458641052,-0.0027221515774726868,0.19084084084084085
90,0.03169938549399376,0.1970130205154419,0.1070985421538353,-0.002276301383972168,0.1883883883883884
91,0.03226412460207939,0.1932050883769989,0.10711780935525894,-0.003246903419494629,0.1852852852852853
92,0.032265231013298035,0.23316717147827148,0.10724759846925735,-0.002394862473011017,0.18518518518518517
93,0.03183009847998619,0.1629350185394287,0.10729361325502396,-0.0024687647819519043,0.18498498498498497
94,0.03209611773490906,0.16016627848148346,0.10734985023736954,-0.0025879591703414917,0.18693693693693694
95,0.032280370593070984,0.19315627217292786,0.1073751300573349,-0.00308806449174881,0.1812812812812813
96,0.0317256823182106,0.22033309936523438,0.10688381642103195,-0.0017806664109230042,0.1854854854854855
97,0.03227929025888443,0.1689015030860901,0.10697178542613983,-0.002921648323535919,0.1885885885885886
98,0.03250569850206375,0.18794620037078857,0.10720739513635635,-0.002167530357837677,0.18638638638638638
99,0.032036568969488144,0.1898396760225296,0.1070813536643982,-0.0028040409088134766,0.18843843843843844
100,0.0319184884428978,0.1601540446281433,0.10691718012094498,-0.0023891031742095947,0.1897897897897898
101,0.03205598518252373,0.18172836303710938,0.107120580971241,-0.002481028437614441,0.18853853853853852
102,0.03193832188844681,0.14820286631584167,0.10705425590276718,-0.0020911023020744324,0.18913913913913913
103,0.03217776119709015,0.12286742776632309,0.10684055089950562,-0.0023081377148628235,0.19534534534534534
104,0.03188347816467285,0.15629145503044128,0.10687188804149628,-0.0027491599321365356,0.19054054054054054
105,0.03173430636525154,0.13774096965789795,0.10699333250522614,-0.002145230770111084,0.19099099099099098
106,0.03197108209133148,0.0993717759847641,0.10676189512014389,-0.0021512210369110107,0.1918918918918919
107,0.031161202117800713,0.14434044063091278,0.10688812285661697,-0.002722814679145813,0.19079079079079078
108,0.03199775516986847,0.14126834273338318,0.10681299865245819,-0.0023017823696136475,0.19084084084084085
109,0.031206445768475533,0.11769142746925354,0.10686290264129639,-0.002303101122379303,0.19644644644644646
110,0.031790997833013535,0.13932804763317108,0.10669291764497757,-0.0027083754539489746,0.19354354354354356
111,0.030606986954808235,0.11977478861808777,0.10693959146738052,-0.0026119649410247803,0.1975975975975976
112,0.032087404280900955,0.14586448669433594,0.10689002275466919,-0.0025509223341941833,0.19684684684684683
113,0.03157979995012283,0.13667210936546326,0.10665047913789749,-0.003306671977043152,0.19904904904904905
114,0.031708475202322006,0.15540854632854462,0.10706916451454163,-0.002462252974510193,0.19734734734734735
115,0.03146370127797127,0.140866219997406,0.10685216635465622,-0.0027195289731025696,0.20065065065065066
116,0.031235365197062492,0.12032283842563629,0.1072082370519638,-0.002884402871131897,0.1967967967967968
117,0.031336188316345215,0.1124744564294815,0.1071835309267044,-0.0021103471517562866,0.2012012012012012
118,0.03191738203167915,0.0969618707895279,0.10725541412830353,-0.0025078728795051575,0.20225225225225224
119,0.03166206553578377,0.093196801841259,0.10725510120391846,-0.003907881677150726,0.2015015015015015
120,0.03181096911430359,0.09847205132246017,0.10735242813825607,-0.0025702789425849915,0.2012012012012012
121,0.03133676201105118,0.11454624682664871,0.10733073949813843,-0.0024365782737731934,0.20365365365365365
122,0.03136584907770157,0.08557748049497604,0.10747884213924408,-0.003098316490650177,0.2033033033033033
123,0.031819093972444534,0.0703747570514679,0.10746244341135025,-0.0024823397397994995,0.20665665665665667
124,0.031573329120874405,0.10653793066740036,0.10769042372703552,-0.0023129507899284363,0.20005005005005005
125,0.03157120943069458,0.09665241837501526,0.10758447647094727,-0.0022535696625709534,0.20705705705705707
126,0.031546760350465775,0.06793361157178879,0.10803651064634323,-0.0019141659140586853,0.2045045045045045
127,0.03151562437415123,0.08464127779006958,0.10791493952274323,-0.0021019726991653442,0.20595595595595595
128,0.03103245608508587,0.07809340208768845,0.10821104794740677,-0.0028629079461097717,0.21021021021021022
129,0.031095990911126137,0.07722006738185883,0.10827294737100601,-0.002303585410118103,0.2118118118118118
130,0.03205933794379234,0.07622778415679932,0.10834416002035141,-0.0029871612787246704,0.212012012012012
131,0.03108632005751133,0.0682593435049057,0.10864942520856857,-0.0034566670656204224,0.21021021021021022
132,0.031395819038152695,0.08100832998752594,0.1088152602314949,-0.0015300214290618896,0.21036036036036035
133,0.03054456040263176,0.0765734314918518,0.10890669375658035,-0.0023398250341415405,0.21616616616616616
134,0.03184513747692108,0.07612805813550949,0.10857854038476944,-0.003025062382221222,0.21621621621621623
135,0.0315493643283844,0.07238194346427917,0.10906317085027695,-0.0020408034324645996,0.21736736736736736
136,0.031766925007104874,0.06318988651037216,0.10910052806138992,-0.0021676868200302124,0.2161161161161161
137,0.031285740435123444,0.09466426819562912,0.10926254838705063,-0.0023718997836112976,0.21676676676676676
138,0.03159697726368904,0.07102523744106293,0.10943771153688431,-0.002077244222164154,0.21816816816816817
139,0.031241947785019875,0.07321050018072128,0.10971786826848984,-0.001897461712360382,0.222022022022022
140,0.03130283206701279,0.07938718050718307,0.10969485342502594,-0.0027951374650001526,0.22422422422422422
141,0.03164293244481087,0.0690278559923172,0.1101001724600792,-0.002598509192466736,0.22377377377377378
142,0.031062548980116844,0.059860486537218094,0.11001594364643097,-0.0027283132076263428,0.22347347347347346
143,0.03215223178267479,0.07677892595529556,0.11021330952644348,-0.002428770065307617,0.2278778778778779
144,0.03224845603108406,0.057741422206163406,0.11052954196929932,-0.0019135922193527222,0.22752752752752753
145,0.031798552721738815,0.06888603419065475,0.11059125512838364,-0.001748405396938324,0.22972972972972974
146,0.03158674016594887,0.07681959867477417,0.11071692407131195,-0.0027650147676467896,0.2343843843843844
147,0.031174225732684135,0.07610643655061722,0.11109169572591782,-0.0017485320568084717,0.22912912912912914
148,0.031934186816215515,0.06719154864549637,0.11116280406713486,-0.0023044273257255554,0.23313313313313314
149,0.031592145562171936,0.04876330494880676,0.11146745085716248,-0.0018129423260688782,0.23463463463463463
150,0.03067098557949066,0.06064305827021599,0.11155472695827484,-0.0022476837038993835,0.2357857857857858
151,0.0315541997551918,0.05738170072436333,0.11180036514997482,-0.0013213157653808594,0.2386886886886887
152,0.03135283663868904,0.06358722597360611,0.11215280741453171,-0.001850031316280365,0.24049049049049048
153,0.03170064464211464,0.049197494983673096,0.11244390159845352,-0.0023925751447677612,0.240990990990991
154,0.03169780969619751,0.0533033087849617,0.11282261461019516,-0.0021722614765167236,0.24514514514514515
155,0.03122672438621521,0.04740478843450546,0.11328292638063431,-0.0020505040884017944,0.2462962962962963
156,0.031466323882341385,0.06077512726187706,0.11336857825517654,-0.001959182322025299,0.2474974974974975
157,0.031719859689474106,0.05783647671341896,0.11339375376701355,-0.0016199499368667603,0.2434934934934935
158,0.031169166788458824,0.06691768020391464,0.11405553668737411,-0.0022777393460273743,0.2467967967967968
159,0.031002163887023926,0.05734547972679138,0.11436707526445389,-0.0018488913774490356,0.24714714714714714
160,0.03079572319984436,0.047338228672742844,0.11473754793405533,-0.0018076524138450623,0.2492992992992993
161,0.0312250554561615,0.051567889750003815,0.11490176618099213,-0.0020043551921844482,0.2516016016016016
162,0.0314921960234642,0.06344588100910187,0.11528553068637848,-0.0017531737685203552,0.25095095095095094
163,0.03164961189031601,0.03682492673397064,0.11589126288890839,-0.0017756819725036621,0.25445445445445447
164,0.031788017600774765,0.04197379946708679,0.11583816260099411,-0.002215184271335602,0.25585585585585585
165,0.03132520616054535,0.04863010346889496,0.11609544605016708,-0.002080395817756653,0.2555055055055055
166,0.03121626377105713,0.04252960905432701,0.11659397929906845,-0.0022972002625465393,0.26001001001001
167,0.031322624534368515,0.06121691316366196,0.11694836616516113,-0.0019115135073661804,0.261011011011011
168,0.031591832637786865,0.04956163093447685,0.11705413460731506,-0.0017265379428863525,0.2618618618618619
169,0.031192239373922348,0.048554401844739914,0.11740957200527191,-0.0022376999258995056,0.2602602602602603
170,0.03218045458197594,0.053386833518743515,0.1176643893122673,-0.002661287784576416,0.2581581581581582
171,0.030986178666353226,0.058384403586387634,0.11773601919412613,-0.002367950975894928,0.2615615615615616
172,0.03174585476517677,0.04899861663579941,0.11799127608537674,-0.0012997686862945557,0.2639139139139139
173,0.03146287798881531,0.06221887469291687,0.118304044008255,-0.0019199475646018982,0.26306306306306304
174,0.03231718763709068,0.04664158821105957,0.11823133379220963,-0.0020162612199783325,0.26611611611611613
175,0.03197118639945984,0.04668388143181801,0.11854444444179535,-0.002372331917285919,0.2661661661661662
176,0.03059830330312252,0.04401875287294388,0.1187165379524231,-0.002295851707458496,0.26336336336336336
177,0.0316464938223362,0.046345777809619904,0.11858128756284714,-0.001729719340801239,0.27022022022022024
178,0.031111638993024826,0.03798052296042442,0.11871227622032166,-0.0018568262457847595,0.2672172172172172
179,0.0313093401491642,0.047199998050928116,0.11890438199043274,-0.0014791041612625122,0.26651651651651653
180,0.030957909300923347,0.0474097803235054,0.11876814812421799,-0.002197086811065674,0.26706706706706707
181,0.030807051807641983,0.04412447661161423,0.11881495267152786,-0.0017575621604919434,0.2708208208208208
182,0.03110763058066368,0.03983459994196892,0.11906618624925613,-0.0021016597747802734,0.2715715715715716
183,0.030195722356438637,0.036290183663368225,0.1189940944314003,-0.002246938645839691,0.2705205205205205
184,0.03149344027042389,0.03875042125582695,0.11893641948699951,-0.001724347472190857,0.2723723723723724
185,0.03131679818034172,0.034838393330574036,0.11866813898086548,-0.0015840083360671997,0.2727727727727728
186,0.03095504641532898,0.038763102144002914,0.11891790479421616,-0.0021037906408309937,0.27337337337337336
187,0.031086700037121773,0.03788980096578598,0.11884115636348724,-0.0015410929918289185,0.27627627627627627
188,0.030998144298791885,0.03406883776187897,0.11875984817743301,-0.0015109628438949585,0.27427427427427425
189,0.030850833281874657,0.025343716144561768,0.11860289424657822,-0.0018232986330986023,0.2742242242242242
190,0.031203340739011765,0.04166124761104584,0.11854878813028336,-0.0016495361924171448,0.27362362362362364
191,0.03158226236701012,0.03639311343431473,0.11849866062402725,-0.00179281085729599,0.27847847847847845
192,0.03137914836406708,0.034912001341581345,0.118590347468853,-0.0016948208212852478,0.2808308308308308
193,0.03138146176934242,0.03468751534819603,0.11838596314191818,-0.0014509260654449463,0.27887887887887886
194,0.03131574019789696,0.02916085533797741,0.11798108369112015,-0.0010115206241607666,0.27807807807807805
195,0.03121659904718399,0.03753039613366127,0.1179826557636261,-0.0009532645344734192,0.28138138138138136
196,0.030830534175038338,0.035963237285614014,0.1179431825876236,-0.0009338036179542542,0.27992992992992993
197,0.03135489672422409,0.03084389865398407,0.11773553490638733,-0.0010813847184181213,0.28048048048048047
198,0.031085897237062454,0.03229597583413124,0.11761047691106796,-0.0007538646459579468,0.28563563563563565
199,0.030921099707484245,0.03251057490706444,0.11736945807933807,-0.001457206904888153,0.28353353353353355
200,0.03126620873808861,0.03253285586833954,0.11712696403265,-0.001338951289653778,0.28113113113113114
201,0.031179098412394524,0.036630526185035706,0.11703621596097946,-0.0013495460152626038,0.2862862862862863
202,0.03118591383099556,0.03857244923710823,0.11675457656383514,-0.0015058517456054688,0.2884384384384384
203,0.031504739075899124,0.03401799499988556,0.11691685020923615,-0.0011155083775520325,0.2868868868868869
204,0.031012140214443207,0.02483220584690571,0.11663205921649933,-0.001390017569065094,0.2893893893893894
205,0.03156634047627449,0.031082330271601677,0.11651980131864548,-0.0010462254285812378,0.28853853853853856
206,0.030921271070837975,0.0285160094499588,0.11663191020488739,-0.0014559701085090637,0.29434434434434437
207,0.0312260203063488,0.037503380328416824,0.11643793433904648,-0.0018892735242843628,0.29429429429429427
208,0.031178273260593414,0.032587580382823944,0.11641442775726318,-0.0007714629173278809,0.2936936936936937
209,0.030180277302861214,0.022958802059292793,0.11638202518224716,-0.0017244145274162292,0.29274274274274276
210,0.031135771423578262,0.03320171311497688,0.11646948009729385,-0.0014163777232170105,0.29514514514514517
211,0.03131122142076492,0.025715526193380356,0.11651117354631424,-0.0012195706367492676,0.2963963963963964
212,0.030941519886255264,0.035748329013586044,0.1166875958442688,-0.0015633553266525269,0.29754754754754753
213,0.031115882098674774,0.03321878984570503,0.11666666716337204,-0.0010043010115623474,0.30085085085085084
214,0.03142468258738518,0.025197673588991165,0.1169467493891716,-0.0015550106763839722,0.30245245245245245
215,0.0310762170702219,0.02628953754901886,0.11703504621982574,-0.0007748976349830627,0.30195195195195196
216,0.03116859681904316,0.03341573476791382,0.11726526916027069,-0.0014223754405975342,0.30235235235235236
217,0.0310661680996418,0.029258262366056442,0.11737414449453354,-0.0010836124420166016,0.30395395395395397
218,0.03148769959807396,0.031243328005075455,0.11743790656328201,-0.0013458281755447388,0.3028028028028028
219,0.03118792176246643,0.026717472821474075,0.11732698976993561,-0.0007039308547973633,0.30675675675675673
220,0.03079448826611042,0.030408445745706558,0.11743255704641342,-0.0009435266256332397,0.30720720720720723
221,0.030695894733071327,0.02908855304121971,0.11786755919456482,-0.0010595619678497314,0.31196196196196196
222,0.03119940310716629,0.030322682112455368,0.11766844242811203,-0.001423470675945282,0.3128128128128128
223,0.031120724976062775,0.025084080174565315,0.11778254061937332,-0.0009272024035453796,0.31076076076076076
224,0.030859438702464104,0.021139279007911682,0.117686927318573,-0.0015870407223701477,0.3119119119119119
225,0.03138422220945358,0.030783403664827347,0.11772404611110687,-0.0012152567505836487,0.31406406406406406
226,0.03103465959429741,0.027791090309619904,0.11785440146923065,-0.001005321741104126,0.3129129129129129
227,0.030613724142313004,0.03141927346587181,0.1175822913646698,-0.0011102184653282166,0.3173173173173173
228,0.03134146332740784,0.022570788860321045,0.11751499772071838,-0.0008509978652000427,0.3162162162162162
229,0.030749710276722908,0.02769302949309349,0.11736130714416504,-0.000528477132320404,0.31866866866866866
230,0.031083224341273308,0.0264766626060009,0.11728480458259583,-0.0004708990454673767,0.3219219219219219
231,0.031155774369835854,0.022876791656017303,0.11726420372724533,-0.0015540719032287598,0.3204204204204204
232,0.031202571466565132,0.029396671801805496,0.11690669506788254,-0.0014252141118049622,0.3237237237237237
233,0.031053032726049423,0.02733549475669861,0.11673218011856079,-0.0012435540556907654,0.32062062062062063
234,0.031147688627243042,0.03536338359117508,0.11639349162578583,-0.0013105496764183044,0.3225225225225225
235,0.030836058780550957,0.0273074209690094,0.11610916256904602,-0.00039646029472351074,0.3229229229229229
236,0.03075310029089451,0.020250694826245308,0.11589863896369934,-0.0011484622955322266,0.32667667667667666
237,0.031272806227207184,0.03068637102842331,0.11584200710058212,-0.0012307390570640564,0.32247247247247246
238,0.03134671598672867,0.02169608324766159,0.11547985672950745,-0.0010371133685112,0.3298798798798799
239,0.030947312712669373,0.023145552724599838,0.11523447930812836,-0.0006461739540100098,0.3267267267267267
240,0.03136640787124634,0.024098969995975494,0.11487443000078201,-0.0009230822324752808,0.32892892892892894
241,0.03113878332078457,0.018695548176765442,0.1148606538772583,-0.0008284077048301697,0.3299299299299299
242,0.030942125245928764,0.03004448488354683,0.11468084901571274,-0.0008557960391044617,0.3296796796796797
243,0.03160417079925537,0.026684511452913284,0.11463307589292526,-0.0004649311304092407,0.33078078078078077
244,0.03141946718096733,0.0232964139431715,0.11442394554615021,-0.001418881118297577,0.33093093093093096
245,0.030667971819639206,0.021612264215946198,0.11430103331804276,-0.0005560591816902161,0.33133133133133136
246,0.03077654354274273,0.02237599529325962,0.1142817810177803,-0.0010289475321769714,0.3312312312312312
247,0.030811086297035217,0.02672385424375534,0.11410713195800781,-0.0007304176688194275,0.3342342342342342
248,0.030973540619015694,0.028026875108480453,0.11397029459476471,-0.0012999698519706726,0.33443443443443444
249,0.03040762059390545,0.02600538544356823,0.11417440325021744,-0.0003852248191833496,0.3327827827827828
250,0.03074938803911209,0.025015419349074364,0.11408411711454391,-0.0004391595721244812,0.33853853853853855
251,0.03082372434437275,0.030544351786375046,0.11402915418148041,-0.001090995967388153,0.3354354354354354
252,0.030445411801338196,0.02716417983174324,0.11391934007406235,-0.001949220895767212,0.33643643643643645
253,0.03116748109459877,0.015540724620223045,0.11378498375415802,-0.0009842067956924438,0.3381881881881882
254,0.031116215512156487,0.025902077555656433,0.11371839046478271,-0.0018415451049804688,0.3411911911911912
255,0.03086746856570244,0.025245193392038345,0.11341695487499237,-0.00153360515832901,0.34074074074074073
256,0.030598144978284836,0.023671546950936317,0.11324770003557205,-0.0006588548421859741,0.3417917917917918
257,0.03080577589571476,0.030833767727017403,0.1131749227643013,-0.0016545653343200684,0.34274274274274275
258,0.03142703324556351,0.021135231480002403,0.11291205883026123,-0.0011461898684501648,0.338988988988989
259,0.03093200922012329,0.022639557719230652,0.11247885972261429,-0.0016752257943153381,0.34274274274274275
260,0.03074357844889164,0.028306959196925163,0.1125008836388588,-0.0013459250330924988,0.3430930930930931
261,0.03134377300739288,0.026328835636377335,0.11210746318101883,-0.0010558590292930603,0.3426926926926927
262,0.03141123056411743,0.02259181998670101,0.1121615618467331,-0.001459859311580658,0.3452952952952953
263,0.03138741850852966,0.022759776562452316,0.11190176010131836,-0.0012769922614097595,0.34154154154154154
264,0.03077256865799427,0.020018085837364197,0.1117129698395729,-0.0009837299585342407,0.3425925925925926
265,0.03065374307334423,0.0207228884100914,0.11175264418125153,-0.001368410885334015,0.34634634634634637
266,0.030733183026313782,0.02658459171652794,0.11196306347846985,-0.0008090883493423462,0.3432932932932933
267,0.03083254024386406,0.02245505526661873,0.11199311167001724,-0.001424454152584076,0.34814814814814815
268,0.0312209315598011,0.02137053571641445,0.11228343099355698,-0.0012750998139381409,0.3472972972972973
269,0.030944807454943657,0.026193326339125633,0.11264725774526596,-0.001390315592288971,0.3506006006006006
270,0.030946433544158936,0.022162901237607002,0.11306982487440109,-0.001636795699596405,0.3536036036036036
271,0.03050966188311577,0.02725757658481598,0.11340783536434174,-0.0017296075820922852,0.35455455455455454
272,0.03110833838582039,0.022123202681541443,0.11391409486532211,-0.000821627676486969,0.35325325325325324
273,0.03131433203816414,0.027409987524151802,0.11457574367523193,-0.0014507472515106201,0.3548048048048048
274,0.030891921371221542,0.020614661276340485,0.11520825326442719,-0.0012793466448783875,0.356006006006006
275,0.03186554089188576,0.020531589165329933,0.11575881391763687,-0.0009211674332618713,0.3588588588588589
276,0.031280629336833954,0.020167451351881027,0.11633247882127762,-0.0013097301125526428,0.3575075075075075
277,0.031658101826906204,0.017403464764356613,0.11713619530200958,-0.0014871954917907715,0.358008008008008
278,0.03125110641121864,0.02007370814681053,0.11762667447328568,-0.0013703405857086182,0.3605605605605606
279,0.031621403992176056,0.019902491942048073,0.11804826557636261,-0.0018868595361709595,0.36076076076076075
280,0.03126125410199165,0.018999453634023666,0.1187184527516365,-0.0015129372477531433,0.35985985985985985
281,0.03125566616654396,0.023617662489414215,0.11921624839305878,-0.001652345061302185,0.3646646646646647
282,0.03102158196270466,0.024797137826681137,0.11983998864889145,-0.001424834132194519,0.36711711711711714
283,0.031178178265690804,0.017871979624032974,0.12006355822086334,-0.0014981478452682495,0.3687687687687688
284,0.03133728355169296,0.01850879192352295,0.1206469014286995,-0.001971505582332611,0.36906906906906906
285,0.03167755901813507,0.023246638476848602,0.12086937576532364,-0.0013118162751197815,0.36856856856856857
286,0.03069176711142063,0.023407984524965286,0.1214287132024765,-0.0013326406478881836,0.36726726726726727
287,0.030867399647831917,0.02543635293841362,0.12158269435167313,-0.001499965786933899,0.37197197197197196
288,0.03093137964606285,0.02404940128326416,0.12180380523204803,-0.0013796985149383545,0.3741241241241241
289,0.03126595541834831,0.019794469699263573,0.1219049021601677,-0.0013047754764556885,0.37657657657657656
290,0.030999088659882545,0.015156719833612442,0.12238095700740814,-0.0007940977811813354,0.3783783783783784
291,0.031835224479436874,0.023996304720640182,0.12260504812002182,-0.0009607821702957153,0.3784784784784785
292,0.03106152079999447,0.02221161499619484,0.12279631197452545,-0.0014897063374519348,0.3803303303303303
293,0.030974579975008965,0.019241806119680405,0.12287966161966324,-0.0013240352272987366,0.38618618618618616
294,0.03098917193710804,0.021614834666252136,0.12306967377662659,-0.0014209374785423279,0.38583583583583586
295,0.031186187639832497,0.026661645621061325,0.12312041223049164,-0.000980094075202942,0.38423423423423425
296,0.031010841950774193,0.021868839859962463,0.12321843206882477,-0.0012053698301315308,0.3844344344344344
297,0.030884943902492523,0.017759252339601517,0.1233784630894661,-0.0009774714708328247,0.3895395395395395
298,0.030718278139829636,0.018557259812951088,0.12335424870252609,-0.0017370879650115967,0.3884884884884885
299,0.030613495036959648,0.01798982173204422,0.1235441118478775,-0.0012431815266609192,0.3938938938938939
300,0.030853591859340668,0.018132466822862625,0.12366657704114914,-0.0013571307063102722,0.39374374374374377
301,0.031093483790755272,0.020002417266368866,0.12361251562833786,-0.0012588873505592346,0.39584584584584587
302,0.031183036044239998,0.02097620628774166,0.12374714016914368,-0.0007617771625518799,0.3970470470470471
303,0.03109890967607498,0.02038736268877983,0.12373162060976028,-0.0013586804270744324,0.39864864864864863
304,0.03102816827595234,0.02022009901702404,0.12398499250411987,-0.0011482909321784973,0.4011011011011011
305,0.03152139484882355,0.021489540114998817,0.12389238178730011,-0.0009986087679862976,0.4028528528528528
306,0.030880309641361237,0.020906146615743637,0.12399352341890335,-0.0009781122207641602,0.40225225225225225
307,0.030710242688655853,0.022360915318131447,0.12410055100917816,-0.0009737536311149597,0.4044044044044044
308,0.03094089776277542,0.02352987602353096,0.1238444447517395,-0.001442059874534607,0.40695695695695694
309,0.031080855056643486,0.017014622688293457,0.12403280287981033,-0.0009872838854789734,0.4055055055055055
310,0.030671939253807068,0.016371171921491623,0.1241416186094284,-0.0004089251160621643,0.40725725725725725
311,0.03167452663183212,0.013863625004887581,0.12412075698375702,-0.0008744150400161743,0.4097097097097097
312,0.030831795185804367,0.017846468836069107,0.12399407476186752,-0.00041325390338897705,0.40855855855855855
313,0.030667927116155624,0.012544981203973293,0.12397601455450058,-0.0007793828845024109,0.41056056056056056
314,0.031172018498182297,0.01966160722076893,0.12407531589269638,-0.0009318068623542786,0.4096096096096096
315,0.0312880277633667,0.021248601377010345,0.1242511197924614,-0.0008465275168418884,0.412962962962963
316,0.030861830338835716,0.018936684355139732,0.12397121638059616,-0.00023949146270751953,0.4165165165165165
317,0.031205937266349792,0.017295653000473976,0.1241132840514183,-0.000589221715927124,0.4142142142142142
318,0.031117960810661316,0.018681496381759644,0.12394225597381592,-0.0007349848747253418,0.4127127127127127
319,0.030900446698069572,0.020526770502328873,0.12392719835042953,-0.0005541220307350159,0.4139139139139139
320,0.031195957213640213,0.019707702100276947,0.12371648848056793,-0.0008597373962402344,0.41136136136136137
321,0.030426379293203354,0.018543343991041183,0.1239948719739914,-0.0007458776235580444,0.41696696696696695
322,0.030678223818540573,0.017369383946061134,0.12387815862894058,-0.0005035400390625,0.4124124124124124
323,0.030748525634407997,0.01488693431019783,0.12368623167276382,-0.0005252063274383545,0.41486486486486485
324,0.03083881549537182,0.014665116555988789,0.12351362407207489,-0.0009397417306900024,0.4164164164164164
325,0.030131082981824875,0.01598360389471054,0.12342583388090134,-0.0008721128106117249,0.41696696696696695
326,0.030947795137763023,0.013366641476750374,0.12328214198350906,-0.0006160363554954529,0.4182182182182182
327,0.031068509444594383,0.019850969314575195,0.1231522411108017,-0.00045295804738998413,0.4194194194194194
328,0.030752144753932953,0.015677114948630333,0.12300366908311844,-0.0005828589200973511,0.41686686686686686
329,0.030842483043670654,0.017034538090229034,0.12287648022174835,-0.000500217080116272,0.41396396396396395
330,0.03084523044526577,0.019947662949562073,0.1225186213850975,-0.00016433000564575195,0.4174674674674675
331,0.03092440403997898,0.015660563483834267,0.12221946567296982,-0.0009159296751022339,0.41616616616616614
332,0.030570268630981445,0.016659583896398544,0.12230350077152252,-0.0004371330142021179,0.4178178178178178
333,0.030703607946634293,0.012524602003395557,0.1220238134264946,-0.0007959529757499695,0.4144144144144144
334,0.031202277168631554,0.020139513537287712,0.12182438373565674,-0.0007056966423988342,0.41436436436436436
335,0.030894989147782326,0.017269348725676537,0.12146908044815063,-0.0007887408137321472,0.41461461461461463
336,0.0312761515378952,0.018162012100219727,0.12126152217388153,-0.000865839421749115,0.4141641641641642
337,0.03071979060769081,0.01117504108697176,0.12079662829637527,-0.00016611814498901367,0.41621621621621624
338,0.03092670626938343,0.01649826392531395,0.1206972673535347,-0.0002725347876548767,0.4154654654654655
339,0.030432933941483498,0.013080930337309837,0.12049555778503418,-0.0006198883056640625,0.416016016016016
340,0.030675353482365608,0.017299294471740723,0.12033849954605103,-0.0007387697696685791,0.41736736736736735
341,0.03097144328057766,0.016722405329346657,0.12003578245639801,-0.0007351115345954895,0.4134134134134134
342,0.03095838613808155,0.020733604207634926,0.11949995905160904,-0.001389041543006897,0.41386386386386387
343,0.030614973977208138,0.014021947979927063,0.11924491822719574,6.245821714401245e-05,0.4155155155155155
344,0.031226657330989838,0.014926539734005928,0.1190180853009224,-0.0005334541201591492,0.4139139139139139
345,0.03077061101794243,0.015471561811864376,0.1187407523393631,-0.0007059872150421143,0.41156156156156154
346,0.03088296763598919,0.014925980009138584,0.11867016553878784,-0.000926092267036438,0.4163163163163163
347,0.030549492686986923,0.012667731381952763,0.11852165311574936,-0.00018949061632156372,0.41476476476476476
348,0.03111708164215088,0.01867895945906639,0.11857437342405319,-0.0008766576647758484,0.41346346346346347
349,0.030884742736816406,0.015690568834543228,0.11852476000785828,-0.0011900365352630615,0.4104604604604605
350,0.03040222078561783,0.01712188869714737,0.11860565841197968,-0.0008901357650756836,0.41426426426426427
351,0.030189190059900284,0.020771469920873642,0.11857493221759796,-0.0010440796613693237,0.418018018018018
352,0.03041234239935875,0.014181503094732761,0.11886218190193176,-0.0009213835000991821,0.4148148148148148
353,0.030687840655446053,0.014912042766809464,0.11891773343086243,-0.0010317638516426086,0.41276276276276275
354,0.030980335548520088,0.016613245010375977,0.1191469058394432,-0.0008583143353462219,0.41316316316316315
355,0.030449340119957924,0.012662123888731003,0.11951557546854019,-0.000759713351726532,0.41446446446446444
356,0.03085959702730179,0.014482878148555756,0.11944601684808731,-0.0008232146501541138,0.4131131131131131
357,0.030998725444078445,0.01674668863415718,0.1200171485543251,-0.0015114694833755493,0.4137637637637638
358,0.030743587762117386,0.016101542860269547,0.12014062702655792,-0.0010518953204154968,0.4165165165165165
359,0.030815592035651207,0.015491576865315437,0.12053120136260986,-0.0007675737142562866,0.41306306306306306
360,0.03073345497250557,0.021524133160710335,0.12047085911035538,-0.000912494957447052,0.41501501501501503
361,0.030990533530712128,0.014093478210270405,0.12115463614463806,-0.0010571926832199097,0.41831831831831834
362,0.03103635087609291,0.013205176219344139,0.1210402175784111,-0.001172490417957306,0.4169169169169169
363,0.030858099460601807,0.012594756670296192,0.12128771096467972,-0.001144401729106903,0.41831831831831834
364,0.03108225390315056,0.015837034210562706,0.12151571363210678,-0.0009520798921585083,0.41871871871871874
365,0.03081263042986393,0.017142953351140022,0.12165576219558716,-0.0009442716836929321,0.4170670670670671
366,0.03137119859457016,0.016315363347530365,0.12192737311124802,-0.0013779029250144958,0.4177177177177177
367,0.030788226053118706,0.013716476038098335,0.12209969758987427,-0.000844806432723999,0.41636636636636637
368,0.031205743551254272,0.016759660094976425,0.1223025992512703,-0.0012505203485488892,0.4224724724724725
369,0.03078443929553032,0.017628682777285576,0.12247350066900253,-0.0011415481567382812,0.42017017017017017
370,0.031208259984850883,0.019517607986927032,0.122468501329422,-0.0010820850729942322,0.41831831831831834
371,0.031225435435771942,0.015982287004590034,0.12258055061101913,-0.0015780255198478699,0.41866866866866864
372,0.03055991232395172,0.014651714824140072,0.12267924845218658,-0.0012084096670150757,0.4205205205205205
373,0.03110036812722683,0.015749387443065643,0.12254053354263306,-0.0010671913623809814,0.4215215215215215
374,0.030718810856342316,0.014489416033029556,0.12256067991256714,-0.0009774267673492432,0.42027027027027025
375,0.030436193570494652,0.014933932572603226,0.12291552126407623,-0.000355549156665802,0.42267267267267267
376,0.030927535146474838,0.01562428753823042,0.12265575677156448,-0.0009438693523406982,0.4237737737737738
377,0.03073456510901451,0.01641201227903366,0.12280970066785812,-0.001193813979625702,0.41866866866866864
378,0.0313638411462307,0.013121972791850567,0.12266870588064194,-0.0010127723217010498,0.4205205205205205
379,0.03121364675462246,0.013401122763752937,0.12264756113290787,-0.0006675049662590027,0.4198198198198198
380,0.03082602471113205,0.016049377620220184,0.12274743616580963,-0.0010034888982772827,0.42357357357357356
381,0.031555742025375366,0.0161620881408453,0.12254400551319122,-0.0006000250577926636,0.4224724724724725
382,0.030541155487298965,0.014068953692913055,0.12252283841371536,-0.0006645992398262024,0.42437437437437436
383,0.031130503863096237,0.01705426350235939,0.12220263481140137,-0.0011042580008506775,0.42172172172172173
384,0.03073251247406006,0.014544211328029633,0.12237931787967682,-0.0011584162712097168,0.42277277277277275
385,0.03110642172396183,0.017216011881828308,0.12228719890117645,-0.001136884093284607,0.4207207207207207
386,0.03142718970775604,0.014203337952494621,0.12203394621610641,-0.000965610146522522,0.41976976976976976
387,0.0314364917576313,0.014080224558711052,0.12192584574222565,-0.0009070932865142822,0.4192692692692693
388,0.03149513527750969,0.013451600447297096,0.12186064571142197,-0.0012128651142120361,0.41816816816816815
389,0.030594022944569588,0.015695728361606598,0.12161016464233398,-0.0005632862448692322,0.4205205205205205
390,0.029995257034897804,0.011307070031762123,0.12155713140964508,-0.000986337661743164,0.4182682682682683
391,0.031618375331163406,0.01497529074549675,0.12121514976024628,-0.0007252320647239685,0.41816816816816815
392,0.030367085710167885,0.0127029437571764,0.12102755159139633,-0.0007012933492660522,0.4228228228228228
393,0.031100112944841385,0.012324666604399681,0.12082384526729584,-0.001114971935749054,0.4189189189189189
394,0.0306392852216959,0.011843936517834663,0.12048978358507156,-0.0007882639765739441,0.4186186186186186
395,0.03131183236837387,0.01738225296139717,0.12037170678377151,-0.0008051022887229919,0.42057057057057057
396,0.03127856180071831,0.01672251895070076,0.12027231603860855,-0.0008806660771369934,0.4208708708708709
397,0.031006837263703346,0.00969637744128704,0.12049953639507294,-0.0008220523595809937,0.4182682682682683
398,0.03090871125459671,0.015129758976399899,0.1200445294380188,-0.0008558705449104309,0.4194194194194194
399,0.03117690421640873,0.013212422840297222,0.12035594135522842,-0.0013608261942863464,0.421021021021021
400,0.030884532257914543,0.011647208593785763,0.12036830186843872,-0.0010761246085166931,0.42117117117117114
401,0.029834192246198654,0.015910489484667778,0.12055734544992447,-0.0010061487555503845,0.42057057057057057
402,0.03105580247938633,0.011055266484618187,0.12081068009138107,-0.0006847232580184937,0.42277277277277275
403,0.031132005155086517,0.015377073548734188,0.12119906395673752,-0.0012412220239639282,0.41951951951951955
404,0.031085746362805367,0.014662835747003555,0.12138659507036209,-0.0008849054574966431,0.42162162162162165
405,0.03102322295308113,0.014321532100439072,0.12179344892501831,-0.0012356936931610107,0.4205205205205205
406,0.031014129519462585,0.011508502066135406,0.1219635084271431,-0.00093117356300354,0.4206206206206206
407,0.031222954392433167,0.012075564824044704,0.12243738025426865,-0.0012956038117408752,0.4192692692692693
408,0.03051130101084709,0.014728927984833717,0.12291734665632248,-0.0009549111127853394,0.4192692692692693
409,0.030719449743628502,0.013121376745402813,0.1230701431632042,-0.0009367987513542175,0.4209209209209209
410,0.030261967331171036,0.01395443081855774,0.12349805980920792,-0.0013790503144264221,0.4201201201201201
411,0.030496958643198013,0.012459883466362953,0.12380096316337585,-0.0009904056787490845,0.42242242242242245
412,0.030791081488132477,0.011542977765202522,0.12407170981168747,-0.0009423866868019104,0.4205205205205205
413,0.03043949604034424,0.013597534969449043,0.12434064596891403,-0.001252397894859314,0.4220720720720721
414,0.031135376542806625,0.014882683753967285,0.12466549128293991,-0.0009895190596580505,0.42082082082082084
415,0.030657146126031876,0.013208959251642227,0.12471820414066315,-0.000729784369468689,0.42227227227227226
416,0.031230023130774498,0.013148745521903038,0.12489977478981018,-0.0008919462561607361,0.4220720720720721
417,0.03076927550137043,0.011919870972633362,0.12504872679710388,-0.001060090959072113,0.41906906906906904
418,0.031207334250211716,0.014429152011871338,0.12525902688503265,-0.0008244216442108154,0.4224724724724725
419,0.031037772074341774,0.013867480680346489,0.12534199655056,-0.0005056187510490417,0.42147147147147146
420,0.03084871545433998,0.013967618346214294,0.1254572719335556,-0.0006045252084732056,0.4200700700700701
421,0.03085680492222309,0.015225294977426529,0.12534421682357788,-0.000883057713508606,0.4215215215215215
422,0.03102136217057705,0.014650378376245499,0.12583708763122559,-0.0010653510689735413,0.42242242242242245
423,0.030765388160943985,0.01515586394816637,0.12583130598068237,-0.0004980862140655518,0.42097097097097097
424,0.03047211281955242,0.01300948578864336,0.12564748525619507,-0.000796973705291748,0.4194194194194194
425,0.030914386734366417,0.010299348272383213,0.1258552372455597,-3.79905104637146e-05,0.4184184184184184
426,0.031153259798884392,0.012641895562410355,0.1258949637413025,-0.00096844881772995,0.4235235235235235
427,0.030569976195693016,0.017494700849056244,0.1258997619152069,-0.0005720034241676331,0.4208708708708709
428,0.030169924721121788,0.011566678993403912,0.12592409551143646,-0.0005871206521987915,0.4203203203203203
429,0.030222434550523758,0.008998135104775429,0.12603384256362915,-0.0008423030376434326,0.4218218218218218
430,0.030672172084450722,0.011373030953109264,0.12593434751033783,-0.0003920942544937134,0.42447447447447445
431,0.03087226301431656,0.01345076784491539,0.1259220689535141,-0.0005489140748977661,0.4235235235235235
432,0.030545035377144814,0.011403304524719715,0.12603020668029785,-0.0008190423250198364,0.42042042042042044
433,0.030939890071749687,0.011643387377262115,0.12608760595321655,-0.0010045096278190613,0.4215215215215215
434,0.030806846916675568,0.010923318564891815,0.12589463591575623,-0.0004172474145889282,0.41856856856856856
435,0.030971800908446312,0.013033327646553516,0.12603799998760223,-0.0006962791085243225,0.4203703703703704
436,0.030262382701039314,0.012174350209534168,0.12593801319599152,-0.0004677325487136841,0.41961961961961963
437,0.03127381205558777,0.00929485447704792,0.1260027438402176,-0.00024327635765075684,0.42332332332332334
438,0.03102082386612892,0.013367243111133575,0.12598355114459991,-0.0006062090396881104,0.42307307307307307
439,0.030976545065641403,0.011717691086232662,0.12598592042922974,-0.0010900720953941345,0.4228728728728729
440,0.030876506119966507,0.01277177780866623,0.12612172961235046,-0.00026109814643859863,0.42242242242242245
441,0.030485190451145172,0.012065672315657139,0.12604700028896332,-0.00090838223695755,0.4226226226226226
442,0.030455559492111206,0.010245096869766712,0.126023069024086,-0.0004882216453552246,0.4224724724724725
443,0.030899226665496826,0.012407798320055008,0.12596645951271057,-0.00036497414112091064,0.42397397397397396
444,0.03066221810877323,0.011986113153398037,0.12598848342895508,-0.0006128773093223572,0.4232732732732733
445,0.031026557087898254,0.013484098017215729,0.1260542869567871,-0.0009778141975402832,0.4231231231231231
446,0.03058704361319542,0.010906822048127651,0.12623970210552216,-0.000473998486995697,0.4232232232232232
447,0.030840270221233368,0.01391050685197115,0.1260586827993393,-0.0008417963981628418,0.42212212212212213
448,0.030393633991479874,0.010637978091835976,0.12601003050804138,-0.0006595626473426819,0.4225725725725726
449,0.030427034944295883,0.011702428571879864,0.12618526816368103,-0.0009396597743034363,0.42187187187187186
450,0.030985040590167046,0.012861608527600765,0.1260799616575241,-0.000934891402721405,0.4228728728728729
451,0.03108081966638565,0.012632131576538086,0.126090407371521,-0.00064115971326828,0.42132132132132133
452,0.030966168269515038,0.010171309113502502,0.12607534229755402,-0.0007828548550605774,0.41986986986986985
453,0.031039685010910034,0.011898431926965714,0.12620966136455536,-0.0007437616586685181,0.42067067067067065
454,0.03067796118557453,0.01205357164144516,0.12614838778972626,-0.0005203336477279663,0.4232232232232232
455,0.030540401116013527,0.013868643902242184,0.12596990168094635,-0.0005813762545585632,0.4222222222222222
456,0.03012414649128914,0.01199103333055973,0.12612482905387878,-0.0006263181567192078,0.42057057057057057
457,0.030951255932450294,0.011590194888412952,0.12618380784988403,-0.0008816719055175781,0.42122122122122124
458,0.030869802460074425,0.01588704064488411,0.12602613866329193,-0.0005784928798675537,0.4211211211211211
459,0.030942736193537712,0.01105581782758236,0.12597694993019104,-0.0003744587302207947,0.42462462462462464
460,0.03061462566256523,0.013644654303789139,0.12591294944286346,-0.00044509023427963257,0.422972972972973
461,0.03068609908223152,0.010465990751981735,0.1261540949344635,-0.00035910308361053467,0.42452452452452455
462,0.030858522281050682,0.011099455878138542,0.12589126825332642,-0.00042159855365753174,0.42487487487487485
463,0.031087471172213554,0.011433357372879982,0.12597830593585968,-0.0009481161832809448,0.42317317317317316
464,0.030599970370531082,0.010056395083665848,0.1259259134531021,-0.0005089566111564636,0.4284784784784785
465,0.03078616037964821,0.008049793541431427,0.12591876089572906,-0.0004800856113433838,0.4282782782782783
466,0.030639806762337685,0.011853430420160294,0.1260136365890503,-0.0002778470516204834,0.430980980980981
467,0.03072556108236313,0.012649990618228912,0.1259937882423401,-0.00046241283416748047,0.4280780780780781
468,0.03082384169101715,0.01049266941845417,0.1262235939502716,-0.000685565173625946,0.4270770770770771
469,0.030589159578084946,0.009663509204983711,0.12608198821544647,5.7116150856018066e-05,0.4308808808808809
470,0.030324969440698624,0.01092416699975729,0.1262262612581253,-0.0005867183208465576,0.4336836836836837
471,0.030677683651447296,0.00984240137040615,0.1262485831975937,-0.0002932026982307434,0.43463463463463464
472,0.030585575848817825,0.013806253671646118,0.12631888687610626,-0.0005576461553573608,0.43623623623623625
473,0.0307169146835804,0.008644068613648415,0.12649229168891907,-0.00024706125259399414,0.43503503503503504
474,0.030586255714297295,0.013390601612627506,0.12642456591129303,-0.0009844303131103516,0.4387887887887888
475,0.03068939410150051,0.01201605424284935,0.1264982968568802,-0.0006651505827903748,0.43883883883883884
476,0.030591493472456932,0.0127028226852417,0.1265237182378769,-0.0008839964866638184,0.44094094094094094
477,0.030464498326182365,0.011024879291653633,0.12658698856830597,-0.00035671889781951904,0.4404904904904905
478,0.030685508623719215,0.010542917996644974,0.12675738334655762,-0.0005829781293869019,0.44254254254254255
479,0.031263746321201324,0.011602791026234627,0.1268821805715561,-0.0006806924939155579,0.4465965965965966
480,0.03081411123275757,0.008332938887178898,0.1268983632326126,-0.0004835575819015503,0.44434434434434433
481,0.03066369518637657,0.010090223513543606,0.12701670825481415,-0.00025250017642974854,0.4463963963963964
482,0.03070647455751896,0.009846875444054604,0.12708906829357147,-0.00039686262607574463,0.44714714714714715
483,0.031005406752228737,0.011501982808113098,0.1270218938589096,-0.0005583465099334717,0.44714714714714715
484,0.031002789735794067,0.009461997076869011,0.12719614803791046,-0.00027195364236831665,0.44744744744744747
485,0.0309757087379694,0.012024898082017899,0.12711042165756226,-0.0003794655203819275,0.4516016016016016
486,0.031232737004756927,0.009440073743462563,0.12729531526565552,-0.0004049837589263916,0.45105105105105103
487,0.031043456867337227,0.00852152332663536,0.12730593979358673,-0.00021939724683761597,0.4515015015015015
488,0.030648035928606987,0.011113525368273258,0.1272006332874298,-0.0007944628596305847,0.4517017017017017
489,0.030398724600672722,0.009804395027458668,0.12736356258392334,-0.00022707879543304443,0.45175175175175175
490,0.03101656772196293,0.008785758167505264,0.1271815299987793,-0.0004346519708633423,0.457007007007007
491,0.030671942979097366,0.009918376803398132,0.1272706240415573,-0.0003755241632461548,0.45585585585585586
492,0.030532674863934517,0.01047605648636818,0.12725380063056946,-9.15825366973877e-05,0.45675675675675675
493,0.03056463599205017,0.012127467431128025,0.1270676553249359,-8.535385131835938e-05,0.45525525525525523
494,0.030345415696501732,0.0118370670825243,0.12710486352443695,8.054077625274658e-06,0.459009009009009
495,0.030702637508511543,0.009873875416815281,0.12740400433540344,-0.0003359094262123108,0.45725725725725724
496,0.031187988817691803,0.009463232941925526,0.12706375122070312,-0.0002716481685638428,0.4602102102102102
497,0.03040735423564911,0.01144568994641304,0.12707459926605225,-0.0003568604588508606,0.46136136136136136
498,0.030572379007935524,0.009144184179604053,0.12698864936828613,-0.00017561763525009155,0.46056056056056055
499,0.03046790510416031,0.008598270826041698,0.12700892984867096,-0.000254116952419281,0.4621121121121121
