,loss_g,loss_d,train_wd,train_ce_d,train_mse,train_acc,test_mse,test_acc
0,1.104594349861145,1.4388554096221924,-0.00023402273654937744,7.246809005737305,0.2050526738166809,0.3554687499999998,0.23118220269680023,0.3205761316872424
1,1.1481932401657104,0.12489193677902222,-0.000706791877746582,7.209514617919922,0.2090749442577362,0.4856770833333329,0.2632325291633606,0.45637860082304527
2,1.13199782371521,0.0709623172879219,-0.001125529408454895,7.322136878967285,0.3929189443588257,0.4466145833333329,0.3253217935562134,0.5094650205761314
3,1.194563627243042,0.03500445932149887,-0.0013800114393234253,7.184322357177734,0.3320799767971039,0.4921874999999998,0.3585294187068939,0.519753086419753
4,1.0094059705734253,0.032513536512851715,-0.0016214847564697266,7.207614898681641,0.32674315571784973,0.6158854166666666,0.3726719915866852,0.534156378600823
5,1.1176726818084717,0.020424000918865204,-0.0018543750047683716,7.30850887298584,0.35935017466545105,0.5182291666666666,0.38815850019454956,0.5580246913580245
6,1.0360145568847656,0.01707109808921814,-0.0019118785858154297,7.188718318939209,0.4265116751194,0.5507812499999998,0.4068950414657593,0.5691358024691356
7,1.0347175598144531,0.016588933765888214,-0.001614496111869812,7.36160945892334,0.4226647913455963,0.6614583333333329,0.4152272343635559,0.5679012345679008
8,1.099092721939087,0.01586674526333809,-0.001539856195449829,7.178014755249023,0.46202409267425537,0.5052083333333329,0.41747069358825684,0.5683127572016461
9,1.1652275323867798,0.011348873376846313,-0.0013683736324310303,7.268402099609375,0.4409473240375519,0.5182291666666666,0.4235997796058655,0.57037037037037
10,0.9792237877845764,0.014605013653635979,-0.001280173659324646,7.254762172698975,0.5279543399810791,0.5638020833333329,0.4246658384799957,0.5699588477366252
11,0.946664035320282,0.008979097940027714,-0.0011633336544036865,7.119917869567871,0.4763059616088867,0.6028645833333329,0.43257957696914673,0.5707818930041147
12,1.0626038312911987,0.0079583041369915,-0.0007713735103607178,7.332029342651367,0.2945438027381897,0.49869791666666663,0.43324726819992065,0.5699588477366252
13,1.0428204536437988,0.009789982810616493,-0.0007525384426116943,7.122000694274902,0.3824966549873352,0.5507812499999998,0.42007145285606384,0.57037037037037
14,1.1090182065963745,0.010346915572881699,-0.0002619028091430664,7.31115198135376,0.3666430413722992,0.5377604166666666,0.404165118932724,0.57037037037037
15,1.1597541570663452,0.009487628005445004,-0.00018809735774993896,7.275166034698486,0.3406519293785095,0.5768229166666666,0.4100762605667114,0.57037037037037
16,1.064353346824646,0.007326751947402954,-1.385807991027832e-05,7.481237411499023,0.317097544670105,0.5898437499999998,0.41635051369667053,0.57037037037037
17,1.0515422821044922,0.007190023548901081,0.0003202110528945923,7.339881896972656,0.5385658144950867,0.5768229166666666,0.41512373089790344,0.5707818930041147
18,1.1101754903793335,0.00863924901932478,0.00042632222175598145,7.3121490478515625,0.44955548644065857,0.6549479166666666,0.4154708981513977,0.57037037037037
19,1.0504850149154663,0.005660673603415489,0.0007542818784713745,7.062978744506836,0.44935959577560425,0.6028645833333329,0.4154905676841736,0.57037037037037
20,1.0616786479949951,0.005872474517673254,0.0007643699645996094,7.249378204345703,0.39487314224243164,0.6093749999999998,0.41590359807014465,0.5699588477366252
21,1.04386305809021,0.005466887261718512,0.0009859651327133179,7.270680904388428,0.34015193581581116,0.5377604166666666,0.415708065032959,0.57037037037037
22,1.136154055595398,0.0044998666271567345,0.0011602938175201416,7.155448913574219,0.4435330629348755,0.5572916666666666,0.41626614332199097,0.57037037037037
23,1.1083096265792847,0.004043128341436386,0.0011351555585861206,7.136382102966309,0.45919299125671387,0.6028645833333329,0.41567909717559814,0.57037037037037
24,1.060328722000122,0.002411448862403631,0.001165136694908142,7.236362934112549,0.4647253155708313,0.5442708333333329,0.4142470955848694,0.57037037037037
25,1.11404287815094,0.003550693392753601,0.0013215839862823486,7.156435966491699,0.48688986897468567,0.5898437499999998,0.4154191315174103,0.5695473251028804
26,1.1000477075576782,0.004165101796388626,0.001135021448135376,7.173630714416504,0.3474259078502655,0.6028645833333329,0.415691614151001,0.57037037037037
27,0.9375549554824829,0.004776074551045895,0.0014670193195343018,7.173175811767578,0.34046995639801025,0.5377604166666666,0.4154079258441925,0.57037037037037
28,1.013526439666748,0.003995885606855154,0.0016878247261047363,7.243259429931641,0.3011454641819,0.6614583333333329,0.4149041175842285,0.57037037037037
29,0.9535098671913147,0.004334142431616783,0.0016190707683563232,7.434093475341797,0.33067476749420166,0.6223958333333329,0.4127465486526489,0.57037037037037
30,1.0425217151641846,0.0024366797879338264,0.0019684135913848877,7.100278377532959,0.4749852120876312,0.6158854166666666,0.35922229290008545,0.57037037037037
31,1.0694866180419922,0.0017300969921052456,0.001860886812210083,7.248310565948486,0.20596836507320404,0.5963541666666666,0.1869405210018158,0.57037037037037
32,1.048791766166687,0.0029217363335192204,0.0019957423210144043,7.103243827819824,0.1472470611333847,0.6289062499999998,0.18649721145629883,0.57037037037037
33,1.0494173765182495,0.0026167291216552258,0.0019890666007995605,7.267366886138916,0.17392292618751526,0.6419270833333329,0.18677181005477905,0.57037037037037
34,1.1098685264587402,0.00257727038115263,0.002260357141494751,7.099578857421875,0.239679753780365,0.5507812499999998,0.1867651641368866,0.57037037037037
35,1.1403542757034302,0.0016514500603079796,0.0023523271083831787,7.28912878036499,0.1802852600812912,0.6093749999999998,0.18668819963932037,0.57037037037037
36,1.1078479290008545,0.002002222463488579,0.00242595374584198,7.085723876953125,0.21625040471553802,0.5442708333333329,0.18664118647575378,0.57037037037037
37,1.052804946899414,0.002221914939582348,0.0027188360691070557,7.112473964691162,0.16921818256378174,0.5312499999999998,0.18608106672763824,0.57037037037037
38,1.055047869682312,0.001240644371137023,0.0025773942470550537,7.2302398681640625,0.1297309845685959,0.5117187499999998,0.18626996874809265,0.5699588477366252
39,1.057950496673584,0.0015751328319311142,0.0027728676795959473,7.153951644897461,0.185621440410614,0.6223958333333329,0.18640190362930298,0.5699588477366252
40,1.0459020137786865,0.002217065542936325,0.002955600619316101,7.382991790771484,0.18861781060695648,0.5312499999999998,0.18640784919261932,0.57037037037037
41,1.118086814880371,0.0010867228265851736,0.002759084105491638,7.2550811767578125,0.12245623022317886,0.6158854166666666,0.18616406619548798,0.57037037037037
42,1.071816086769104,0.0015148166567087173,0.0030167698860168457,7.377684593200684,0.18566522002220154,0.5117187499999998,0.18413296341896057,0.57037037037037
43,1.1441271305084229,0.0019137058407068253,0.0028380006551742554,7.170840263366699,0.10688009858131409,0.5703124999999998,0.17311052978038788,0.5695473251028804
44,1.1147445440292358,0.00031525036320090294,0.0030031800270080566,7.1743903160095215,0.18664035201072693,0.5638020833333329,0.17373129725456238,0.57037037037037
45,1.1345634460449219,0.001314518041908741,0.002896517515182495,7.364302635192871,0.189405620098114,0.5963541666666666,0.17344354093074799,0.5699588477366252
46,1.0488094091415405,0.0019686766900122166,0.00300753116607666,7.2757182121276855,0.1326684206724167,0.6223958333333329,0.17273180186748505,0.57037037037037
47,1.0310578346252441,0.0031436998397111893,0.0032098889350891113,7.277516841888428,0.15455187857151031,0.5963541666666666,0.17294926941394806,0.57037037037037
48,1.0057218074798584,0.000952103640884161,0.0033034682273864746,7.05079460144043,0.09614184498786926,0.5377604166666666,0.1728823035955429,0.57037037037037
49,1.0281238555908203,0.0013585174456238747,0.003136381506919861,7.0758795738220215,0.1585487276315689,0.5052083333333329,0.17284715175628662,0.57037037037037
50,0.9045827984809875,0.000595548190176487,0.003370508551597595,7.195178031921387,0.19679124653339386,0.6028645833333329,0.1729414314031601,0.57037037037037
51,1.0781700611114502,0.0006725555285811424,0.0035069435834884644,7.155956745147705,0.10958195477724075,0.5442708333333329,0.17342634499073029,0.57037037037037
52,1.0672707557678223,0.001009596511721611,0.0037061721086502075,7.236220359802246,0.20160767436027527,0.6028645833333329,0.1728498488664627,0.57037037037037
53,1.0874643325805664,-0.00038461643271148205,0.003556966781616211,7.24810266494751,0.19463258981704712,0.49869791666666663,0.17326176166534424,0.57037037037037
54,1.0636765956878662,-0.001058313064277172,0.0037836581468582153,7.258131980895996,0.1850648671388626,0.5377604166666666,0.17323021590709686,0.57037037037037
55,1.0582382678985596,-0.0004266137257218361,0.0036198794841766357,7.313230037689209,0.2128826379776001,0.6028645833333329,0.17335957288742065,0.57037037037037
56,1.1529148817062378,-0.00035937665961682796,0.003634542226791382,7.3185553550720215,0.17533715069293976,0.6158854166666666,0.17363381385803223,0.57037037037037
57,1.147599220275879,0.0010451758280396461,0.003985390067100525,7.184332847595215,0.08814120292663574,0.6223958333333329,0.17369596660137177,0.57037037037037
58,1.0640114545822144,-0.0007928372360765934,0.003991276025772095,7.159876346588135,0.1022157222032547,0.5442708333333329,0.17346522212028503,0.57037037037037
59,1.1394456624984741,-0.0014168326742947102,0.0042811185121536255,7.232883453369141,0.1004813089966774,0.6223958333333329,0.17346522212028503,0.57037037037037
60,1.0954582691192627,-0.00033060810528695583,0.004046991467475891,7.215165615081787,0.18565890192985535,0.5442708333333329,0.17356978356838226,0.57037037037037
61,1.0689356327056885,-0.0017612236551940441,0.004182383418083191,7.1787638664245605,0.16617709398269653,0.5638020833333329,0.1737672984600067,0.57037037037037
62,1.0608494281768799,-0.000700884498655796,0.0040976256132125854,7.3550896644592285,0.1737055629491806,0.6093749999999998,0.17365692555904388,0.57037037037037
63,1.0682867765426636,-0.0017614392563700676,0.0043659508228302,7.310920238494873,0.17252901196479797,0.5377604166666666,0.17365692555904388,0.57037037037037
64,1.119814157485962,-0.0017008818686008453,0.004301160573959351,7.141890525817871,0.12790091335773468,0.5963541666666666,0.17356978356838226,0.57037037037037
65,1.021590232849121,-0.0008646841160953045,0.004197999835014343,7.2656402587890625,0.15195517241954803,0.5052083333333329,0.1737208068370819,0.57037037037037
66,1.1422911882400513,0.0006675310432910919,0.004435807466506958,7.178427696228027,0.17609824240207672,0.5572916666666666,0.17351749539375305,0.57037037037037
67,1.0097384452819824,-0.0007743551395833492,0.004320859909057617,7.35479736328125,0.16011138260364532,0.6744791666666666,0.17337805032730103,0.57037037037037
68,1.05679190158844,-0.0026590130291879177,0.004793524742126465,7.126456260681152,0.23041491210460663,0.5963541666666666,0.17361041903495789,0.57037037037037
69,1.0551316738128662,-0.0024304804392158985,0.004491016268730164,7.225441932678223,0.22101488709449768,0.6028645833333329,0.17374542355537415,0.57037037037037
70,1.0759425163269043,-0.0024237101897597313,0.004636198282241821,7.071993827819824,0.12829901278018951,0.5117187499999998,0.17359881103038788,0.57037037037037
71,1.0342026948928833,-0.0015508471988141537,0.004746168851852417,7.214484214782715,0.1784420907497406,0.5833333333333329,0.173872172832489,0.57037037037037
72,1.025611162185669,-0.00275604659691453,0.004722759127616882,7.10604190826416,0.17695754766464233,0.6093749999999998,0.1736685335636139,0.57037037037037
73,1.0579065084457397,-0.0024795294739305973,0.00466388463973999,7.2051310539245605,0.14687764644622803,0.6093749999999998,0.17355814576148987,0.57037037037037
74,1.0825836658477783,-0.0020208514761179686,0.005019649863243103,7.1532440185546875,0.1797458976507187,0.5507812499999998,0.17346516251564026,0.57037037037037
75,0.9347653388977051,-0.0025121336802840233,0.004660949110984802,7.3592658042907715,0.17388959228992462,0.4531249999999998,0.17355233430862427,0.57037037037037
76,1.051839828491211,-0.0032024027314037085,0.004739418625831604,7.205361843109131,0.15172027051448822,0.6419270833333329,0.17355233430862427,0.57037037037037
77,1.0381437540054321,-0.003574748057872057,0.005022495985031128,7.105344295501709,0.2052328735589981,0.6028645833333329,0.17359782755374908,0.57037037037037
78,1.0586316585540771,-0.0009050436783581972,0.004800722002983093,7.367225170135498,0.18879109621047974,0.5703124999999998,0.17355233430862427,0.57037037037037
79,0.9993090629577637,-0.0034353253431618214,0.005091473460197449,7.238511562347412,0.1894589215517044,0.6614583333333329,0.1736162304878235,0.5699588477366252
80,1.0092730522155762,-0.0037774345837533474,0.005007654428482056,7.349445819854736,0.17569400370121002,0.5638020833333329,0.17343613505363464,0.57037037037037
81,1.056187629699707,-0.004037586040794849,0.0052254050970077515,7.234226703643799,0.18537326157093048,0.5638020833333329,0.17360462248325348,0.57037037037037
82,1.0132383108139038,-0.004107609391212463,0.005327999591827393,7.210409164428711,0.1434319168329239,0.5703124999999998,0.17360462248325348,0.57037037037037
83,1.0059551000595093,-0.002996651455760002,0.0048558712005615234,7.322153568267822,0.1762872338294983,0.6419270833333329,0.17350001633167267,0.57037037037037
84,1.106385350227356,-0.0028635624330490828,0.005095064640045166,7.198476791381836,0.12659361958503723,0.5377604166666666,0.17356973886489868,0.57037037037037
85,1.0480400323867798,-0.002382958307862282,0.005200967192649841,7.279356956481934,0.19007772207260132,0.5898437499999998,0.1736568957567215,0.57037037037037
86,0.956426203250885,-0.0040420121513307095,0.005048096179962158,7.231383323669434,0.11443587392568588,0.5768229166666666,0.17351743578910828,0.57037037037037
87,1.0331803560256958,-0.004174984060227871,0.005253270268440247,7.341114044189453,0.12969914078712463,0.5768229166666666,0.1736568808555603,0.57037037037037
88,1.0028101205825806,-0.004642763175070286,0.005529925227165222,7.181604862213135,0.12116067856550217,0.6158854166666666,0.17355231940746307,0.57037037037037
89,1.0247831344604492,-0.003963818773627281,0.005286648869514465,7.274428367614746,0.1986013650894165,0.6744791666666666,0.17338964343070984,0.57037037037037
90,1.0795797109603882,-0.0042365482077002525,0.005290478467941284,7.254331111907959,0.16406719386577606,0.5117187499999998,0.17345502972602844,0.57037037037037
91,1.0242100954055786,-0.004232045728713274,0.004998907446861267,7.449052333831787,0.1149027943611145,0.5052083333333329,0.17379051446914673,0.5707818930041147
92,1.1323459148406982,-0.003604698460549116,0.005219995975494385,7.338240623474121,0.14532752335071564,0.5963541666666666,0.1736568808555603,0.57037037037037
93,1.023455023765564,-0.0033608837984502316,0.005072295665740967,7.331869125366211,0.14701025187969208,0.49869791666666663,0.1736975610256195,0.57037037037037
94,1.098298192024231,-0.004505326971411705,0.005374744534492493,7.260354518890381,0.17121835052967072,0.5703124999999998,0.1736801117658615,0.57037037037037
95,1.0808032751083374,-0.003566381987184286,0.005640357732772827,7.233330726623535,0.20545831322669983,0.5052083333333329,0.1736045926809311,0.57037037037037
96,1.100116491317749,-0.0047012981958687305,0.005682960152626038,7.237302780151367,0.19593092799186707,0.4856770833333329,0.17347097396850586,0.5707818930041147
97,1.0895264148712158,-0.004170205909758806,0.005686521530151367,7.147480487823486,0.11969512701034546,0.4856770833333329,0.1736568808555603,0.57037037037037
98,1.0776643753051758,-0.004314385820180178,0.005437895655632019,7.32232141494751,0.18617473542690277,0.6158854166666666,0.17351163923740387,0.57037037037037
99,1.0889226198196411,-0.003995847422629595,0.005486428737640381,7.280123710632324,0.18679583072662354,0.6158854166666666,0.17351163923740387,0.57037037037037
100,1.0256141424179077,-0.004321230575442314,0.005795836448669434,7.216102123260498,0.1677584946155548,0.5638020833333329,0.17387832701206207,0.5699588477366252
101,1.0747523307800293,-0.003958298824727535,0.0056388527154922485,7.239753723144531,0.1502859741449356,0.5117187499999998,0.1735522449016571,0.57037037037037
102,1.1519343852996826,-0.005028070881962776,0.005703762173652649,7.228935241699219,0.1752866953611374,0.5507812499999998,0.1735522598028183,0.57037037037037
103,1.0864938497543335,-0.004060294479131699,0.00514829158782959,7.440227508544922,0.15462946891784668,0.5963541666666666,0.1735522598028183,0.57037037037037
104,1.1344258785247803,-0.004833783954381943,0.005597978830337524,7.252028465270996,0.1370302140712738,0.5247395833333329,0.1735522598028183,0.57037037037037
105,1.0386220216751099,-0.004935895092785358,0.005959317088127136,7.162764549255371,0.2197137326002121,0.6028645833333329,0.1735522598028183,0.57037037037037
106,1.1476638317108154,-0.004010310862213373,0.005873516201972961,7.093818187713623,0.19222348928451538,0.6354166666666666,0.1735522598028183,0.57037037037037
107,1.0727039575576782,-0.0044823577627539635,0.005816072225570679,7.26299524307251,0.20843267440795898,0.5898437499999998,0.1735522598028183,0.57037037037037
108,1.057413101196289,-0.004667065106332302,0.005619809031486511,7.369604110717773,0.14004267752170563,0.4921874999999998,0.1735522598028183,0.57037037037037
109,1.0265086889266968,-0.004767152015119791,0.0053787678480148315,7.345839500427246,0.1718868762254715,0.6809895833333329,0.1735522598028183,0.57037037037037
110,0.9487141966819763,-0.005304575897753239,0.005894899368286133,7.149554252624512,0.16965657472610474,0.5638020833333329,0.1735522598028183,0.57037037037037
111,1.0401896238327026,-0.0053534493781626225,0.0060121119022369385,7.206831932067871,0.15348267555236816,0.5442708333333329,0.1735522598028183,0.57037037037037
112,1.141982078552246,-0.005185738671571016,0.005561158061027527,7.428086280822754,0.13409003615379333,0.6354166666666666,0.1735522598028183,0.57037037037037
113,1.123942494392395,-0.005164375063031912,0.0057336390018463135,7.205644130706787,0.16152897477149963,0.5247395833333329,0.1735522598028183,0.57037037037037
114,1.0970288515090942,-0.005437649320811033,0.0060747116804122925,7.261177062988281,0.14850741624832153,0.4921874999999998,0.1735522598028183,0.57037037037037
115,0.9686725735664368,-0.005273739341646433,0.006261199712753296,7.215934753417969,0.17006073892116547,0.5572916666666666,0.1735522598028183,0.57037037037037
116,1.0465420484542847,-0.0051492261700332165,0.006055012345314026,7.294396877288818,0.21695202589035034,0.5052083333333329,0.1735522598028183,0.57037037037037
117,1.0365129709243774,-0.004803251475095749,0.005907461047172546,7.3889689445495605,0.21628426015377045,0.5312499999999998,0.1735522598028183,0.57037037037037
118,1.064151644706726,-0.005562171805649996,0.006205439567565918,7.226560115814209,0.15524157881736755,0.5703124999999998,0.1735522598028183,0.57037037037037
119,1.012758493423462,-0.0052392492070794106,0.0059939175844192505,7.3891401290893555,0.2070465385913849,0.6158854166666666,0.1735522598028183,0.57037037037037
120,1.0467519760131836,-0.005115330684930086,0.0060979872941970825,7.223954200744629,0.15169566869735718,0.5833333333333329,0.1735522598028183,0.57037037037037
121,1.19540536403656,-0.004772641696035862,0.005914419889450073,7.321201801300049,0.20907163619995117,0.6158854166666666,0.1735522598028183,0.57037037037037
122,1.1172797679901123,-0.00529075600206852,0.005706086754798889,7.4672980308532715,0.10874076187610626,0.6354166666666666,0.1735522598028183,0.57037037037037
123,1.0026328563690186,-0.005442700814455748,0.00607733428478241,7.276965141296387,0.1868649274110794,0.5247395833333329,0.1735522598028183,0.57037037037037
124,1.0511326789855957,-0.0052957553416490555,0.005851089954376221,7.262261390686035,0.14797009527683258,0.5572916666666666,0.1735522598028183,0.57037037037037
125,1.057592749595642,-0.005824217107146978,0.006255686283111572,7.161028861999512,0.22078722715377808,0.6093749999999998,0.1735522598028183,0.57037037037037
126,1.0650091171264648,-0.005622656084597111,0.006004706025123596,7.276336669921875,0.21724289655685425,0.5247395833333329,0.1735522598028183,0.57037037037037
127,1.0310722589492798,-0.0057453555054962635,0.0061829835176467896,7.161722660064697,0.11989635974168777,0.49869791666666663,0.1735522598028183,0.57037037037037
128,1.0399658679962158,-0.005490335635840893,0.0059992969036102295,7.368520259857178,0.1859186887741089,0.6419270833333329,0.1735522598028183,0.57037037037037
129,1.1144026517868042,-0.005463288631290197,0.006088346242904663,7.273769855499268,0.1628861427307129,0.6158854166666666,0.1735522598028183,0.57037037037037
130,1.022809624671936,-0.005340340547263622,0.006052494049072266,7.373538017272949,0.1535731703042984,0.5768229166666666,0.1735522598028183,0.57037037037037
131,1.0432944297790527,-0.005815725773572922,0.006354793906211853,7.273455619812012,0.17699308693408966,0.5052083333333329,0.1735522598028183,0.57037037037037
132,1.1500576734542847,-0.005640143994241953,0.006203815340995789,7.337308883666992,0.18645648658275604,0.5572916666666666,0.1735522598028183,0.57037037037037
133,1.1105623245239258,-0.005512109957635403,0.006003618240356445,7.362595558166504,0.15999093651771545,0.5963541666666666,0.1735522598028183,0.57037037037037
134,0.9389262199401855,-0.005774240009486675,0.00627860426902771,7.246645927429199,0.1905658096075058,0.6028645833333329,0.1735522598028183,0.57037037037037
135,1.0776394605636597,-0.005545961204916239,0.006042048335075378,7.340242862701416,0.13432595133781433,0.6614583333333329,0.1735522598028183,0.57037037037037
136,1.0732630491256714,-0.005917253904044628,0.006221383810043335,7.329522132873535,0.17723077535629272,0.5377604166666666,0.17346511781215668,0.57037037037037
137,0.9624473452568054,-0.005022040102630854,0.006204351782798767,7.155771732330322,0.22076958417892456,0.5898437499999998,0.1735522598028183,0.57037037037037
138,1.055068850517273,-0.005779280327260494,0.006314575672149658,7.198999881744385,0.21869821846485138,0.45963541666666663,0.1735522449016571,0.57037037037037
139,1.0008069276809692,-0.0057922666892409325,0.006256014108657837,7.325371742248535,0.12693536281585693,0.6549479166666666,0.1735522598028183,0.57037037037037
140,1.028525471687317,-0.005533268675208092,0.005991891026496887,7.206439971923828,0.1357639580965042,0.6028645833333329,0.1735522598028183,0.57037037037037
141,1.0578011274337769,-0.006048288196325302,0.0067456066608428955,7.138852596282959,0.17772552371025085,0.4921874999999998,0.1735522598028183,0.57037037037037
142,1.1375017166137695,-0.005614597350358963,0.006201311945915222,7.353521347045898,0.16370315849781036,0.4661458333333329,0.1735522598028183,0.57037037037037
143,1.0185474157333374,-0.005725819617509842,0.006072595715522766,7.349735260009766,0.15790878236293793,0.5703124999999998,0.1735522598028183,0.57037037037037
144,0.992283046245575,-0.005849050357937813,0.006121233105659485,7.349880695343018,0.19974705576896667,0.5507812499999998,0.1735522449016571,0.57037037037037
145,1.0510270595550537,-0.005323774181306362,0.006207525730133057,7.2924652099609375,0.13346073031425476,0.5898437499999998,0.1735522598028183,0.57037037037037
146,1.0357900857925415,-0.006008058786392212,0.00637604296207428,7.174633026123047,0.1693113148212433,0.49869791666666663,0.1735522598028183,0.57037037037037
147,1.2028387784957886,-0.00589554850012064,0.006471589207649231,7.136547088623047,0.1281726360321045,0.5182291666666666,0.1735522598028183,0.57037037037037
148,1.1480488777160645,-0.005901944357901812,0.0063156187534332275,7.202598571777344,0.1116928905248642,0.5247395833333329,0.1735522598028183,0.57037037037037
149,1.0123145580291748,-0.006038790103048086,0.006343573331832886,7.30507755279541,0.15405189990997314,0.5507812499999998,0.1735522598028183,0.57037037037037
150,1.0004615783691406,-0.005476366728544235,0.006302639842033386,7.273905277252197,0.15447911620140076,0.6028645833333329,0.1735522598028183,0.57037037037037
151,0.9797795414924622,-0.005814139265567064,0.006211310625076294,7.418336391448975,0.1983201503753662,0.5312499999999998,0.1735522598028183,0.57037037037037
152,1.1024175882339478,-0.005975412204861641,0.00644955039024353,7.326888084411621,0.21573171019554138,0.5963541666666666,0.1735522598028183,0.57037037037037
153,0.9564559459686279,-0.005760742351412773,0.006110683083534241,7.438028812408447,0.17767368257045746,0.5507812499999998,0.1735522598028183,0.57037037037037
154,0.9970669150352478,-0.005875484086573124,0.00619584321975708,7.231321334838867,0.16488797962665558,0.5638020833333329,0.17360453307628632,0.57037037037037
155,0.9619621634483337,-0.005107993725687265,0.00595448911190033,7.418281555175781,0.14749416708946228,0.5507812499999998,0.1735522449016571,0.57037037037037
156,0.9388297200202942,-0.005691045895218849,0.005963444709777832,7.222920894622803,0.1119040995836258,0.6354166666666666,0.1735522449016571,0.57037037037037
157,1.1041091680526733,-0.005037793889641762,0.006028264760971069,7.446127891540527,0.1550169587135315,0.5377604166666666,0.1735522449016571,0.57037037037037
158,1.0291002988815308,-0.005772131495177746,0.0062142014503479,7.3230109214782715,0.096512570977211,0.5247395833333329,0.1735522449016571,0.57037037037037
159,1.1284416913986206,-0.005914546083658934,0.006247088313102722,7.388689994812012,0.16299572587013245,0.5703124999999998,0.1735522449016571,0.57037037037037
160,1.1392637491226196,-0.005856393836438656,0.006294429302215576,7.360054969787598,0.19562049210071564,0.5768229166666666,0.1735522449016571,0.57037037037037
161,1.0801304578781128,-0.0054743001237511635,0.005994275212287903,7.432779788970947,0.12172786146402359,0.6419270833333329,0.1735522449016571,0.57037037037037
162,0.9896977543830872,-0.005861375946551561,0.006248801946640015,7.398733139038086,0.1489470899105072,0.5442708333333329,0.1735522449016571,0.57037037037037
163,1.066796898841858,-0.00597413070499897,0.00637836754322052,7.308243751525879,0.15845175087451935,0.5638020833333329,0.1735522449016571,0.57037037037037
164,1.072149634361267,-0.005851499270647764,0.006234556436538696,7.363509178161621,0.2369433492422104,0.5898437499999998,0.1735522449016571,0.57037037037037
165,0.9931994080543518,-0.0058815679512917995,0.006232202053070068,7.370756149291992,0.14856857061386108,0.5117187499999998,0.1735522449016571,0.57037037037037
166,1.0472633838653564,-0.005973292514681816,0.006250515580177307,7.338470458984375,0.22184407711029053,0.49869791666666663,0.1735522449016571,0.57037037037037
167,0.961320161819458,-0.00584949366748333,0.006250470876693726,7.336559295654297,0.1858990639448166,0.5703124999999998,0.1735522449016571,0.57037037037037
168,1.032691240310669,-0.005979284644126892,0.006388470530509949,7.467381954193115,0.19599595665931702,0.5572916666666666,0.1735522449016571,0.57037037037037
169,1.0279581546783447,-0.006105469539761543,0.006584659218788147,7.263439178466797,0.21972525119781494,0.5442708333333329,0.1735522449016571,0.57037037037037
170,0.9863499402999878,-0.005796047393232584,0.006166741251945496,7.460013389587402,0.1644609272480011,0.5312499999999998,0.1735522449016571,0.57037037037037
171,1.0208559036254883,-0.00566262099891901,0.006340906023979187,7.385901927947998,0.18694952130317688,0.4921874999999998,0.1735522449016571,0.57037037037037
172,0.999442458152771,-0.006254709791392088,0.006628051400184631,7.261897087097168,0.1676158607006073,0.5833333333333329,0.1735522449016571,0.57037037037037
173,1.0535341501235962,-0.005572016350924969,0.006236359477043152,7.323307514190674,0.17280995845794678,0.5377604166666666,0.1735522449016571,0.57037037037037
174,1.0725616216659546,-0.005315559450536966,0.006034106016159058,7.4705810546875,0.16455696523189545,0.5898437499999998,0.1735522449016571,0.57037037037037
175,0.9832045435905457,-0.005929404869675636,0.006406918168067932,7.258851051330566,0.12251713126897812,0.5312499999999998,0.1735522449016571,0.57037037037037
176,1.079599380493164,-0.005799074657261372,0.00612051784992218,7.383864879608154,0.14069296419620514,0.6354166666666666,0.1735522449016571,0.57037037037037
177,1.094607949256897,-0.005784730892628431,0.00625002384185791,7.417457103729248,0.1569281965494156,0.5312499999999998,0.1735522449016571,0.57037037037037
178,0.8897240161895752,-0.00620197644457221,0.006561875343322754,7.417962074279785,0.14581844210624695,0.4661458333333329,0.1734999567270279,0.57037037037037
179,1.0289936065673828,-0.006032369565218687,0.006595417857170105,7.270078182220459,0.1808685064315796,0.5572916666666666,0.1735522449016571,0.57037037037037
180,1.1217694282531738,-0.005857334937900305,0.006302639842033386,7.411404132843018,0.17453280091285706,0.5572916666666666,0.1735522449016571,0.57037037037037
181,1.0892467498779297,-0.005661447532474995,0.006462767720222473,7.372455596923828,0.16027027368545532,0.4921874999999998,0.1735522449016571,0.57037037037037
182,1.131136417388916,-0.006218485068529844,0.006544351577758789,7.372926235198975,0.19778086245059967,0.5898437499999998,0.1735522449016571,0.57037037037037
183,1.1154717206954956,-0.0052455514669418335,0.006322577595710754,7.361607074737549,0.13421472907066345,0.4856770833333329,0.1735522449016571,0.57037037037037
184,1.0867830514907837,-0.006212989799678326,0.006454989314079285,7.34721040725708,0.11522472649812698,0.5377604166666666,0.1735522449016571,0.57037037037037
185,1.0257552862167358,-0.006222889292985201,0.006662905216217041,7.272721767425537,0.13630588352680206,0.5377604166666666,0.1735522449016571,0.57037037037037
186,1.0839977264404297,-0.005737449042499065,0.006162211298942566,7.540194034576416,0.1836169958114624,0.6614583333333329,0.1735522449016571,0.57037037037037
187,1.0766074657440186,-0.0064405156299471855,0.006719872355461121,7.307148456573486,0.19384543597698212,0.5768229166666666,0.1735522449016571,0.57037037037037
188,1.0542796850204468,-0.0063666668720543385,0.006655529141426086,7.372106075286865,0.18413370847702026,0.6158854166666666,0.1735522449016571,0.57037037037037
189,1.1057409048080444,-0.006027398630976677,0.006429716944694519,7.3351850509643555,0.1688164919614792,0.5703124999999998,0.1735522449016571,0.57037037037037
190,1.088592767715454,-0.006034795194864273,0.006391599774360657,7.469706058502197,0.15224143862724304,0.5442708333333329,0.1735522449016571,0.57037037037037
191,1.0299192667007446,-0.006179600954055786,0.006733432412147522,7.392271995544434,0.21574316918849945,0.49869791666666663,0.1735522449016571,0.57037037037037
192,0.9694260954856873,-0.0064862738363444805,0.006760910153388977,7.242486000061035,0.13899575173854828,0.5768229166666666,0.1735522449016571,0.57037037037037
193,1.0715916156768799,-0.006067634094506502,0.006468355655670166,7.502132415771484,0.13663247227668762,0.6093749999999998,0.1735522449016571,0.57037037037037
194,0.9652146697044373,-0.006386629305779934,0.0066843777894973755,7.3230109214782715,0.13723628222942352,0.5833333333333329,0.1735522449016571,0.57037037037037
195,1.1173136234283447,-0.005955191794782877,0.006330162286758423,7.448541164398193,0.17009131610393524,0.6614583333333329,0.1735522449016571,0.57037037037037
196,1.0943987369537354,-0.006118169520050287,0.006564036011695862,7.345356464385986,0.18035857379436493,0.5572916666666666,0.1735522449016571,0.57037037037037
197,1.0967676639556885,-0.006459427066147327,0.006884947419166565,7.3852858543396,0.1554214507341385,0.4856770833333329,0.1735522449016571,0.57037037037037
198,1.0525875091552734,-0.00653070630505681,0.006901800632476807,7.300655841827393,0.17358924448490143,0.6484374999999998,0.1735522449016571,0.57037037037037
199,1.0611653327941895,-0.00566575163975358,0.006422668695449829,7.341885089874268,0.20907974243164062,0.5507812499999998,0.1735522449016571,0.57037037037037
200,1.1117008924484253,-0.006641027983278036,0.006987810134887695,7.251981258392334,0.15522827208042145,0.5638020833333329,0.1735522449016571,0.57037037037037
201,1.0034716129302979,-0.0059839701279997826,0.006382554769515991,7.4743499755859375,0.17736586928367615,0.5377604166666666,0.1735522449016571,0.57037037037037
202,1.0407696962356567,-0.006386562716215849,0.006690159440040588,7.362267971038818,0.19834981858730316,0.5833333333333329,0.1735522449016571,0.57037037037037
203,1.0758368968963623,-0.0063924784772098064,0.0067383646965026855,7.43742036819458,0.09922393411397934,0.5898437499999998,0.1735522449016571,0.57037037037037
204,1.06149160861969,-0.006437701638787985,0.006804183125495911,7.290761947631836,0.19830088317394257,0.5833333333333329,0.1735522449016571,0.57037037037037
205,1.1250872611999512,-0.006253052968531847,0.006480976939201355,7.3836822509765625,0.16425952315330505,0.5963541666666666,0.1735522449016571,0.57037037037037
206,1.070518136024475,-0.00627522636204958,0.006552472710609436,7.325040817260742,0.14297690987586975,0.6354166666666666,0.1735522449016571,0.57037037037037
207,1.072638750076294,-0.006215292029082775,0.006561875343322754,7.464162826538086,0.09178659319877625,0.5703124999999998,0.1735522449016571,0.57037037037037
208,1.1467375755310059,-0.00615284126251936,0.006594464182853699,7.4572906494140625,0.13311909139156342,0.5052083333333329,0.1735522449016571,0.57037037037037
209,1.0380979776382446,-0.006225033663213253,0.006991952657699585,7.334370136260986,0.2344256192445755,0.5638020833333329,0.1735522449016571,0.57037037037037
210,1.0553719997406006,-0.006244838237762451,0.00661042332649231,7.410664081573486,0.11274509131908417,0.6614583333333329,0.1735522449016571,0.57037037037037
211,1.1570053100585938,-0.006679631303995848,0.007091626524925232,7.38060998916626,0.18663668632507324,0.6354166666666666,0.1735522449016571,0.57037037037037
212,1.2159758806228638,-0.0064494796097278595,0.006818726658821106,7.334676742553711,0.10710006207227707,0.5768229166666666,0.1735522449016571,0.57037037037037
213,1.0066903829574585,-0.006462401710450649,0.006729841232299805,7.432747840881348,0.14204972982406616,0.5638020833333329,0.1735522449016571,0.57037037037037
214,1.0854249000549316,-0.006456049159169197,0.0067480504512786865,7.447859764099121,0.17725229263305664,0.5898437499999998,0.1735522449016571,0.57037037037037
215,1.0264259576797485,-0.005336918402463198,0.00652177631855011,7.548915863037109,0.1781577467918396,0.5963541666666666,0.1735522449016571,0.57037037037037
216,1.05972158908844,-0.006582309026271105,0.006950780749320984,7.449246883392334,0.20234312117099762,0.5247395833333329,0.1735522449016571,0.57037037037037
217,1.0254137516021729,-0.006548653822392225,0.007088974118232727,7.328777313232422,0.1807972639799118,0.6354166666666666,0.1735522449016571,0.57037037037037
218,1.0613272190093994,-0.006541356444358826,0.006940186023712158,7.351047992706299,0.14894182980060577,0.4856770833333329,0.1735522449016571,0.57037037037037
219,0.9893569946289062,-0.006369150709360838,0.006672665476799011,7.4754438400268555,0.21341665089130402,0.5703124999999998,0.17360453307628632,0.57037037037037
220,0.9637666344642639,-0.006229499354958534,0.006614059209823608,7.4698920249938965,0.15318429470062256,0.5182291666666666,0.1735522449016571,0.57037037037037
221,1.0719088315963745,-0.006251905579119921,0.0065156519412994385,7.535816669464111,0.1366109699010849,0.5442708333333329,0.1735522449016571,0.57037037037037
222,1.0250338315963745,-0.006427236832678318,0.006811007857322693,7.462395668029785,0.12172695249319077,0.5052083333333329,0.1735522449016571,0.57037037037037
223,1.1958855390548706,-0.005887432023882866,0.006495267152786255,7.548018455505371,0.12660779058933258,0.6354166666666666,0.1735522449016571,0.57037037037037
224,0.9435123205184937,-0.005727481096982956,0.0068980008363723755,7.335195541381836,0.1820770800113678,0.6289062499999998,0.1735522449016571,0.57037037037037
225,1.1054184436798096,-0.006846062373369932,0.007199451327323914,7.288381576538086,0.20278500020503998,0.49869791666666663,0.1735522449016571,0.57037037037037
226,1.0414659976959229,-0.006133634131401777,0.006514623761177063,7.633389949798584,0.19634857773780823,0.6419270833333329,0.1735522449016571,0.57037037037037
227,1.0287998914718628,-0.0059946682304143906,0.006847873330116272,7.400792598724365,0.19608187675476074,0.6093749999999998,0.1735522449016571,0.57037037037037
228,1.1331977844238281,-0.00584404356777668,0.0066009461879730225,7.587961673736572,0.12553220987319946,0.5377604166666666,0.1735522449016571,0.57037037037037
229,0.9650091528892517,-0.006346938665956259,0.006654903292655945,7.373043060302734,0.15221291780471802,0.5768229166666666,0.1735522449016571,0.57037037037037
230,1.0385684967041016,-0.005989506375044584,0.006827101111412048,7.485171318054199,0.09774132072925568,0.5377604166666666,0.1735522449016571,0.57037037037037
231,1.057573676109314,-0.006399387493729591,0.007063940167427063,7.319556713104248,0.17644208669662476,0.6223958333333329,0.1735522449016571,0.57037037037037
232,0.9689673781394958,-0.006060078274458647,0.006701141595840454,7.6542510986328125,0.14913058280944824,0.5768229166666666,0.1735522449016571,0.57037037037037
233,0.9517304301261902,-0.006370234303176403,0.007036149501800537,7.445413112640381,0.16286377608776093,0.4726562499999998,0.1735522449016571,0.57037037037037
234,0.9874868392944336,-0.006735826842486858,0.007173508405685425,7.436962127685547,0.176767498254776,0.4921874999999998,0.1735522449016571,0.57037037037037
235,1.0195637941360474,-0.006453501991927624,0.007124811410903931,7.413382530212402,0.22618669271469116,0.5247395833333329,0.1735522449016571,0.57037037037037
236,1.0148547887802124,-0.006330827251076698,0.006928145885467529,7.4177093505859375,0.17847655713558197,0.4921874999999998,0.1735522449016571,0.57037037037037
237,0.9637853503227234,-0.006356126628816128,0.007010534405708313,7.370153427124023,0.18219847977161407,0.5833333333333329,0.1735522449016571,0.57037037037037
238,0.9574341773986816,-0.006540646310895681,0.007007136940956116,7.445899963378906,0.1609782725572586,0.5638020833333329,0.1735522449016571,0.57037037037037
239,0.9714746475219727,-0.006662893574684858,0.006890997290611267,7.513476371765137,0.13900476694107056,0.6289062499999998,0.1735522449016571,0.57037037037037
240,1.148463249206543,-0.006614053156226873,0.00701490044593811,7.497405052185059,0.15700365602970123,0.6158854166666666,0.1735522449016571,0.57037037037037
241,1.0852251052856445,-0.006579947657883167,0.007417753338813782,7.292794227600098,0.17630691826343536,0.5572916666666666,0.1735522449016571,0.57037037037037
242,1.024550437927246,-0.0058357371017336845,0.007136136293411255,7.461644649505615,0.177756205201149,0.5442708333333329,0.1735522449016571,0.57037037037037
243,1.1081944704055786,-0.006120733451098204,0.00733242928981781,7.329573631286621,0.10847695171833038,0.5963541666666666,0.1735522449016571,0.57037037037037
244,1.0107090473175049,-0.006582427769899368,0.0073812901973724365,7.471670150756836,0.225416898727417,0.6289062499999998,0.1735522449016571,0.57037037037037
245,1.073739767074585,-0.006866787560284138,0.0072227418422698975,7.383603572845459,0.150636687874794,0.6028645833333329,0.1735522449016571,0.57037037037037
246,0.9581395387649536,-0.007094026077538729,0.007356807589530945,7.316452980041504,0.14326292276382446,0.5638020833333329,0.1735522449016571,0.57037037037037
247,1.0789092779159546,-0.006653839722275734,0.006950512528419495,7.486426830291748,0.17783664166927338,0.6354166666666666,0.1735522449016571,0.57037037037037
248,1.1239179372787476,-0.006645620334893465,0.006933271884918213,7.522469520568848,0.13765770196914673,0.6419270833333329,0.1735522449016571,0.57037037037037
249,1.1408240795135498,-0.00694630853831768,0.007584571838378906,7.192047119140625,0.18907535076141357,0.6093749999999998,0.1735522449016571,0.57037037037037
250,0.9536119103431702,-0.0063067227602005005,0.006884187459945679,7.541422367095947,0.16639955341815948,0.5768229166666666,0.1735522449016571,0.57037037037037
251,1.0153374671936035,-0.006326501257717609,0.007519319653511047,7.330874443054199,0.15999183058738708,0.5638020833333329,0.1735522449016571,0.57037037037037
252,1.1541485786437988,-0.006516481749713421,0.007452160120010376,7.333664894104004,0.16626809537410736,0.49869791666666663,0.1735522449016571,0.57037037037037
253,1.0797271728515625,-0.006851027719676495,0.007261797785758972,7.506202220916748,0.1735875904560089,0.5312499999999998,0.1735522449016571,0.57037037037037
254,0.9536682963371277,-0.007155561354011297,0.007517099380493164,7.424427509307861,0.16822093725204468,0.6354166666666666,0.1735522449016571,0.57037037037037
255,0.9565363526344299,-0.006897933781147003,0.007250756025314331,7.528948783874512,0.15197831392288208,0.5898437499999998,0.1735522449016571,0.57037037037037
256,1.0856616497039795,-0.006423505954444408,0.00695076584815979,7.571933746337891,0.12751169502735138,0.6614583333333329,0.1735522449016571,0.57037037037037
257,1.1183278560638428,-0.007170883473008871,0.007534638047218323,7.417376518249512,0.12839636206626892,0.5247395833333329,0.1735522449016571,0.57037037037037
258,1.162050724029541,-0.0067305113188922405,0.007609635591506958,7.289193153381348,0.1625952422618866,0.5052083333333329,0.1735522449016571,0.57037037037037
259,1.0176893472671509,-0.006808600388467312,0.007084667682647705,7.492290496826172,0.16804978251457214,0.6614583333333329,0.1735522449016571,0.57037037037037
260,0.9886770844459534,-0.007165286224335432,0.007557377219200134,7.3333916664123535,0.16609521210193634,0.5898437499999998,0.1735522449016571,0.57037037037037
261,0.9727950096130371,-0.0072302562184631824,0.007569253444671631,7.4263834953308105,0.1944732367992401,0.5898437499999998,0.1735522449016571,0.57037037037037
262,1.0467199087142944,-0.006799109745770693,0.007459506392478943,7.471181869506836,0.19002984464168549,0.5507812499999998,0.1735522449016571,0.57037037037037
263,1.0188655853271484,-0.006364970467984676,0.007402554154396057,7.4604010581970215,0.1806521713733673,0.5182291666666666,0.1735522449016571,0.57037037037037
264,1.0340967178344727,-0.00727574760094285,0.00763915479183197,7.4610114097595215,0.18196094036102295,0.4921874999999998,0.1735522449016571,0.57037037037037
265,1.1127560138702393,-0.0071869404055178165,0.0074790120124816895,7.459427833557129,0.1293494999408722,0.5833333333333329,0.1735522449016571,0.57037037037037
266,1.2039095163345337,-0.007272913586348295,0.007733047008514404,7.372252464294434,0.1646987795829773,0.5377604166666666,0.1735522449016571,0.57037037037037
267,1.1084119081497192,-0.006714002229273319,0.007311195135116577,7.433741092681885,0.18821246922016144,0.49869791666666663,0.1735522449016571,0.57037037037037
268,0.9499701857566833,-0.006489789113402367,0.0070358216762542725,7.707018852233887,0.09260837733745575,0.6614583333333329,0.1735522449016571,0.57037037037037
269,1.119858980178833,-0.007040565833449364,0.007424846291542053,7.521941184997559,0.1653062105178833,0.5768229166666666,0.1735522449016571,0.57037037037037
270,1.18840491771698,-0.007234584540128708,0.007595911622047424,7.461421966552734,0.11489316821098328,0.5312499999999998,0.1735522449016571,0.57037037037037
271,1.0012654066085815,-0.006936534307897091,0.007462203502655029,7.423361778259277,0.15606623888015747,0.6093749999999998,0.1735522449016571,0.57037037037037
272,1.1079344749450684,-0.006940722465515137,0.007597178220748901,7.426866054534912,0.11377868056297302,0.5703124999999998,0.1735522449016571,0.57037037037037
273,1.0751591920852661,-0.0071319593116641045,0.007558614015579224,7.401282787322998,0.16832159459590912,0.6158854166666666,0.1735522449016571,0.57037037037037
274,0.9712710976600647,-0.007017640862613916,0.0075120627880096436,7.42553186416626,0.18323394656181335,0.5768229166666666,0.1735522449016571,0.57037037037037
275,0.9745975136756897,-0.007198802195489407,0.0076217204332351685,7.351656913757324,0.1303011178970337,0.5963541666666666,0.1735522449016571,0.57037037037037
276,1.1093344688415527,-0.007034615147858858,0.007381141185760498,7.515578746795654,0.17321114242076874,0.6093749999999998,0.1735522449016571,0.57037037037037
277,1.0501412153244019,-0.006771816406399012,0.0074491947889328,7.487542629241943,0.19050483405590057,0.5703124999999998,0.17346510291099548,0.57037037037037
278,0.9637651443481445,-0.007047182880342007,0.007706776261329651,7.395627498626709,0.13918693363666534,0.5638020833333329,0.1735522449016571,0.57037037037037
279,1.1529929637908936,-0.007275554817169905,0.007975459098815918,7.265809535980225,0.19523516297340393,0.6354166666666666,0.1735522449016571,0.57037037037037
280,1.0620213747024536,-0.006937307771295309,0.007346943020820618,7.56835412979126,0.16019760072231293,0.6093749999999998,0.1735522449016571,0.57037037037037
281,1.1136683225631714,-0.006463942117989063,0.0076296329498291016,7.471262454986572,0.1679430603981018,0.5703124999999998,0.1735522449016571,0.57037037037037
282,1.0356861352920532,-0.0058082095347344875,0.007622390985488892,7.503756523132324,0.1324024498462677,0.5377604166666666,0.1735522449016571,0.57037037037037
283,1.1354025602340698,-0.007072261068969965,0.007582232356071472,7.491415023803711,0.19005483388900757,0.6549479166666666,0.1735522449016571,0.57037037037037
284,1.1604558229446411,-0.0069172256626188755,0.00752103328704834,7.431333065032959,0.139509379863739,0.6484374999999998,0.1735522449016571,0.57037037037037
285,1.1633530855178833,-0.007647756952792406,0.007962524890899658,7.484189510345459,0.14331506192684174,0.5768229166666666,0.1735522449016571,0.57037037037037
286,1.020739197731018,-0.007076773792505264,0.007766261696815491,7.51416015625,0.18628506362438202,0.5638020833333329,0.1735522449016571,0.57037037037037
287,1.044020175933838,-0.006758850999176502,0.0074388086795806885,7.530292987823486,0.17361922562122345,0.5833333333333329,0.1735522449016571,0.57037037037037
288,1.0031365156173706,-0.007079941686242819,0.007992103695869446,7.317605018615723,0.11379711329936981,0.5638020833333329,0.1735522449016571,0.57037037037037
289,1.020674228668213,-0.00755999144166708,0.007892832159996033,7.413797855377197,0.17936788499355316,0.6484374999999998,0.1735522449016571,0.57037037037037
290,1.0463297367095947,-0.007163937669247389,0.007674694061279297,7.494952201843262,0.13222678005695343,0.5898437499999998,0.1735522449016571,0.57037037037037
291,1.0157618522644043,-0.007474742829799652,0.00789642333984375,7.467134952545166,0.229106605052948,0.6093749999999998,0.1735522449016571,0.57037037037037
292,1.021558165550232,-0.007481397595256567,0.007954567670822144,7.4569315910339355,0.1364791840314865,0.5768229166666666,0.1735522449016571,0.57037037037037
293,1.0342390537261963,-0.007001840975135565,0.007754012942314148,7.609465599060059,0.19744369387626648,0.5638020833333329,0.1735522449016571,0.57037037037037
294,1.164013147354126,-0.006518376525491476,0.007780060172080994,7.470112323760986,0.19952800869941711,0.5703124999999998,0.1735522449016571,0.57037037037037
295,1.0614805221557617,-0.006373151205480099,0.00805598497390747,7.482566833496094,0.16738960146903992,0.6028645833333329,0.1735522449016571,0.57037037037037
296,1.0594121217727661,-0.006783385761082172,0.007778361439704895,7.504180908203125,0.15547078847885132,0.5182291666666666,0.1735522449016571,0.57037037037037
297,1.0765190124511719,-0.007454029284417629,0.007905051112174988,7.392208576202393,0.20202860236167908,0.5182291666666666,0.1735522449016571,0.57037037037037
298,1.1316730976104736,-0.0073730177246034145,0.007754847407341003,7.545073509216309,0.13558785617351532,0.6223958333333329,0.1735522449016571,0.57037037037037
299,0.9460480809211731,-0.0076219611801207066,0.007886901497840881,7.518229007720947,0.2145698517560959,0.5247395833333329,0.1735522449016571,0.57037037037037
300,1.0088752508163452,-0.0072432151064276695,0.0075972676277160645,7.520036220550537,0.12977945804595947,0.6614583333333329,0.1735522449016571,0.57037037037037
301,0.9891577959060669,-0.007571149151772261,0.008004382252693176,7.394469738006592,0.1781582534313202,0.5312499999999998,0.1735522449016571,0.57037037037037
302,0.9675289392471313,-0.007407080847769976,0.007833704352378845,7.451690673828125,0.15864692628383636,0.5507812499999998,0.1735522449016571,0.57037037037037
303,0.9796642065048218,-0.007329175248742104,0.007852837443351746,7.488605499267578,0.15527798235416412,0.6484374999999998,0.1735522449016571,0.57037037037037
304,0.9968922138214111,-0.007389534264802933,0.007713019847869873,7.609762191772461,0.16276013851165771,0.5898437499999998,0.1735522449016571,0.57037037037037
305,1.017677664756775,-0.00769383180886507,0.008356064558029175,7.411855697631836,0.23258662223815918,0.5247395833333329,0.1735522449016571,0.57037037037037
306,1.0848768949508667,-0.006764324381947517,0.007727593183517456,7.580881595611572,0.14006125926971436,0.5703124999999998,0.1735522449016571,0.57037037037037
307,1.0341330766677856,-0.007207401096820831,0.007647648453712463,7.527108192443848,0.15200382471084595,0.5507812499999998,0.1735522449016571,0.57037037037037
308,1.003983497619629,-0.007499308325350285,0.008194416761398315,7.297089576721191,0.13034291565418243,0.6028645833333329,0.1735522449016571,0.57037037037037
309,1.0590786933898926,-0.007478144019842148,0.008026465773582458,7.462850570678711,0.16143976151943207,0.5898437499999998,0.1735522449016571,0.57037037037037
310,0.9746270775794983,-0.007273140829056501,0.007962167263031006,7.480498790740967,0.15109819173812866,0.5768229166666666,0.1735522449016571,0.57037037037037
311,1.001175880432129,-0.007421617396175861,0.007974624633789062,7.486429691314697,0.20184968411922455,0.5442708333333329,0.1735522449016571,0.57037037037037
312,1.0436501502990723,-0.0072091249749064445,0.008043929934501648,7.577300071716309,0.21942105889320374,0.5638020833333329,0.1735522449016571,0.57037037037037
313,0.9422279596328735,-0.007546252105385065,0.007896199822425842,7.523667812347412,0.13862024247646332,0.5963541666666666,0.1735522449016571,0.57037037037037
314,0.9018004536628723,-0.007760266773402691,0.008130043745040894,7.4330291748046875,0.18935957551002502,0.5638020833333329,0.1735522449016571,0.57037037037037
315,1.1484856605529785,-0.007679141592234373,0.008080914616584778,7.487346649169922,0.16806386411190033,0.5312499999999998,0.1735522449016571,0.57037037037037
316,1.0204906463623047,-0.00781134981662035,0.008104369044303894,7.498071193695068,0.17876821756362915,0.5572916666666666,0.1735522449016571,0.57037037037037
317,1.0021722316741943,-0.007738892920315266,0.008103325963020325,7.40654993057251,0.1994909942150116,0.5442708333333329,0.1735522449016571,0.57037037037037
318,1.0944137573242188,-0.007743032183498144,0.00811527669429779,7.3688178062438965,0.1523151844739914,0.5768229166666666,0.1735522449016571,0.57037037037037
319,1.010450005531311,-0.006993566639721394,0.008221939206123352,7.446351528167725,0.1424979716539383,0.5703124999999998,0.1735522449016571,0.57037037037037
320,0.970639705657959,-0.007080636918544769,0.007751151919364929,7.513822078704834,0.17400652170181274,0.6549479166666666,0.1735522449016571,0.57037037037037
321,1.0050928592681885,-0.00721020670607686,0.008131831884384155,7.517213344573975,0.194449320435524,0.6289062499999998,0.1735522449016571,0.57037037037037
322,1.1209837198257446,-0.007780376356095076,0.008215919137001038,7.408932209014893,0.1772332638502121,0.5768229166666666,0.1735522449016571,0.57037037037037
323,1.1243788003921509,-0.006888656876981258,0.007813960313796997,7.6353607177734375,0.18064537644386292,0.5833333333333329,0.1735522449016571,0.57037037037037
324,1.0091886520385742,-0.00728894118219614,0.007892072200775146,7.5308146476745605,0.16970176994800568,0.6354166666666666,0.1735522449016571,0.57037037037037
325,1.0793323516845703,-0.007682834751904011,0.008194699883460999,7.406621932983398,0.1675315946340561,0.5898437499999998,0.1735522449016571,0.57037037037037
326,1.0268208980560303,-0.0077959285117685795,0.008374735713005066,7.40646505355835,0.1371673345565796,0.6679687499999998,0.1735522449016571,0.57037037037037
327,0.9871335029602051,-0.007558777462691069,0.007931545376777649,7.565566062927246,0.19382967054843903,0.5507812499999998,0.1735522449016571,0.57037037037037
328,1.1269714832305908,-0.007246345281600952,0.007675603032112122,7.658027172088623,0.09127262234687805,0.5833333333333329,0.1735522449016571,0.57037037037037
329,1.0689281225204468,-0.008191882632672787,0.008668094873428345,7.296101093292236,0.1354490965604782,0.6028645833333329,0.1735522449016571,0.57037037037037
330,1.066710114479065,-0.0074942754581570625,0.008083775639533997,7.620138168334961,0.1174326166510582,0.6158854166666666,0.1735522449016571,0.57037037037037
331,1.0647759437561035,-0.007995899766683578,0.008365869522094727,7.424163818359375,0.20316481590270996,0.5703124999999998,0.1735522449016571,0.57037037037037
332,1.0079514980316162,-0.007674587890505791,0.0082264244556427,7.534159183502197,0.14140766859054565,0.5442708333333329,0.1735522449016571,0.57037037037037
333,1.124851942062378,-0.0072530172765254974,0.008000493049621582,7.619253158569336,0.2126094400882721,0.5963541666666666,0.1735522449016571,0.57037037037037
334,0.9849368333816528,-0.007417588960379362,0.008294820785522461,7.487936019897461,0.1831381916999817,0.6028645833333329,0.1735522449016571,0.57037037037037
335,0.9033457040786743,-0.007291750982403755,0.008244425058364868,7.537034511566162,0.13663895428180695,0.5638020833333329,0.1735522449016571,0.57037037037037
336,1.1014509201049805,-0.0077916583977639675,0.008265659213066101,7.53402042388916,0.14596965909004211,0.5247395833333329,0.1735522449016571,0.57037037037037
337,1.0306140184402466,-0.007533062715083361,0.008019477128982544,7.53953218460083,0.14360825717449188,0.6354166666666666,0.1735522449016571,0.57037037037037
338,1.076704978942871,-0.007619468029588461,0.007993459701538086,7.586822509765625,0.15805545449256897,0.5377604166666666,0.1735522449016571,0.57037037037037
339,1.018088698387146,-0.00800180435180664,0.00838477909564972,7.531899929046631,0.1840883195400238,0.5117187499999998,0.1735522449016571,0.57037037037037
340,1.0790754556655884,-0.007835248485207558,0.008184120059013367,7.6079936027526855,0.13541197776794434,0.6028645833333329,0.1735522449016571,0.57037037037037
341,1.0228831768035889,-0.007855776697397232,0.008254766464233398,7.511866092681885,0.18992969393730164,0.5833333333333329,0.1735522449016571,0.57037037037037
342,0.9776746034622192,-0.007126287557184696,0.008368894457817078,7.524754047393799,0.20326311886310577,0.4661458333333329,0.1735522449016571,0.57037037037037
343,1.0833699703216553,-0.007612461224198341,0.008351162075996399,7.426384925842285,0.1629984974861145,0.6354166666666666,0.1735522449016571,0.57037037037037
344,1.089398980140686,-0.007026982493698597,0.008493199944496155,7.379517555236816,0.23096148669719696,0.5117187499999998,0.1735522449016571,0.57037037037037
345,1.0552687644958496,-0.007998314686119556,0.008410975337028503,7.419210433959961,0.12913236021995544,0.6289062499999998,0.1735522449016571,0.57037037037037
346,1.0097750425338745,-0.00824685487896204,0.00857555866241455,7.384084224700928,0.17125175893306732,0.6093749999999998,0.1735522449016571,0.57037037037037
347,1.1179412603378296,-0.007193421944975853,0.007977381348609924,7.629292011260986,0.14395804703235626,0.6419270833333329,0.1735522449016571,0.57037037037037
348,0.9921473860740662,-0.007803437300026417,0.008734375238418579,7.333183288574219,0.2038787603378296,0.5377604166666666,0.1735522449016571,0.57037037037037
349,1.1130943298339844,-0.008020458742976189,0.008501797914505005,7.447840213775635,0.1905599981546402,0.5963541666666666,0.1735522449016571,0.57037037037037
350,1.0353739261627197,-0.007784138899296522,0.008102446794509888,7.5497260093688965,0.12494915723800659,0.5703124999999998,0.1735522449016571,0.57037037037037
351,1.0244312286376953,-0.006003443151712418,0.00838133692741394,7.4945902824401855,0.10638053715229034,0.5638020833333329,0.1735522449016571,0.57037037037037
352,1.0707263946533203,-0.005102911964058876,0.008369490504264832,7.525237083435059,0.10487382858991623,0.6614583333333329,0.1735522449016571,0.57037037037037
353,1.1006406545639038,-0.007925935089588165,0.008426085114479065,7.388053894042969,0.14257004857063293,0.6809895833333329,0.1735522449016571,0.57037037037037
354,1.0506362915039062,-0.0069678472355008125,0.008306369185447693,7.587928295135498,0.1467685103416443,0.6093749999999998,0.1735522449016571,0.57037037037037
355,0.9919421672821045,-0.008201639167964458,0.008707240223884583,7.382213592529297,0.18039369583129883,0.45963541666666663,0.1735522449016571,0.57037037037037
356,1.1088261604309082,-0.007597343064844608,0.008531361818313599,7.403487682342529,0.21390511095523834,0.5898437499999998,0.1735522449016571,0.57037037037037
357,1.1091079711914062,-0.008135472424328327,0.008451193571090698,7.357945919036865,0.17271560430526733,0.4531249999999998,0.1735522449016571,0.57037037037037
358,1.0547411441802979,-0.007595985196530819,0.0080183744430542,7.506505966186523,0.15971001982688904,0.5703124999999998,0.1735522449016571,0.57037037037037
359,1.0196434259414673,-0.008175680413842201,0.008538216352462769,7.578893184661865,0.23033007979393005,0.6289062499999998,0.1735522449016571,0.57037037037037
360,1.0898463726043701,-0.007675660774111748,0.008172348141670227,7.531161308288574,0.15064671635627747,0.6093749999999998,0.1735522449016571,0.57037037037037
361,1.062054991722107,-0.008099413476884365,0.008452832698822021,7.427274227142334,0.12087114155292511,0.5507812499999998,0.1735522449016571,0.57037037037037
362,1.171994924545288,-0.00799180194735527,0.008563518524169922,7.428712368011475,0.1580931544303894,0.6549479166666666,0.1735522449016571,0.57037037037037
363,0.9994341731071472,-0.00810184981673956,0.008538618683815002,7.41829776763916,0.18308714032173157,0.5833333333333329,0.1735522449016571,0.57037037037037
364,0.9765834212303162,-0.007979953661561012,0.008349135518074036,7.614879608154297,0.17640694975852966,0.5117187499999998,0.1735522449016571,0.57037037037037
365,1.0811657905578613,-0.007985720410943031,0.008384153246879578,7.448505401611328,0.1441972702741623,0.5963541666666666,0.1735522449016571,0.57037037037037
366,1.0390806198120117,-0.008005895651876926,0.008373826742172241,7.6296305656433105,0.1817522943019867,0.45963541666666663,0.1735522449016571,0.57037037037037
367,1.068434476852417,-0.008190068416297436,0.008537381887435913,7.468297958374023,0.1253317892551422,0.5898437499999998,0.1735522449016571,0.57037037037037
368,1.1304316520690918,-0.00810635183006525,0.008977562189102173,7.3436408042907715,0.20442399382591248,0.5377604166666666,0.1735522449016571,0.57037037037037
369,1.152605414390564,-0.00847136601805687,0.009027615189552307,7.4289960861206055,0.2332472950220108,0.5703124999999998,0.1735522449016571,0.57037037037037
370,1.0712251663208008,-0.00804852694272995,0.008591249585151672,7.534551620483398,0.12745486199855804,0.5833333333333329,0.1735522449016571,0.57037037037037
371,0.973006010055542,-0.00810758676379919,0.008592069149017334,7.486701488494873,0.12885859608650208,0.5898437499999998,0.1735522449016571,0.57037037037037
372,1.1328314542770386,-0.007979031652212143,0.008485212922096252,7.375243663787842,0.21368014812469482,0.6419270833333329,0.1735522449016571,0.57037037037037
373,1.0769522190093994,-0.007782687433063984,0.008247703313827515,7.602916717529297,0.12220282107591629,0.6093749999999998,0.1735522449016571,0.57037037037037
374,1.031620979309082,-0.007934856228530407,0.008811891078948975,7.5674052238464355,0.19886648654937744,0.5442708333333329,0.1735522449016571,0.57037037037037
375,0.9808186888694763,-0.007730424869805574,0.008369281888008118,7.646231651306152,0.18523547053337097,0.5442708333333329,0.1735522449016571,0.57037037037037
376,1.0618337392807007,-0.007897751405835152,0.008361339569091797,7.627744197845459,0.20147885382175446,0.5247395833333329,0.1735522449016571,0.57037037037037
377,1.0610445737838745,-0.008512074127793312,0.008822634816169739,7.562708377838135,0.18585318326950073,0.5117187499999998,0.1735522449016571,0.57037037037037
378,1.121006965637207,-0.008016487583518028,0.008563116192817688,7.572580814361572,0.2071446031332016,0.6744791666666666,0.1735522449016571,0.57037037037037
379,1.027576208114624,-0.008292862214148045,0.0086803138256073,7.5767822265625,0.15222908556461334,0.5703124999999998,0.1735522449016571,0.57037037037037
380,1.0639524459838867,-0.007939398288726807,0.00867733359336853,7.547171592712402,0.16268904507160187,0.5833333333333329,0.1735522449016571,0.57037037037037
381,1.0860562324523926,-0.008079147897660732,0.008554667234420776,7.616351127624512,0.20058642327785492,0.5247395833333329,0.1735522449016571,0.57037037037037
382,1.0492337942123413,-0.007885699160397053,0.00842757523059845,7.44320821762085,0.16768212616443634,0.5312499999999998,0.1735522449016571,0.57037037037037
383,1.0652493238449097,-0.008284671232104301,0.008803054690361023,7.510961532592773,0.16986262798309326,0.5312499999999998,0.1735522449016571,0.57037037037037
384,0.9679705500602722,-0.0076202936470508575,0.007971033453941345,7.615851879119873,0.14340010285377502,0.5963541666666666,0.1735522449016571,0.57037037037037
385,1.0262500047683716,-0.008443235419690609,0.008830651640892029,7.488228797912598,0.18059776723384857,0.5703124999999998,0.1735522449016571,0.57037037037037
386,1.0410804748535156,-0.008333264850080013,0.008684858679771423,7.488461971282959,0.16185970604419708,0.6679687499999998,0.1735522449016571,0.57037037037037
387,1.0921037197113037,-0.008163108490407467,0.008654296398162842,7.6695709228515625,0.1761024445295334,0.5703124999999998,0.17346510291099548,0.57037037037037
388,0.9102454781532288,-0.008451423607766628,0.008802279829978943,7.507291793823242,0.20281150937080383,0.5247395833333329,0.1735522449016571,0.57037037037037
389,0.9683964252471924,-0.007838123477995396,0.008419647812843323,7.679865837097168,0.13633525371551514,0.5572916666666666,0.1735522449016571,0.57037037037037
390,1.0108706951141357,-0.008139226585626602,0.008618399500846863,7.578179836273193,0.16349197924137115,0.5703124999999998,0.1735522449016571,0.57037037037037
391,1.1991338729858398,-0.008032180368900299,0.008528068661689758,7.542021751403809,0.12157101184129715,0.4921874999999998,0.1735522449016571,0.57037037037037
392,1.0905851125717163,-0.008229386992752552,0.008793488144874573,7.445201873779297,0.15363697707653046,0.5963541666666666,0.1735522449016571,0.57037037037037
393,1.1128952503204346,-0.008092197589576244,0.00853748619556427,7.546255111694336,0.16978971660137177,0.6028645833333329,0.1735522449016571,0.57037037037037
394,1.0552055835723877,-0.008024221286177635,0.008651971817016602,7.657265663146973,0.13774758577346802,0.5768229166666666,0.1735522449016571,0.57037037037037
395,1.0893659591674805,-0.008265973068773746,0.008827507495880127,7.404335975646973,0.17892874777317047,0.6028645833333329,0.1735522449016571,0.57037037037037
396,1.0179380178451538,-0.00875481404364109,0.009146034717559814,7.390325546264648,0.10313227772712708,0.5638020833333329,0.1735522449016571,0.57037037037037
397,0.9450838565826416,-0.008713648654520512,0.00924748182296753,7.508307456970215,0.1668132245540619,0.49869791666666663,0.1735522449016571,0.57037037037037
398,1.2066372632980347,-0.008098306134343147,0.008623749017715454,7.602339744567871,0.14120900630950928,0.6093749999999998,0.1735522449016571,0.57037037037037
399,1.0189698934555054,-0.007746727205812931,0.008955106139183044,7.606776237487793,0.1371222883462906,0.5703124999999998,0.1735522449016571,0.57037037037037
