,loss_g,loss_d,train_wd,train_ce_d,train_mse,train_acc,test_mse,test_acc
0,0.14211443066596985,4.685673713684082,0.00016325712203979492,0.7056109309196472,0.23589164018630981,0.3164062499999998,0.28896063566207886,0.3193415637860081
1,0.14579719305038452,0.15197764337062836,-0.0006445050239562988,0.7361477017402649,0.2869139313697815,0.2513020833333329,0.2566255033016205,0.17201646090534983
2,0.1469532698392868,0.031570449471473694,-0.0013514161109924316,0.7466907501220703,0.23026861250400543,0.11458333333333293,0.23193511366844177,0.16790123456790096
3,0.1450396031141281,0.039985381066799164,-0.0015206336975097656,0.74677973985672,0.25774043798446655,0.14713541666666663,0.2317381203174591,0.16790123456790096
4,0.14832918345928192,0.012936633080244064,-0.001334846019744873,0.7521092295646667,0.1953658014535904,0.003906249999999778,0.2344602346420288,0.16790123456790096
5,0.14869171380996704,0.011271437630057335,-0.0007379651069641113,0.7520996928215027,0.2842739522457123,0.2708333333333329,0.23267662525177002,0.16790123456790096
6,0.142242893576622,0.00732932984828949,-0.0003243684768676758,0.7554839849472046,0.20469489693641663,0.23828124999999978,0.2298894226551056,0.16790123456790096
7,0.1431523859500885,0.0052459933795034885,-7.700920104980469e-05,0.7536092400550842,0.2095201462507248,0.24479166666666663,0.22726164758205414,0.16790123456790096
8,0.13264329731464386,0.004669852554798126,0.00012987852096557617,0.7556492686271667,0.17749541997909546,0.2513020833333329,0.225446879863739,0.16790123456790096
9,0.14594784379005432,0.0032716623973101377,0.0004298686981201172,0.7550694346427917,0.20942775905132294,0.08854166666666663,0.22437921166419983,0.16790123456790096
10,0.14853547513484955,0.0016438148450106382,0.0011729598045349121,0.7529309391975403,0.18366557359695435,0.07552083333333293,0.22613655030727386,0.16790123456790096
11,0.1422443687915802,0.0018151451367884874,0.0015227198600769043,0.7526452541351318,0.2038087248802185,0.11458333333333293,0.22710376977920532,0.16790123456790096
12,0.15282489359378815,0.003240277525037527,0.00237119197845459,0.75580894947052,0.1842474639415741,0.23177083333333293,0.2292487621307373,0.16790123456790096
13,0.1440596580505371,0.0008446360006928444,0.002511322498321533,0.7553167343139648,0.17305302619934082,0.2513020833333329,0.23049893975257874,0.16790123456790096
14,0.14821256697177887,-0.0007079220376908779,0.0028914213180541992,0.7561767101287842,0.17629751563072205,0.23177083333333293,0.2328399419784546,0.16790123456790096
15,0.1510934978723526,-0.0012388697359710932,0.003810882568359375,0.7620638012886047,0.20242518186569214,0.10156249999999978,0.2329510897397995,0.1744855967078185
16,0.14678210020065308,-4.012836143374443e-05,0.004007995128631592,0.7658913731575012,0.18918338418006897,0.14713541666666663,0.23754572868347168,0.19423868312757164
17,0.14199690520763397,-0.0008392131421715021,0.0040378570556640625,0.766340434551239,0.19704791903495789,0.2968749999999998,0.23675501346588135,0.31028806584362134
18,0.15159277617931366,-0.002592756412923336,0.0042552947998046875,0.7609310150146484,0.20460452139377594,0.20572916666666663,0.2407439649105072,0.30905349794238646
19,0.1415998488664627,-0.0022439982276409864,0.004359126091003418,0.7671594619750977,0.1557244211435318,0.17968749999999978,0.2429877072572708,0.2399176954732507
20,0.13812188804149628,-0.00169966253452003,0.0043389201164245605,0.7672169804573059,0.1902817189693451,0.2578124999999998,0.24655798077583313,0.16213991769547298
21,0.14136123657226562,-0.002061438513919711,0.004367947578430176,0.7673978805541992,0.2082224041223526,0.22526041666666663,0.2523561418056488,0.16255144032921776
22,0.15680468082427979,-0.0029086575377732515,0.004367172718048096,0.7683293223381042,0.30996865034103394,0.036458333333332926,0.25299757719039917,0.16131687242798343
23,0.1470223218202591,-0.0036502438597381115,0.004451572895050049,0.7723357677459717,0.2578376829624176,0.14062499999999978,0.24262948334217072,0.16337448559670786
24,0.14845147728919983,-0.0034446471836417913,0.004603862762451172,0.7709859609603882,0.2721773684024811,0.2773437499999998,0.242818221449852,0.16296296296296253
25,0.1586102396249771,-0.0033696654718369246,0.004992961883544922,0.7683784365653992,0.19878606498241425,0.28385416666666663,0.242714986205101,0.16543209876543175
26,0.13520410656929016,-0.0033134871628135443,0.004123210906982422,0.775875449180603,0.2906285226345062,0.2968749999999998,0.31066736578941345,0.16666666666666663
27,0.1367395669221878,-0.0023525371216237545,0.004621326923370361,0.7790064811706543,0.1908414214849472,0.22526041666666663,0.28804171085357666,0.16419753086419742
28,0.15407413244247437,-0.003918019123375416,0.00484013557434082,0.7741461992263794,0.19320739805698395,0.18619791666666663,0.3068193197250366,0.16584362139917652
29,0.14590409398078918,-0.00330910412594676,0.004762232303619385,0.7803165316581726,0.27896904945373535,0.11458333333333293,0.3286929130554199,0.1716049382716045
30,0.1524520218372345,-0.003592840861529112,0.005006253719329834,0.7766876220703125,0.31597602367401123,0.10156249999999978,0.3009595274925232,0.1724279835390946
31,0.14758029580116272,-0.004216412082314491,0.005134403705596924,0.777845561504364,0.27345937490463257,0.14062499999999978,0.3207545578479767,0.19135802469135765
32,0.16136232018470764,-0.0039754752069711685,0.0052582621574401855,0.7773465514183044,0.2943170964717865,0.17968749999999978,0.32016193866729736,0.20452674897119327
33,0.1572505682706833,-0.0038990676403045654,0.004927635192871094,0.7815739512443542,0.33247220516204834,0.036458333333332926,0.3246871531009674,0.22427983539094642
34,0.1560085117816925,-0.004079093690961599,0.00514376163482666,0.7819554209709167,0.2680496871471405,0.16015624999999978,0.2689354121685028,0.20823045267489682
35,0.1509864181280136,-0.004333327524363995,0.0050830841064453125,0.7811282277107239,0.21027542650699615,0.21874999999999978,0.310369074344635,0.22798353909464997
36,0.14484786987304688,-0.003603964578360319,0.004973053932189941,0.7846482396125793,0.22707849740982056,0.21874999999999978,0.28362950682640076,0.20246913580246884
37,0.1456405520439148,-0.0039476072415709496,0.005138874053955078,0.7859153151512146,0.294895201921463,0.24479166666666663,0.3084458112716675,0.2139917695473248
38,0.1498642861843109,-0.003980625420808792,0.005187869071960449,0.780616283416748,0.3263578414916992,0.2903645833333329,0.2809169292449951,0.21152263374485558
39,0.14136750996112823,-0.003615858033299446,0.004843652248382568,0.7864603996276855,0.24318189918994904,0.2578124999999998,0.289600670337677,0.22016460905349755
40,0.16240882873535156,-0.004499657079577446,0.005173027515411377,0.7811191082000732,0.28253409266471863,0.12760416666666663,0.274337500333786,0.2316872427983535
41,0.16952510178089142,-0.003971419762820005,0.004952788352966309,0.7776433229446411,0.2849615216255188,0.14062499999999978,0.29529720544815063,0.2559670781893003
42,0.156885027885437,-0.004687504842877388,0.0053084492683410645,0.7843624949455261,0.36210668087005615,0.23177083333333293,0.31111249327659607,0.22551440329218075
43,0.1509861946105957,-0.003955227322876453,0.004970729351043701,0.7849297523498535,0.27924445271492004,0.23177083333333293,0.3164616525173187,0.2506172839506171
44,0.14968712627887726,-0.004209914710372686,0.004709184169769287,0.7864798903465271,0.23932361602783203,0.22526041666666663,0.277263879776001,0.26255144032921784
45,0.1494717001914978,-0.0042148795910179615,0.004866182804107666,0.7850267291069031,0.239695206284523,0.2513020833333329,0.2887766361236572,0.23251028806584362
46,0.15385635197162628,-0.004263998009264469,0.0050473809242248535,0.7895150780677795,0.2680133879184723,0.3164062499999998,0.28089919686317444,0.2374485596707815
47,0.15277361869812012,-0.0044208248145878315,0.0055966973304748535,0.7857920527458191,0.2170194685459137,0.2773437499999998,0.297567754983902,0.2427983539094647
48,0.1472489833831787,-0.004167249426245689,0.005394399166107178,0.7861287593841553,0.33781877160072327,0.06901041666666663,0.28897497057914734,0.22962962962962963
49,0.16219496726989746,-0.003942324314266443,0.005148589611053467,0.7849881649017334,0.3425672948360443,0.14062499999999978,0.2908155918121338,0.23786008230452627
50,0.14041921496391296,-0.004121600184589624,0.004710197448730469,0.7911416888237,0.2646563947200775,0.19270833333333293,0.2873876094818115,0.2411522633744856
51,0.1450134515762329,-0.0047658090479671955,0.005106329917907715,0.789741039276123,0.28719180822372437,0.36197916666666663,0.2980886697769165,0.2510288065843619
52,0.15530267357826233,-0.004934762138873339,0.00545346736907959,0.7866693139076233,0.2571229636669159,0.23828124999999978,0.29203903675079346,0.2300411522633744
53,0.15133212506771088,-0.004118764773011208,0.005114495754241943,0.7872939705848694,0.2833692729473114,0.2578124999999998,0.2957748472690582,0.2551440329218102
54,0.149397611618042,-0.004777589812874794,0.005243659019470215,0.7909350395202637,0.26802217960357666,0.11458333333333293,0.29339852929115295,0.25144032921810666
55,0.14721383154392242,-0.004772637039422989,0.005219221115112305,0.7935428619384766,0.2014007270336151,0.10807291666666663,0.2715906500816345,0.2633744855967074
56,0.14278557896614075,-0.004016042221337557,0.005156397819519043,0.7937350273132324,0.2628523111343384,0.2968749999999998,0.2910817861557007,0.2666666666666667
57,0.15018108487129211,-0.00473334826529026,0.005046069622039795,0.79245525598526,0.2781226933002472,0.2513020833333329,0.27323785424232483,0.23868312757201637
58,0.1483220010995865,-0.004709213972091675,0.005018472671508789,0.7938619256019592,0.24643701314926147,0.20572916666666663,0.2872237265110016,0.24650205761316824
59,0.1538068801164627,-0.004988343454897404,0.00534743070602417,0.7942406535148621,0.2183903157711029,0.14713541666666663,0.2820087969303131,0.2522633744855962
60,0.1532338410615921,-0.004743345081806183,0.005190730094909668,0.7933393120765686,0.2942599058151245,0.17317708333333293,0.2841913402080536,0.24732510288065834
61,0.15319812297821045,-0.0046231746673583984,0.005080997943878174,0.795562744140625,0.25354117155075073,0.16015624999999978,0.2894701659679413,0.2411522633744856
62,0.15427812933921814,-0.004823084454983473,0.005278944969177246,0.7895703911781311,0.256754606962204,0.3098958333333329,0.2731117606163025,0.24855967078189267
63,0.15988978743553162,-0.004289338365197182,0.005479156970977783,0.7955319285392761,0.2747039198875427,0.14062499999999978,0.27494335174560547,0.24650205761316824
64,0.14632277190685272,-0.004122005309909582,0.005215823650360107,0.7914851307868958,0.2304423749446869,0.14713541666666663,0.293804407119751,0.24238683127571992
65,0.14858096837997437,-0.004170725587755442,0.005279600620269775,0.7931290864944458,0.2586493492126465,0.30338541666666663,0.2769789397716522,0.2510288065843619
66,0.1497850865125656,-0.004756422247737646,0.005129635334014893,0.7952293157577515,0.2699732184410095,0.22526041666666663,0.26493144035339355,0.24032921810699548
67,0.15517373383045197,-0.0047667184844613075,0.0055207014083862305,0.7922715544700623,0.31160807609558105,0.2773437499999998,0.2954157292842865,0.24444444444444435
68,0.14804992079734802,-0.005079214461147785,0.005383014678955078,0.7971718907356262,0.2193147838115692,0.22526041666666663,0.26939597725868225,0.25020576131687233
69,0.14426866173744202,-0.00508387666195631,0.0054988861083984375,0.7944405674934387,0.25155404210090637,0.18619791666666663,0.28467386960983276,0.24320987654320947
70,0.15057605504989624,-0.004831952974200249,0.005502104759216309,0.7962606549263,0.1924537569284439,0.2578124999999998,0.27812492847442627,0.24156378600823036
71,0.1402975469827652,-0.004824966192245483,0.005213141441345215,0.7990605235099792,0.24721947312355042,0.21223958333333293,0.2918594181537628,0.2452674897119339
72,0.15538239479064941,-0.004403823055326939,0.005330502986907959,0.7949578166007996,0.29466357827186584,0.21223958333333293,0.28306639194488525,0.24773662551440312
73,0.13989806175231934,-0.0044055236503481865,0.005113482475280762,0.7933906316757202,0.20595113933086395,0.2708333333333329,0.2782699763774872,0.23786008230452627
74,0.1509018987417221,-0.00456780893728137,0.005329489707946777,0.7986361980438232,0.2602348327636719,0.15364583333333293,0.29498159885406494,0.25473251028806543
75,0.15440447628498077,-0.005261399783194065,0.00571972131729126,0.7932869791984558,0.2303798645734787,0.34244791666666663,0.2697766125202179,0.24444444444444435
76,0.1532990038394928,-0.00490961316972971,0.00537872314453125,0.7958869934082031,0.3617711663246155,0.2903645833333329,0.28714245557785034,0.25432098765432065
77,0.14798736572265625,-0.0037822299636900425,0.0051850080490112305,0.7975493669509888,0.22549918293952942,0.21223958333333293,0.2983276844024658,0.2662551440329214
78,0.14415626227855682,-0.0040062894113361835,0.005033433437347412,0.7973834872245789,0.2530306875705719,0.38151041666666663,0.27653491497039795,0.2740740740740738
79,0.15469777584075928,-0.0049143265932798386,0.00540691614151001,0.7948095202445984,0.2019990235567093,0.3684895833333329,0.2800903618335724,0.24403292181069958
80,0.14640994369983673,-0.0035572550259530544,0.005154073238372803,0.7983729243278503,0.21122802793979645,0.2903645833333329,0.290708065032959,0.2563786008230451
81,0.15750360488891602,-0.005179835949093103,0.005389213562011719,0.7945150136947632,0.27001386880874634,0.21874999999999978,0.27261534333229065,0.27037037037037026
82,0.15992845594882965,-0.004952345974743366,0.005390286445617676,0.7898528575897217,0.2784082889556885,0.10156249999999978,0.28603407740592957,0.282304526748971
83,0.15129990875720978,-0.00450122868642211,0.005226612091064453,0.7962121367454529,0.24348756670951843,0.28385416666666663,0.2896014153957367,0.27325102880658425
84,0.14229559898376465,-0.0037710722535848618,0.005283653736114502,0.7989627122879028,0.1780109405517578,0.19921874999999978,0.2788141965866089,0.273662551440329
85,0.15508602559566498,-0.0044992524199187756,0.0050307512283325195,0.7965749502182007,0.308397501707077,0.2968749999999998,0.2725846469402313,0.2699588477366255
86,0.14284004271030426,-0.004857277497649193,0.005126595497131348,0.7997840046882629,0.2858660817146301,0.23177083333333293,0.28848519921302795,0.282304526748971
87,0.13415522873401642,-0.004916214384138584,0.005105376243591309,0.8022215962409973,0.27187588810920715,0.38151041666666663,0.27339836955070496,0.27325102880658425
88,0.1514442414045334,-0.00431113550439477,0.005106329917907715,0.8015875816345215,0.2791302800178528,0.23177083333333293,0.2761794328689575,0.26008230452674863
89,0.1556648313999176,-0.003894354682415724,0.005378782749176025,0.795110285282135,0.19799156486988068,0.20572916666666663,0.28607162833213806,0.27901234567901223
90,0.1589701920747757,-0.0057084690779447556,0.006003201007843018,0.797555148601532,0.32330527901649475,0.3098958333333329,0.28443318605422974,0.27613168724279824
91,0.14997661113739014,-0.00465949485078454,0.004865109920501709,0.7976546287536621,0.29964718222618103,0.2708333333333329,0.2776951491832733,0.27613168724279824
92,0.15178370475769043,-0.0050388360396027565,0.0052977800369262695,0.7995328307151794,0.2742089331150055,0.2968749999999998,0.28204768896102905,0.2716049382716046
93,0.14718222618103027,-0.004170673433691263,0.005166113376617432,0.8004419207572937,0.1850617229938507,0.22526041666666663,0.2799045741558075,0.28106995884773667
94,0.14790472388267517,-0.0041281795129179955,0.00501406192779541,0.7995216250419617,0.3191511929035187,0.2773437499999998,0.2744411826133728,0.26502057613168706
95,0.1485540121793747,-0.004990566521883011,0.005214869976043701,0.7995135188102722,0.19971567392349243,0.26432291666666663,0.2975125312805176,0.27037037037037026
96,0.14959478378295898,-0.00501518789678812,0.005292534828186035,0.7978593707084656,0.2000107318162918,0.28385416666666663,0.2782128155231476,0.276543209876543
97,0.1563473492860794,-0.00508539192378521,0.005281209945678711,0.8004961013793945,0.1925065517425537,0.19921874999999978,0.2844703793525696,0.28106995884773667
98,0.15708786249160767,-0.004423885606229305,0.00544971227645874,0.7960637211799622,0.2573205828666687,0.21223958333333293,0.27909913659095764,0.273662551440329
99,0.14121761918067932,-0.004854397848248482,0.005089759826660156,0.8039727210998535,0.22904962301254272,0.19270833333333293,0.2754756510257721,0.27201646090534937
100,0.1498652845621109,-0.004685818683356047,0.005190730094909668,0.8021748661994934,0.27424511313438416,0.21223958333333293,0.28687793016433716,0.26543209876543183
101,0.15713493525981903,-0.004597449209541082,0.0050122737884521484,0.8001500964164734,0.27143698930740356,0.20572916666666663,0.28975608944892883,0.2646090534979423
102,0.15316522121429443,-0.004561443813145161,0.00494617223739624,0.8013049364089966,0.2991327941417694,0.23828124999999978,0.2669280767440796,0.2629629629629626
103,0.1451486051082611,-0.004788286983966827,0.005007565021514893,0.7984678149223328,0.2863067090511322,0.34244791666666663,0.27943292260169983,0.27078189300411504
104,0.1604694277048111,-0.004118035547435284,0.0052201151847839355,0.7963225841522217,0.22598838806152344,0.3359374999999998,0.29017576575279236,0.27201646090534937
105,0.16365867853164673,-0.005064375698566437,0.005225002765655518,0.796478271484375,0.25378069281578064,0.28385416666666663,0.274876207113266,0.27489711934156336
106,0.152950257062912,-0.004142610356211662,0.005115926265716553,0.8005900382995605,0.260966420173645,0.21874999999999978,0.2692837417125702,0.285185185185185
107,0.14466245472431183,-0.00387248070910573,0.005304396152496338,0.8032666444778442,0.21182043850421906,0.23828124999999978,0.270273357629776,0.2666666666666667
108,0.14839668571949005,-0.004363090265542269,0.004998922348022461,0.8046363592147827,0.23147791624069214,0.23828124999999978,0.28171390295028687,0.276543209876543
109,0.15096747875213623,-0.004813451785594225,0.0050460100173950195,0.8037651181221008,0.27348417043685913,0.2968749999999998,0.2712937593460083,0.279423868312757
110,0.15079903602600098,-0.0048147039487957954,0.005079090595245361,0.8029153943061829,0.2712162137031555,0.3945312499999998,0.2816676199436188,0.28065843621399134
111,0.14944683015346527,-0.004750155843794346,0.005105018615722656,0.8016703724861145,0.22577987611293793,0.21874999999999978,0.2680574357509613,0.288065843621399
112,0.1429768055677414,-0.004576922859996557,0.004877567291259766,0.8044258952140808,0.22503939270973206,0.3359374999999998,0.2668507993221283,0.27860082304526745
113,0.15796083211898804,-0.00222380761988461,0.0047133564949035645,0.8051640391349792,0.2564356029033661,0.23177083333333293,0.2866637706756592,0.27201646090534937
114,0.15738685429096222,-0.004996323026716709,0.005309760570526123,0.7981888651847839,0.22184574604034424,0.22526041666666663,0.27185332775115967,0.2847736625514402
115,0.15526966750621796,-0.003922445699572563,0.005602002143859863,0.8035512566566467,0.28405213356018066,0.21223958333333293,0.28072407841682434,0.2691358024691354
116,0.15029387176036835,-0.0050695971585810184,0.005235254764556885,0.8046788573265076,0.23580576479434967,0.2903645833333329,0.26911383867263794,0.25967078189300385
117,0.15048496425151825,-0.0034016366116702557,0.0049089789390563965,0.8040841221809387,0.22266845405101776,0.32291666666666663,0.2790364921092987,0.2835390946502053
118,0.16410915553569794,-0.004719019867479801,0.00522458553314209,0.8032353520393372,0.26274317502975464,0.3749999999999998,0.28113701939582825,0.273662551440329
119,0.16191010177135468,-0.003583286888897419,0.00542527437210083,0.8015344142913818,0.2508828341960907,0.22526041666666663,0.2639567255973816,0.2753086419753087
120,0.16020305454730988,-0.0051032546907663345,0.005388975143432617,0.8011679649353027,0.33132755756378174,0.3164062499999998,0.28957459330558777,0.2724279835390947
121,0.15010583400726318,-0.004978521727025509,0.005265176296234131,0.8008769750595093,0.28276515007019043,0.22526041666666663,0.273211270570755,0.2695473251028807
122,0.15596964955329895,-0.004726422019302845,0.005053997039794922,0.806398868560791,0.23108533024787903,0.26432291666666663,0.2703826427459717,0.279423868312757
123,0.15724968910217285,-0.004781206604093313,0.005084574222564697,0.8076484799385071,0.2533706724643707,0.3684895833333329,0.26863837242126465,0.27037037037037026
124,0.147824227809906,-0.004102102480828762,0.0049103498458862305,0.8068330883979797,0.27742499113082886,0.2773437499999998,0.29374608397483826,0.2798353909465018
125,0.14822788536548615,-0.004709944128990173,0.004908561706542969,0.8088356852531433,0.21425890922546387,0.3098958333333329,0.2814520001411438,0.2872427983539094
126,0.1662827730178833,-0.005205526482313871,0.005448639392852783,0.8008952736854553,0.27089208364486694,0.20572916666666663,0.2692725956439972,0.28971193415637864
127,0.16605959832668304,-0.0040363441221416,0.005141079425811768,0.799775242805481,0.236497163772583,0.22526041666666663,0.2806583344936371,0.28312757201646055
128,0.16297125816345215,-0.004649062175303698,0.005104660987854004,0.8026778697967529,0.3225438594818115,0.21223958333333293,0.27051204442977905,0.27078189300411504
129,0.15730173885822296,-0.005025949794799089,0.005188047885894775,0.8022487759590149,0.2310907393693924,0.32291666666666663,0.26387593150138855,0.2864197530864193
130,0.1489780694246292,-0.004076033364981413,0.005145132541656494,0.8077149987220764,0.2512178421020508,0.23177083333333293,0.26822787523269653,0.2769547325102878
131,0.1549791842699051,-0.005009067710489035,0.005443930625915527,0.80475914478302,0.25019025802612305,0.2513020833333329,0.28060898184776306,0.27572016460905346
132,0.16000621020793915,-0.005333523731678724,0.005495727062225342,0.8054847717285156,0.22415904700756073,0.2903645833333329,0.2738141715526581,0.27325102880658425
133,0.15499185025691986,-0.004687991924583912,0.005161404609680176,0.8063838481903076,0.20942038297653198,0.2578124999999998,0.2726021707057953,0.2769547325102878
134,0.1486242115497589,-0.00417313864454627,0.005071520805358887,0.8099368214607239,0.21346281468868256,0.21223958333333293,0.27830004692077637,0.29135802469135774
135,0.15196366608142853,-0.00511911790817976,0.005330502986907959,0.8125584721565247,0.17241497337818146,0.20572916666666663,0.2670298218727112,0.279423868312757
136,0.15730030834674835,-0.00372875458560884,0.005134642124176025,0.8100494146347046,0.19902820885181427,0.20572916666666663,0.2723124623298645,0.2925925925925926
137,0.1500200629234314,-0.0007432186976075172,0.004717528820037842,0.8098834753036499,0.20943142473697662,0.17968749999999978,0.27136778831481934,0.28395061728395066
138,0.15292085707187653,-0.003631101455539465,0.005120754241943359,0.812846839427948,0.2323017567396164,0.2513020833333329,0.28048795461654663,0.28106995884773667
139,0.1553451269865036,-0.0046378495171666145,0.005156517028808594,0.8050419688224792,0.2431519329547882,0.2513020833333329,0.27473747730255127,0.2893004115226333
140,0.14418096840381622,-0.004358584992587566,0.005106866359710693,0.8123566508293152,0.1892014741897583,0.26432291666666663,0.2661851644515991,0.28436213991769543
141,0.15549010038375854,-0.005302329082041979,0.005570054054260254,0.8089540600776672,0.21556328237056732,0.2903645833333329,0.26668262481689453,0.2934156378600822
142,0.1573888659477234,-0.004753590561449528,0.005189299583435059,0.8124433159828186,0.2718871235847473,0.28385416666666663,0.27165326476097107,0.2917695473251025
143,0.15437625348567963,-0.004812127910554409,0.005074501037597656,0.8097838759422302,0.21946749091148376,0.19921874999999978,0.2754063010215759,0.2921810699588473
144,0.156296968460083,-0.004823250230401754,0.004972279071807861,0.8122966885566711,0.2879024147987366,0.3359374999999998,0.2738666832447052,0.29629629629629617
145,0.15475645661354065,-0.004762399010360241,0.005059719085693359,0.8105489015579224,0.23530693352222443,0.3359374999999998,0.2700920104980469,0.28683127572016465
146,0.14792883396148682,-0.003751458367332816,0.005038082599639893,0.8134717345237732,0.3634141981601715,0.3359374999999998,0.2717965841293335,0.29670781893004095
147,0.15350541472434998,-0.005127422511577606,0.005429089069366455,0.8111161589622498,0.24425120651721954,0.20572916666666663,0.27521124482154846,0.2934156378600822
148,0.15397170186042786,-0.00490944180637598,0.005035698413848877,0.8109678030014038,0.22192487120628357,0.2513020833333329,0.2805049419403076,0.29917695473251016
149,0.15069545805454254,-0.004205386154353619,0.004928946495056152,0.8120306134223938,0.23231393098831177,0.2773437499999998,0.2685822546482086,0.28559670781892976
150,0.15827830135822296,-0.00467009749263525,0.005366623401641846,0.8079020977020264,0.27414438128471375,0.3880208333333329,0.27521491050720215,0.2827160493827158
151,0.14493787288665771,-0.004552406724542379,0.0048528313636779785,0.8114632964134216,0.21497155725955963,0.3098958333333329,0.2743206024169922,0.2847736625514402
152,0.15045303106307983,-0.004778821021318436,0.005111515522003174,0.8137044310569763,0.30057433247566223,0.26432291666666663,0.2820409834384918,0.28559670781892976
153,0.15095967054367065,-0.003303948324173689,0.005524039268493652,0.8088936805725098,0.2221122831106186,0.20572916666666663,0.2746563255786896,0.2827160493827158
154,0.15349674224853516,-0.004805292002856731,0.005035758018493652,0.8067525029182434,0.2892715632915497,0.3554687499999998,0.27343109250068665,0.2983539094650206
155,0.15501874685287476,-0.004682387225329876,0.005187571048736572,0.8100910186767578,0.23256470263004303,0.3098958333333329,0.2797369062900543,0.29135802469135774
156,0.1557755321264267,-0.004992248956114054,0.005213439464569092,0.8138575553894043,0.27293863892555237,0.3554687499999998,0.2806680500507355,0.2744855967078186
157,0.15091368556022644,-0.004630156327039003,0.004963278770446777,0.8129059672355652,0.31744351983070374,0.3880208333333329,0.27117472887039185,0.2818930041152262
158,0.1524558812379837,-0.004640330094844103,0.0050421953201293945,0.8146005272865295,0.2536625862121582,0.30338541666666663,0.27170005440711975,0.28065843621399134
159,0.1612921506166458,-0.004704171791672707,0.005354821681976318,0.8103099465370178,0.29722583293914795,0.3749999999999998,0.28071025013923645,0.27777777777777735
160,0.15127359330654144,-0.004804142285138369,0.005050003528594971,0.8121123909950256,0.22859551012516022,0.28385416666666663,0.2841063141822815,0.27572016460905346
161,0.1466372162103653,-0.003908394370228052,0.004884123802185059,0.8159095048904419,0.3312223553657532,0.32291666666666663,0.27598074078559875,0.27325102880658425
162,0.15377800166606903,-0.005111407488584518,0.0056029558181762695,0.8107634782791138,0.2343892753124237,0.18619791666666663,0.2666436731815338,0.27078189300411504
163,0.1615997552871704,-0.004660984501242638,0.005273699760437012,0.8195880651473999,0.24228143692016602,0.14713541666666663,0.27119457721710205,0.2691358024691354
164,0.15324319899082184,-0.005136133637279272,0.005393028259277344,0.8116955757141113,0.20750820636749268,0.2968749999999998,0.27634915709495544,0.2711934156378598
165,0.15740492939949036,-0.004451298154890537,0.005115151405334473,0.8147066235542297,0.2675955891609192,0.28385416666666663,0.2785254716873169,0.2930041152263374
166,0.15353888273239136,-0.004654353950172663,0.004828274250030518,0.8139086961746216,0.2032657116651535,0.3294270833333329,0.2689281105995178,0.28436213991769543
167,0.14741173386573792,-0.002344569656997919,0.0044708251953125,0.8178601861000061,0.26719844341278076,0.3489583333333329,0.2722451984882355,0.2740740740740738
168,0.15169475972652435,-0.004208439029753208,0.004628777503967285,0.814846932888031,0.2346380203962326,0.32291666666666663,0.27149179577827454,0.28106995884773667
169,0.14993202686309814,-0.0038412557914853096,0.004783034324645996,0.8173699975013733,0.23907047510147095,0.3294270833333329,0.2820504903793335,0.2818930041152262
170,0.16089724004268646,-0.0041758231818675995,0.004968166351318359,0.8213925957679749,0.26537132263183594,0.21874999999999978,0.2635137438774109,0.276543209876543
171,0.1506798267364502,-0.00395573303103447,0.005227446556091309,0.8147449493408203,0.26828527450561523,0.24479166666666663,0.2772518992424011,0.282304526748971
172,0.14635376632213593,-0.0046349260956048965,0.004844307899475098,0.8155363202095032,0.2245471328496933,0.2903645833333329,0.27034223079681396,0.27078189300411504
173,0.15336227416992188,-0.0038405368104577065,0.004769325256347656,0.8177831768989563,0.2688583433628082,0.2513020833333329,0.27705350518226624,0.29094650205761297
174,0.14803722500801086,-0.0017893421463668346,0.004877448081970215,0.8154193758964539,0.24165159463882446,0.21874999999999978,0.2660730481147766,0.2835390946502053
175,0.1488710641860962,-0.004163859877735376,0.00478363037109375,0.8184476494789124,0.20108799636363983,0.30338541666666663,0.27634018659591675,0.2893004115226333
176,0.14896360039710999,-0.004372798837721348,0.004773497581481934,0.8171872496604919,0.28553110361099243,0.2513020833333329,0.2705601751804352,0.282304526748971
177,0.15536922216415405,-0.004728476516902447,0.004946231842041016,0.816667914390564,0.2689063251018524,0.2578124999999998,0.2785618305206299,0.28065843621399134
178,0.1561288684606552,-0.00491459621116519,0.005079984664916992,0.8114917278289795,0.19560326635837555,0.3294270833333329,0.2812553942203522,0.27613168724279824
179,0.15261545777320862,-0.004530889447778463,0.004721164703369141,0.8169890642166138,0.31349053978919983,0.3164062499999998,0.27159732580184937,0.2798353909465018
180,0.15248635411262512,-0.004688309505581856,0.0048940181732177734,0.8202336430549622,0.23206578195095062,0.30338541666666663,0.27446141839027405,0.27860082304526745
181,0.14549517631530762,-0.004141014534980059,0.004691898822784424,0.8281123638153076,0.248631089925766,0.42057291666666663,0.28773918747901917,0.285185185185185
182,0.14767317473888397,-0.0037423030007630587,0.004826545715332031,0.8187268376350403,0.24517861008644104,0.3098958333333329,0.25872695446014404,0.2827160493827158
183,0.1579791009426117,-0.005200211890041828,0.005409359931945801,0.8180409669876099,0.18267259001731873,0.23828124999999978,0.2818797826766968,0.28065843621399134
184,0.1540810465812683,-0.004450242500752211,0.005027949810028076,0.8145232200622559,0.2819329500198364,0.3945312499999998,0.2768576145172119,0.30205761316872415
185,0.1527254730463028,-0.004819461144506931,0.004944801330566406,0.8210862874984741,0.1971750110387802,0.3294270833333329,0.26925453543663025,0.2827160493827158
186,0.15451745688915253,-0.0038086245767772198,0.00484013557434082,0.8157848119735718,0.2571890354156494,0.2513020833333329,0.25760021805763245,0.2975308641975305
187,0.15105488896369934,-0.004969845060259104,0.005172014236450195,0.8187636137008667,0.19715918600559235,0.2968749999999998,0.2694898545742035,0.2925925925925926
188,0.15985055267810822,-0.0011304018553346395,0.0046038031578063965,0.8162124156951904,0.28521525859832764,0.3489583333333329,0.2682931125164032,0.2971193415637857
189,0.15325725078582764,-0.002161321695894003,0.004652619361877441,0.8251784443855286,0.2756307125091553,0.12760416666666663,0.27534887194633484,0.27860082304526745
190,0.1549535095691681,-0.003139735199511051,0.005142390727996826,0.8174294829368591,0.1962939351797104,0.16015624999999978,0.27872127294540405,0.28106995884773667
191,0.16071636974811554,-0.0043848054483532906,0.004951834678649902,0.8169190287590027,0.2940021753311157,0.22526041666666663,0.2784499228000641,0.2864197530864193
192,0.1496555507183075,-0.004622875712811947,0.00486677885055542,0.8173441886901855,0.2307574450969696,0.2773437499999998,0.2662970721721649,0.29094650205761297
193,0.15228964388370514,-0.00447364104911685,0.004613697528839111,0.8214914202690125,0.22913868725299835,0.36197916666666663,0.2716251611709595,0.28847736625514375
194,0.1499970257282257,-0.004619157407432795,0.004774332046508789,0.821408748626709,0.1933138370513916,0.20572916666666663,0.2776396870613098,0.2934156378600822
195,0.15677370131015778,-0.0046751550398766994,0.00513070821762085,0.8217505216598511,0.2587866485118866,0.19921874999999978,0.26725271344184875,0.2827160493827158
196,0.1545877754688263,-0.004839619621634483,0.004984438419342041,0.8196072578430176,0.23715738952159882,0.2513020833333329,0.26826372742652893,0.28065843621399134
197,0.16136173903942108,-0.004261783789843321,0.005446434020996094,0.8223856687545776,0.3104396164417267,0.26432291666666663,0.2741988003253937,0.29135802469135774
198,0.15436728298664093,-0.004733379930257797,0.005045473575592041,0.820753812789917,0.2593068480491638,0.38151041666666663,0.27366551756858826,0.2930041152263374
199,0.16258196532726288,-0.004952733870595694,0.00512385368347168,0.820020854473114,0.2663714587688446,0.10807291666666663,0.2693927586078644,0.27901234567901223
200,0.15087364614009857,-0.0046165878884494305,0.0048714280128479,0.8230497241020203,0.28635311126708984,0.20572916666666663,0.27121487259864807,0.2876543209876542
201,0.15796120464801788,-0.004305721260607243,0.005350649356842041,0.8182276487350464,0.19352565705776215,0.2513020833333329,0.27197545766830444,0.28395061728395066
202,0.1512680947780609,-0.004858990665525198,0.005053699016571045,0.8250323534011841,0.24098671972751617,0.17968749999999978,0.27976834774017334,0.2872427983539094
203,0.15725186467170715,-0.004685820080339909,0.004818975925445557,0.816948652267456,0.24340090155601501,0.2513020833333329,0.26212167739868164,0.28971193415637864
204,0.1540113240480423,-0.0038189576007425785,0.004639565944671631,0.8203448057174683,0.19476069509983063,0.28385416666666663,0.27492794394493103,0.2893004115226333
205,0.15561412274837494,-0.004733449779450893,0.005107283592224121,0.8218786120414734,0.2283758819103241,0.15364583333333293,0.2730180025100708,0.28847736625514375
206,0.17232923209667206,-0.0046678390353918076,0.004994571208953857,0.8159409761428833,0.2511757016181946,0.2773437499999998,0.26230746507644653,0.27901234567901223
207,0.15113022923469543,-0.002112407237291336,0.0050255656242370605,0.8213121294975281,0.21898458898067474,0.24479166666666663,0.266557514667511,0.2893004115226333
208,0.1485936939716339,-0.004285366274416447,0.004754066467285156,0.8283608555793762,0.2133685201406479,0.34244791666666663,0.27348634600639343,0.2917695473251025
209,0.1635795384645462,-0.004268069285899401,0.004984438419342041,0.8219795227050781,0.2702929675579071,0.17317708333333293,0.2686944901943207,0.28683127572016465
210,0.15318942070007324,-0.004805508069694042,0.004989266395568848,0.8270440697669983,0.2843235731124878,0.2708333333333329,0.27577832341194153,0.28024691358024656
211,0.1566324234008789,-0.004465633071959019,0.005153775215148926,0.8214251399040222,0.1826184242963791,0.26432291666666663,0.26660650968551636,0.28436213991769543
212,0.15827061235904694,-0.004601361230015755,0.005293846130371094,0.8239775896072388,0.2284942865371704,0.26432291666666663,0.26232853531837463,0.2917695473251025
213,0.1585262566804886,-0.003976172301918268,0.005007743835449219,0.8202121257781982,0.2423524260520935,0.21223958333333293,0.2716919481754303,0.28106995884773667
214,0.15226711332798004,-0.0018589561805129051,0.004906952381134033,0.8245383501052856,0.21341963112354279,0.2903645833333329,0.2796379625797272,0.2954732510288066
215,0.15604150295257568,-0.004482990596443415,0.0049710869789123535,0.8240325450897217,0.2010602056980133,0.28385416666666663,0.26080843806266785,0.29094650205761297
216,0.1507432609796524,-0.00462625315412879,0.004837155342102051,0.8237592577934265,0.35139766335487366,0.3164062499999998,0.2638997435569763,0.2827160493827158
217,0.15575122833251953,-0.00426364503800869,0.005050361156463623,0.8189029693603516,0.28943005204200745,0.2708333333333329,0.27419739961624146,0.28683127572016465
218,0.15453003346920013,-0.004684730898588896,0.004842698574066162,0.8262044787406921,0.2375544309616089,0.2708333333333329,0.27665722370147705,0.28847736625514375
219,0.15162815153598785,-0.004548197146505117,0.004904568195343018,0.8275483846664429,0.24296487867832184,0.32291666666666663,0.26701676845550537,0.3057613168724277
220,0.14782996475696564,-0.004518808331340551,0.00503307580947876,0.8270532488822937,0.22680340707302094,0.2903645833333329,0.2729446291923523,0.2818930041152262
221,0.1528214067220688,-0.0035633554216474295,0.004717826843261719,0.8265902400016785,0.16436871886253357,0.2773437499999998,0.27860403060913086,0.29629629629629617
222,0.15742090344429016,-0.0046902005560696125,0.005321681499481201,0.8260775804519653,0.17636185884475708,0.23177083333333293,0.27529293298721313,0.2950617283950613
223,0.15577858686447144,-0.004134885035455227,0.005064606666564941,0.8265348076820374,0.21003194153308868,0.4531249999999998,0.2649696171283722,0.2983539094650206
224,0.15835675597190857,-0.0036363352555781603,0.004846334457397461,0.8306439518928528,0.2318895310163498,0.17317708333333293,0.2699816823005676,0.3032921810699585
225,0.15482106804847717,-0.004896761849522591,0.005088925361633301,0.8270673155784607,0.16371265053749084,0.2578124999999998,0.2669406831264496,0.28683127572016465
226,0.1577652394771576,-0.004676228854805231,0.0054593682289123535,0.8267413973808289,0.22163446247577667,0.24479166666666663,0.2713780999183655,0.2872427983539094
227,0.15414267778396606,-0.004644532222300768,0.004821419715881348,0.8263974189758301,0.22227372229099274,0.26432291666666663,0.2763362526893616,0.29135802469135774
228,0.16467316448688507,-0.0043176147155463696,0.005178272724151611,0.8260789513587952,0.22651125490665436,0.16015624999999978,0.2777150869369507,0.29382716049382696
229,0.15860477089881897,-0.004178120754659176,0.004777789115905762,0.8218491673469543,0.2870234549045563,0.32291666666666663,0.26823320984840393,0.28395061728395066
230,0.15548057854175568,-0.003906776197254658,0.004767656326293945,0.8268321752548218,0.2862057387828827,0.2903645833333329,0.2799724340438843,0.2930041152263374
231,0.14980703592300415,-0.003745908150449395,0.005004584789276123,0.8280629515647888,0.1899067461490631,0.2708333333333329,0.2670011818408966,0.28148148148148144
232,0.14226296544075012,-0.004727227613329887,0.005049288272857666,0.8274452090263367,0.2424246221780777,0.3294270833333329,0.2827363908290863,0.2930041152263374
233,0.16106708347797394,-0.004973263014107943,0.005188643932342529,0.8243096470832825,0.24263575673103333,0.16666666666666663,0.2719966769218445,0.2818930041152262
234,0.1593337059020996,-0.005022676195949316,0.0051978230476379395,0.8273352384567261,0.24918904900550842,0.22526041666666663,0.2603912949562073,0.29094650205761297
235,0.15666015446186066,-0.0047278571873903275,0.00489884614944458,0.8279092311859131,0.2150186002254486,0.09505208333333293,0.2694074213504791,0.2666666666666667
236,0.1697625070810318,-0.005142555572092533,0.005277752876281738,0.8262395858764648,0.27146217226982117,0.26432291666666663,0.26557689905166626,0.2744855967078186
237,0.16567853093147278,-0.004562505055218935,0.005347073078155518,0.8252919316291809,0.2776102125644684,0.2708333333333329,0.2625788450241089,0.28395061728395066
238,0.16179494559764862,-0.0028610234148800373,0.0050182342529296875,0.8285491466522217,0.2262837439775467,0.2513020833333329,0.2737251818180084,0.27613168724279824
239,0.15665116906166077,-0.004787486977875233,0.004945158958435059,0.8332751989364624,0.2396976351737976,0.30338541666666663,0.2761061489582062,0.27736625514403257
240,0.15851132571697235,-0.0044454908929765224,0.00488811731338501,0.828262209892273,0.30356869101524353,0.17968749999999978,0.270818293094635,0.27613168724279824
241,0.15524181723594666,-0.00484436983242631,0.005208015441894531,0.8284650444984436,0.21099601686000824,0.22526041666666663,0.2627999484539032,0.279423868312757
242,0.16333839297294617,-0.004245638847351074,0.005259513854980469,0.8302208781242371,0.22711819410324097,0.2773437499999998,0.2656112611293793,0.2827160493827158
243,0.16170330345630646,-0.004848689306527376,0.0051149725914001465,0.8281636834144592,0.2903238832950592,0.21223958333333293,0.27255910634994507,0.2901234567901234
244,0.15973620116710663,-0.004951208829879761,0.005241096019744873,0.8327945470809937,0.278155118227005,0.2578124999999998,0.263145387172699,0.2893004115226333
245,0.15720859169960022,-0.004937179386615753,0.005153059959411621,0.8294041752815247,0.2113625407218933,0.3294270833333329,0.26322051882743835,0.29382716049382696
246,0.15417802333831787,-0.0033251959830522537,0.004655361175537109,0.832574725151062,0.2545371949672699,0.23177083333333293,0.26301079988479614,0.2958847736625514
247,0.1614973545074463,-0.003732329700142145,0.004688739776611328,0.8274288177490234,0.2793624699115753,0.34244791666666663,0.25749072432518005,0.282304526748971
248,0.16298173367977142,-0.0037293368950486183,0.004978179931640625,0.8299718499183655,0.2909817397594452,0.2708333333333329,0.26628825068473816,0.2893004115226333
249,0.15326344966888428,-0.004675673320889473,0.00498199462890625,0.8348968029022217,0.22905778884887695,0.36197916666666663,0.27284714579582214,0.2835390946502053
250,0.15952977538108826,-0.005017195828258991,0.005153179168701172,0.8308379054069519,0.22589021921157837,0.2578124999999998,0.26039919257164,0.2818930041152262
251,0.16422371566295624,-0.004611512646079063,0.00513070821762085,0.8327962160110474,0.25747939944267273,0.3098958333333329,0.27349138259887695,0.28559670781892976
252,0.16590046882629395,-0.004792280960828066,0.005018115043640137,0.8292573690414429,0.28546449542045593,0.2578124999999998,0.26273849606513977,0.29382716049382696
253,0.15948905050754547,-0.004565351642668247,0.0049520134925842285,0.8309192657470703,0.26384100317955017,0.3489583333333329,0.2697394788265228,0.28395061728395066
254,0.16162872314453125,-0.004211679100990295,0.005075991153717041,0.8346463441848755,0.27513083815574646,0.19921874999999978,0.2643979489803314,0.28024691358024656
255,0.16897669434547424,-0.004977240227162838,0.005136311054229736,0.82694411277771,0.23331132531166077,0.2513020833333329,0.2691693902015686,0.2901234567901234
256,0.15622924268245697,-0.004693492315709591,0.005105137825012207,0.8373212814331055,0.2306373417377472,0.19270833333333293,0.2680917978286743,0.27078189300411504
257,0.15687242150306702,-0.004500316455960274,0.004951298236846924,0.8363122940063477,0.22971996665000916,0.19921874999999978,0.26747268438339233,0.279423868312757
258,0.1486722230911255,-0.004719109274446964,0.005040347576141357,0.8376232981681824,0.17704278230667114,0.24479166666666663,0.2700967490673065,0.2769547325102878
259,0.15051808953285217,-0.002790875732898712,0.0047457218170166016,0.8348641991615295,0.25890570878982544,0.3489583333333329,0.2628385126590729,0.27860082304526745
260,0.15350975096225739,-0.004390222951769829,0.004776656627655029,0.835739254951477,0.2168404459953308,0.16015624999999978,0.2743319571018219,0.27201646090534937
261,0.16033610701560974,-0.005113216117024422,0.00530850887298584,0.8330255150794983,0.2652551531791687,0.17968749999999978,0.27133888006210327,0.28312757201646055
262,0.15348251163959503,-0.004425292834639549,0.004777669906616211,0.842719554901123,0.24651871621608734,0.22526041666666663,0.2583671510219574,0.27078189300411504
263,0.16409733891487122,-0.004186816979199648,0.0051215291023254395,0.8361083269119263,0.2432844042778015,0.20572916666666663,0.26613950729370117,0.27078189300411504
264,0.15959389507770538,-0.00440794276073575,0.004951059818267822,0.8396307826042175,0.18820859491825104,0.2773437499999998,0.26024118065834045,0.26378600823045273
265,0.1595887392759323,-0.004389625042676926,0.004669070243835449,0.8376588821411133,0.324707567691803,0.26432291666666663,0.2775129973888397,0.27572016460905346
266,0.15699322521686554,0.0002003433182835579,0.004923820495605469,0.8464107513427734,0.24767175316810608,0.2903645833333329,0.26763486862182617,0.2695473251028807
267,0.15850400924682617,-0.0014373513404279947,0.004992008209228516,0.839539110660553,0.1881246417760849,0.2578124999999998,0.2567947506904602,0.2609053497942382
268,0.15100981295108795,-0.004364050459116697,0.004530072212219238,0.8488186597824097,0.2735319137573242,0.3554687499999998,0.25309300422668457,0.2699588477366255
269,0.16206438839435577,-0.004208565689623356,0.0048604607582092285,0.8506032824516296,0.18982990086078644,0.2708333333333329,0.2620546817779541,0.27777777777777735
270,0.1651899814605713,-0.005280205048620701,0.005446016788482666,0.8503886461257935,0.23528973758220673,0.18619791666666663,0.2699737250804901,0.273662551440329
271,0.16159304976463318,-0.00449944706633687,0.004800617694854736,0.8434273600578308,0.24962778389453888,0.28385416666666663,0.27444303035736084,0.282304526748971
272,0.1569858342409134,-0.004916615784168243,0.005288958549499512,0.8492142558097839,0.24470916390419006,0.3359374999999998,0.2545931935310364,0.2728395061728395
273,0.17764203250408173,-0.004298618528991938,0.005113184452056885,0.8396787047386169,0.27847495675086975,0.2773437499999998,0.2709795832633972,0.279423868312757
274,0.16228853166103363,-0.004694825503975153,0.0050119757652282715,0.849790096282959,0.2468470185995102,0.21874999999999978,0.25690847635269165,0.282304526748971
275,0.16327974200248718,-0.004792920313775539,0.005074143409729004,0.8459267616271973,0.21599151194095612,0.21223958333333293,0.26733627915382385,0.27489711934156336
276,0.1562148630619049,-0.004563459660857916,0.004756152629852295,0.8456069231033325,0.21330629289150238,0.2708333333333329,0.25387078523635864,0.2847736625514402
277,0.15296046435832977,-0.004051866941154003,0.004753291606903076,0.8437854051589966,0.1655978560447693,0.26432291666666663,0.2667277157306671,0.2753086419753087
278,0.16685615479946136,-0.00456383777782321,0.004804432392120361,0.8433263301849365,0.2040281742811203,0.20572916666666663,0.25205710530281067,0.27325102880658425
279,0.1554206907749176,-0.003921525087207556,0.00511544942855835,0.845395028591156,0.24606724083423615,0.2903645833333329,0.269929438829422,0.27736625514403257
280,0.16133780777454376,-0.003951624967157841,0.005094051361083984,0.8472007513046265,0.20500485599040985,0.2903645833333329,0.25998106598854065,0.27078189300411504
281,0.1641538292169571,-0.004924051929265261,0.0051628947257995605,0.8412215709686279,0.22829480469226837,0.23828124999999978,0.26601821184158325,0.2699588477366255
282,0.15479888021945953,-0.0045298621989786625,0.0051163434982299805,0.8407418131828308,0.22765275835990906,0.2578124999999998,0.27154266834259033,0.27736625514403257
283,0.1626323163509369,-0.004807889927178621,0.005003094673156738,0.8409838676452637,0.3184187710285187,0.3359374999999998,0.25696083903312683,0.26213991769547307
284,0.15264827013015747,-0.004509094171226025,0.005090594291687012,0.8485587239265442,0.17828626930713654,0.28385416666666663,0.25563856959342957,0.26790123456790105
285,0.16634893417358398,-0.005088206846266985,0.005273342132568359,0.842250406742096,0.25033923983573914,0.21223958333333293,0.2697576582431793,0.2604938271604934
286,0.15557177364826202,-0.004634200595319271,0.004804730415344238,0.8474280834197998,0.21841642260551453,0.14713541666666663,0.2599538266658783,0.2728395061728395
287,0.15680785477161407,-0.004113522823899984,0.0052117109298706055,0.8486085534095764,0.2592815160751343,0.15364583333333293,0.2518712282180786,0.2670781893004115
288,0.15624523162841797,-0.004652164410799742,0.005084395408630371,0.8433749675750732,0.20916229486465454,0.34244791666666663,0.26223644614219666,0.2744855967078186
289,0.15528513491153717,-0.004634453449398279,0.005222678184509277,0.8440402746200562,0.2533799707889557,0.3098958333333329,0.2582620680332184,0.2695473251028807
290,0.15249088406562805,-0.0046503241173923016,0.0052443742752075195,0.8494420051574707,0.18891483545303345,0.34244791666666663,0.26137983798980713,0.273662551440329
291,0.15097525715827942,-0.004937273450195789,0.005079507827758789,0.8510516881942749,0.21534520387649536,0.2578124999999998,0.25565826892852783,0.2711934156378598
292,0.16309170424938202,-0.004572202917188406,0.005173742771148682,0.8380042314529419,0.2122829109430313,0.21223958333333293,0.2614343464374542,0.2711934156378598
293,0.16906864941120148,-0.004647010937333107,0.004863739013671875,0.8430873155593872,0.24875086545944214,0.2578124999999998,0.25868532061576843,0.2683127572016458
294,0.16233158111572266,-0.004176655318588018,0.005061209201812744,0.8520606160163879,0.3291873633861542,0.2773437499999998,0.27127912640571594,0.2728395061728395
295,0.17443104088306427,-0.003867596387863159,0.005131065845489502,0.8390066027641296,0.2841152548789978,0.2773437499999998,0.25593680143356323,0.2695473251028807
296,0.1545722484588623,-0.004756881855428219,0.0051024556159973145,0.8494223952293396,0.2429981678724289,0.3359374999999998,0.26122811436653137,0.26790123456790105
297,0.15453234314918518,-0.004395307041704655,0.004761397838592529,0.8491722941398621,0.24814432859420776,0.20572916666666663,0.26236361265182495,0.2699588477366255
298,0.1552910953760147,-0.0037352449726313353,0.004626750946044922,0.8495063781738281,0.1652841567993164,0.28385416666666663,0.2609902024269104,0.2695473251028807
299,0.15229135751724243,-0.0029724212363362312,0.004958748817443848,0.8476184606552124,0.29043689370155334,0.2773437499999998,0.26750993728637695,0.26790123456790105
300,0.16486558318138123,-0.004814807791262865,0.005121350288391113,0.839368999004364,0.31281381845474243,0.2513020833333329,0.25951889157295227,0.2629629629629626
301,0.16193072497844696,-0.004835811443626881,0.005366981029510498,0.8443031311035156,0.18905848264694214,0.20572916666666663,0.26274770498275757,0.2629629629629626
302,0.16467216610908508,-0.003992656245827675,0.004835247993469238,0.8454719185829163,0.23670823872089386,0.21223958333333293,0.26334255933761597,0.2740740740740738
303,0.1558925062417984,-0.004883419256657362,0.005196809768676758,0.8480281829833984,0.24059262871742249,0.2578124999999998,0.2601286470890045,0.27489711934156336
304,0.16422393918037415,-0.004147432744503021,0.0050923824310302734,0.8461013436317444,0.2514229714870453,0.19921874999999978,0.26546093821525574,0.27736625514403257
305,0.16360671818256378,-0.004958903416991234,0.005142867565155029,0.8436219692230225,0.2281349003314972,0.36197916666666663,0.257360577583313,0.2609053497942382
306,0.1680482178926468,-0.0047516049817204475,0.004900217056274414,0.8479495048522949,0.22038418054580688,0.3684895833333329,0.2575652003288269,0.2666666666666667
307,0.16061224043369293,-0.0048380945809185505,0.005162715911865234,0.8458327054977417,0.24196118116378784,0.3164062499999998,0.2654220461845398,0.2711934156378598
308,0.15301494300365448,-0.0033053425140678883,0.004855215549468994,0.8541821241378784,0.2745446264743805,0.26432291666666663,0.2701433002948761,0.2711934156378598
309,0.16912886500358582,-0.004755029454827309,0.005236685276031494,0.8440598845481873,0.25918981432914734,0.19921874999999978,0.2661511301994324,0.2711934156378598
310,0.15939095616340637,-0.004576193168759346,0.004972994327545166,0.8481873869895935,0.1933976709842682,0.2708333333333329,0.2671754062175751,0.2646090534979423
311,0.16315288841724396,-0.004468744155019522,0.005486011505126953,0.8495726585388184,0.21662354469299316,0.19921874999999978,0.2596001625061035,0.25967078189300385
312,0.1588657647371292,-0.003890363499522209,0.0051035284996032715,0.8499784469604492,0.26029613614082336,0.26432291666666663,0.27364376187324524,0.2666666666666667
313,0.14882822334766388,-0.00384343764744699,0.004794418811798096,0.8493083715438843,0.17705605924129486,0.21874999999999978,0.2599792182445526,0.27201646090534937
314,0.159164696931839,-0.004713402595371008,0.005251109600067139,0.8504573106765747,0.19399140775203705,0.2968749999999998,0.26236090064048767,0.276543209876543
315,0.1686549335718155,-0.004865347873419523,0.0053560733795166016,0.8367947936058044,0.2983291745185852,0.30338541666666663,0.25862619280815125,0.2818930041152262
316,0.15217366814613342,-0.0033618714660406113,0.004803299903869629,0.8535118103027344,0.2960187494754791,0.3098958333333329,0.2616373598575592,0.2695473251028807
317,0.15870137512683868,-0.004865692928433418,0.005058646202087402,0.8493584990501404,0.23998381197452545,0.38151041666666663,0.2565215826034546,0.2646090534979423
318,0.1499291956424713,-0.004761488176882267,0.00506746768951416,0.8557002544403076,0.21457046270370483,0.18619791666666663,0.26269009709358215,0.2559670781893003
319,0.15555819869041443,-0.003794250776991248,0.004991292953491211,0.8549880981445312,0.1731720119714737,0.2578124999999998,0.2576713562011719,0.2658436213991766
320,0.17045164108276367,-0.00422780541703105,0.005007624626159668,0.8513888120651245,0.24508081376552582,0.2968749999999998,0.26103678345680237,0.2522633744855962
321,0.15252366662025452,-0.004199172370135784,0.005056202411651611,0.85865718126297,0.2572759687900543,0.20572916666666663,0.264171302318573,0.24897119341563745
322,0.1631748229265213,-0.004775651264935732,0.005239367485046387,0.8541420698165894,0.26433366537094116,0.19921874999999978,0.26651039719581604,0.26008230452674863
323,0.15500034391880035,-0.004687408916652203,0.0051059722900390625,0.8561398386955261,0.2575487494468689,0.2903645833333329,0.26205286383628845,0.2629629629629626
324,0.16722768545150757,-0.004910956136882305,0.005062401294708252,0.8492889404296875,0.23388808965682983,0.22526041666666663,0.2627435326576233,0.25967078189300385
325,0.1540505737066269,-0.0038441000506281853,0.004756331443786621,0.8563405871391296,0.21574263274669647,0.2903645833333329,0.2591112554073334,0.2641975308641975
326,0.16518020629882812,-0.00302878231741488,0.00510483980178833,0.8575068712234497,0.21829326450824738,0.20572916666666663,0.25485771894454956,0.2662551440329214
327,0.16682763397693634,-0.005007524508982897,0.005302906036376953,0.8496541380882263,0.19501158595085144,0.11458333333333293,0.2713598906993866,0.2584362139917695
328,0.15524733066558838,-0.0033632032573223114,0.005087792873382568,0.8617582321166992,0.3159008026123047,0.19270833333333293,0.26368239521980286,0.25679012345678986
329,0.1676795780658722,-0.001427460927516222,0.005406796932220459,0.8536176085472107,0.25438037514686584,0.3489583333333329,0.25517338514328003,0.26790123456790105
330,0.16570280492305756,-0.001746908761560917,0.0055580735206604,0.8565610647201538,0.19209350645542145,0.19270833333333293,0.25874990224838257,0.26748971193415627
331,0.16678079962730408,-0.004259801469743252,0.005107462406158447,0.8603188395500183,0.2145295888185501,0.2903645833333329,0.2607614994049072,0.28065843621399134
332,0.1579475849866867,-0.004322919528931379,0.005200564861297607,0.8719580769538879,0.23194187879562378,0.21874999999999978,0.26555973291397095,0.27860082304526745
333,0.15632084012031555,-0.0033356952480971813,0.005001723766326904,0.8636904954910278,0.2276565134525299,0.3359374999999998,0.25631359219551086,0.2711934156378598
334,0.16135728359222412,-0.004532905295491219,0.004774749279022217,0.8622199296951294,0.21236668527126312,0.2578124999999998,0.2570882737636566,0.2641975308641975
335,0.15415692329406738,-0.0045302193611860275,0.004761636257171631,0.8640655279159546,0.23758269846439362,0.34244791666666663,0.25540903210639954,0.28024691358024656
336,0.1675683856010437,-0.004203491378575563,0.005095064640045166,0.8629130125045776,0.2770039141178131,0.21223958333333293,0.2612141966819763,0.2728395061728395
337,0.15932142734527588,-0.00428224541246891,0.00500565767288208,0.8647294640541077,0.28558650612831116,0.30338541666666663,0.26242417097091675,0.27572016460905346
338,0.15591934323310852,-0.005080928560346365,0.005258917808532715,0.8617140650749207,0.23185697197914124,0.36197916666666663,0.2580075263977051,0.27777777777777735
339,0.16083064675331116,-0.004847400356084108,0.0050776004791259766,0.8600316643714905,0.18744443356990814,0.3098958333333329,0.2544533610343933,0.2683127572016458
340,0.16492848098278046,-0.004943737294524908,0.005095422267913818,0.8583536148071289,0.2861305773258209,0.2968749999999998,0.25310853123664856,0.2753086419753087
341,0.15940572321414948,-0.004527526907622814,0.005373477935791016,0.8641244769096375,0.2607063055038452,0.19270833333333293,0.2609558701515198,0.26790123456790105
342,0.16033320128917694,-0.0048716128803789616,0.005408644676208496,0.8637940287590027,0.24769970774650574,0.14713541666666663,0.25748899579048157,0.26543209876543183
343,0.16684472560882568,-0.005037813913077116,0.005250811576843262,0.8613223433494568,0.2828565835952759,0.22526041666666663,0.26381853222846985,0.26790123456790105
344,0.16871853172779083,-0.004748029634356499,0.005114555358886719,0.8591622710227966,0.2325923889875412,0.2773437499999998,0.25693562626838684,0.27489711934156336
345,0.1661815047264099,-0.0049683814868330956,0.005226314067840576,0.8589320182800293,0.212443009018898,0.24479166666666663,0.25695547461509705,0.26790123456790105
346,0.15982931852340698,-0.004878845065832138,0.00503993034362793,0.8638207912445068,0.232243612408638,0.21874999999999978,0.2591885030269623,0.2724279835390947
347,0.1645306795835495,-0.004887809511274099,0.005117654800415039,0.8626044988632202,0.24678823351860046,0.17317708333333293,0.25479698181152344,0.26378600823045273
348,0.16365966200828552,-0.004794122185558081,0.004913449287414551,0.8580923080444336,0.24644367396831512,0.23177083333333293,0.2638193666934967,0.2629629629629626
349,0.1720539629459381,-0.004459057003259659,0.005046665668487549,0.8573031425476074,0.2379702925682068,0.34244791666666663,0.2517606019973755,0.2691358024691354
350,0.16591274738311768,-0.004945424385368824,0.005276918411254883,0.8576033711433411,0.2389317750930786,0.3554687499999998,0.254324346780777,0.26502057613168706
351,0.15676255524158478,-0.004877676256000996,0.005177557468414307,0.8655709624290466,0.19383926689624786,0.30338541666666663,0.2580089867115021,0.27325102880658425
352,0.15502825379371643,-0.004277357831597328,0.0047776103019714355,0.8610665202140808,0.20012834668159485,0.2968749999999998,0.2558084726333618,0.2740740740740738
353,0.15053962171077728,-0.004944909829646349,0.005121588706970215,0.8697049021720886,0.23571261763572693,0.24479166666666663,0.25226977467536926,0.26255144032921784
354,0.16810588538646698,-0.0028933859430253506,0.004868209362030029,0.8581451177597046,0.24491100013256073,0.21874999999999978,0.2604408860206604,0.2724279835390947
355,0.18120098114013672,-0.004218339920043945,0.005172252655029297,0.8589779734611511,0.26085665822029114,0.19921874999999978,0.2595270872116089,0.2699588477366255
356,0.1556842178106308,-0.004842146299779415,0.00506061315536499,0.8625530004501343,0.2277919054031372,0.24479166666666663,0.25410452485084534,0.2629629629629626
357,0.15796566009521484,-0.004816547967493534,0.0056803226470947266,0.8664016127586365,0.2475745528936386,0.2968749999999998,0.2602071166038513,0.26790123456790105
358,0.1596372425556183,-0.0032875826582312584,0.005161762237548828,0.8688523173332214,0.22154560685157776,0.19270833333333293,0.26070958375930786,0.26008230452674863
359,0.1654021292924881,-0.004807310178875923,0.005286753177642822,0.8630785942077637,0.14168000221252441,0.2578124999999998,0.258590430021286,0.26213991769547307
360,0.16158446669578552,-0.004726951010525227,0.004954516887664795,0.8699803352355957,0.23423802852630615,0.21223958333333293,0.2524804472923279,0.2588477366255143
361,0.15968716144561768,-0.004815671127289534,0.005240738391876221,0.8650521039962769,0.23944775760173798,0.2708333333333329,0.2617875635623932,0.26543209876543183
362,0.16004523634910583,-0.003264982718974352,0.005136370658874512,0.8680136799812317,0.18702977895736694,0.22526041666666663,0.25857338309288025,0.2563786008230451
363,0.1751341074705124,-0.004298114683479071,0.005253136157989502,0.8632016181945801,0.2319009006023407,0.20572916666666663,0.2533482313156128,0.2646090534979423
364,0.16087983548641205,-0.004925369285047054,0.005291998386383057,0.8679757714271545,0.18948602676391602,0.26432291666666663,0.2460029274225235,0.24732510288065834
365,0.16571426391601562,-0.004415726754814386,0.005069732666015625,0.8636048436164856,0.22939223051071167,0.2773437499999998,0.24785520136356354,0.26213991769547307
366,0.1561417281627655,-0.004505257587879896,0.005087614059448242,0.8700695037841797,0.2870781719684601,0.32291666666666663,0.25524160265922546,0.2670781893004115
367,0.16171406209468842,-0.004952479153871536,0.005263686180114746,0.8685504198074341,0.2888730764389038,0.3489583333333329,0.2563167214393616,0.26502057613168706
368,0.1668841689825058,-0.0036615459248423576,0.0053597092628479,0.8673813939094543,0.2557215392589569,0.23828124999999978,0.25609251856803894,0.26378600823045273
369,0.16689641773700714,-0.005121354479342699,0.005408287048339844,0.8663909435272217,0.2541545033454895,0.16666666666666663,0.25723934173583984,0.2753086419753087
370,0.1693538874387741,-0.00500094098970294,0.005225062370300293,0.8656333684921265,0.22767597436904907,0.22526041666666663,0.25429439544677734,0.2609053497942382
371,0.17091958224773407,-0.0049225641414523125,0.005133092403411865,0.8684431910514832,0.29880625009536743,0.3164062499999998,0.2568061053752899,0.27325102880658425
372,0.161987766623497,-0.004047926981002092,0.005281627178192139,0.8683222532272339,0.23340781033039093,0.3945312499999998,0.25084808468818665,0.2662551440329214
373,0.16920998692512512,-0.004979216028004885,0.005268573760986328,0.8684282302856445,0.1890098601579666,0.16015624999999978,0.24980659782886505,0.28600823045267454
374,0.15889757871627808,-0.004977933131158352,0.005139172077178955,0.8751584887504578,0.17987574636936188,0.3554687499999998,0.2556475102901459,0.28065843621399134
375,0.16861379146575928,-0.004305937793105841,0.005395829677581787,0.8727527260780334,0.24553124606609344,0.13411458333333293,0.2549060583114624,0.28312757201646055
376,0.15526282787322998,-0.004682130180299282,0.004904568195343018,0.8768919706344604,0.22354263067245483,0.2773437499999998,0.2619773745536804,0.25967078189300385
377,0.16698269546031952,-0.004757053218781948,0.004972398281097412,0.8686345219612122,0.23423004150390625,0.32291666666666663,0.2529107928276062,0.26255144032921784
378,0.16385269165039062,-0.00472817849367857,0.005026340484619141,0.8696343302726746,0.21349310874938965,0.21874999999999978,0.2488739937543869,0.2530864197530863
379,0.16065572202205658,-0.004262573551386595,0.0047872066497802734,0.8754315376281738,0.2638864815235138,0.2578124999999998,0.25358128547668457,0.2666666666666667
380,0.16477902233600616,-0.0049812509678304195,0.005137443542480469,0.8718291521072388,0.21316535770893097,0.17317708333333293,0.25571292638778687,0.2658436213991766
381,0.1553104817867279,-0.005067591555416584,0.005348324775695801,0.8741801977157593,0.20870591700077057,0.4075520833333329,0.24683412909507751,0.26543209876543183
382,0.16270840167999268,-0.005045793484896421,0.005244135856628418,0.8772380352020264,0.23343707621097565,0.2578124999999998,0.25085124373435974,0.2646090534979423
383,0.16282474994659424,-0.005271187983453274,0.005514264106750488,0.8733534812927246,0.2323618084192276,0.3684895833333329,0.24918198585510254,0.2753086419753087
384,0.16118788719177246,-0.004766716621816158,0.005533337593078613,0.8765878081321716,0.17683202028274536,0.24479166666666663,0.2522100508213043,0.2629629629629626
385,0.16682063043117523,-0.005012236535549164,0.005166947841644287,0.8774850368499756,0.30022716522216797,0.21874999999999978,0.2577550709247589,0.2691358024691354
386,0.16035576164722443,-0.0014862646348774433,0.005646407604217529,0.8675538301467896,0.20644274353981018,0.2903645833333329,0.2564365565776825,0.26378600823045273
387,0.17210404574871063,0.0020462078973650932,0.00538027286529541,0.8761102557182312,0.1693616509437561,0.18619791666666663,0.252996563911438,0.2666666666666667
388,0.17799752950668335,-0.005136450752615929,0.005895018577575684,0.8729562759399414,0.18507078289985657,0.21223958333333293,0.2556315064430237,0.2711934156378598
389,0.17577306926250458,-0.004295274615287781,0.005120515823364258,0.8769989013671875,0.23695504665374756,0.19921874999999978,0.25234368443489075,0.26378600823045273
390,0.162347674369812,-0.00485436525195837,0.005122482776641846,0.8781859278678894,0.20586000382900238,0.38151041666666663,0.2501600682735443,0.2658436213991766
391,0.1739274263381958,-0.004659492056816816,0.005112946033477783,0.8800716400146484,0.23351942002773285,0.3489583333333329,0.2494969516992569,0.2728395061728395
392,0.177931547164917,-0.005305546335875988,0.005478918552398682,0.8781026005744934,0.21830348670482635,0.3359374999999998,0.25249236822128296,0.2658436213991766
393,0.1560935527086258,-0.004967257846146822,0.005371749401092529,0.8927237391471863,0.24681738018989563,0.17968749999999978,0.25400057435035706,0.2716049382716046
394,0.16688799858093262,-0.00494666863232851,0.005292117595672607,0.8809566497802734,0.19321130216121674,0.15364583333333293,0.25257354974746704,0.27489711934156336
395,0.16458825767040253,-0.00488256523385644,0.005107522010803223,0.8814767003059387,0.2840723991394043,0.3359374999999998,0.2568320631980896,0.27325102880658425
396,0.16701658070087433,-0.004773891530930996,0.005103349685668945,0.8839091658592224,0.2228599488735199,0.26432291666666663,0.25215432047843933,0.25555555555555554
397,0.1647026389837265,-0.004870169796049595,0.005160152912139893,0.8819833397865295,0.2313115894794464,0.13411458333333293,0.25251418352127075,0.2641975308641975
398,0.16394905745983124,-0.0042285737581551075,0.004860818386077881,0.8857068419456482,0.2545262277126312,0.22526041666666663,0.25074315071105957,0.2580246913580242
399,0.1723044216632843,-0.004059910774230957,0.005300581455230713,0.8832576274871826,0.17213863134384155,0.2903645833333329,0.2579669952392578,0.2670781893004115
