,loss_g,loss_d,train_wd,train_ce_d,train_mse,train_acc,test_mse,test_acc
0,1.0620090961456299,7.026266574859619,8.83638858795166e-05,7.094706058502197,0.25121650099754333,0.36197916666666663,0.2222488820552826,0.33045267489711927
1,0.9931922554969788,5.589585781097412,-0.00011761486530303955,7.30392599105835,0.2615615427494049,0.3098958333333329,0.2234455943107605,0.36790123456790114
2,1.0420559644699097,3.8731067180633545,0.000558510422706604,7.338133811950684,0.22628431022167206,0.3945312499999998,0.22415027022361755,0.4028806584362138
3,1.058088779449463,1.906514048576355,-0.0004372149705886841,7.297579765319824,0.19628044962882996,0.3880208333333329,0.2284134179353714,0.4399176954732509
4,1.0203959941864014,1.7680660486221313,0.0007651001214981079,7.3648200035095215,0.2441210299730301,0.4466145833333329,0.24292750656604767,0.462551440329218
5,1.137643814086914,1.3640189170837402,-0.0010595768690109253,7.2484540939331055,0.27629581093788147,0.3945312499999998,0.26142221689224243,0.49053497942386837
6,1.015878438949585,1.7580448389053345,2.7298927307128906e-05,7.223116874694824,0.26062700152397156,0.40104166666666663,0.27374979853630066,0.5082304526748971
7,1.014088749885559,1.3395769596099854,-0.0007701069116592407,7.2247443199157715,0.3144015073776245,0.5182291666666666,0.28909456729888916,0.5119341563786006
8,1.043999433517456,1.133129596710205,-0.0013173967599868774,7.112213134765625,0.3532980680465698,0.4531249999999998,0.30704569816589355,0.5185185185185182
9,1.1213347911834717,0.8492076992988586,-0.0007603168487548828,7.207161903381348,0.3319380581378937,0.5638020833333329,0.32308512926101685,0.5288065843621398
10,1.0666499137878418,0.5206178426742554,-0.0007145702838897705,7.23772668838501,0.45646893978118896,0.5312499999999998,0.33787813782691956,0.5444444444444441
11,1.0447784662246704,0.42217645049095154,-0.0010568797588348389,7.269734859466553,0.3187832534313202,0.4466145833333329,0.3524198830127716,0.5440329218106993
12,0.9562737941741943,0.4601566791534424,-0.0010193735361099243,7.240375995635986,0.31526485085487366,0.5377604166666666,0.3599957525730133,0.539917695473251
13,1.086053729057312,0.2243456095457077,-0.0011765509843826294,7.207549095153809,0.426312655210495,0.6223958333333329,0.382845014333725,0.5349794238683125
14,1.1426057815551758,0.13802851736545563,-0.001264825463294983,7.14901065826416,0.3377261757850647,0.4921874999999998,0.3900618255138397,0.5382716049382713
15,1.0113940238952637,0.12158529460430145,-0.0018678456544876099,7.151686668395996,0.5336477756500244,0.5117187499999998,0.41967901587486267,0.5506172839506168
16,1.0896018743515015,0.1275762915611267,-0.0011858344078063965,7.262218952178955,0.4780932664871216,0.5377604166666666,0.41425037384033203,0.5609053497942385
17,1.0807819366455078,0.08477827906608582,-0.0016738474369049072,7.260318756103516,0.5595504641532898,0.4531249999999998,0.45473936200141907,0.5465020576131685
18,1.0034924745559692,0.07367684692144394,-0.0017866194248199463,7.208449363708496,0.3532624840736389,0.5768229166666666,0.48197540640830994,0.5584362139917692
19,1.0476877689361572,0.0865350216627121,-0.002082228660583496,7.307511806488037,0.4190467596054077,0.49869791666666663,0.4804772138595581,0.5604938271604937
20,1.0591098070144653,0.07796493917703629,-0.0021051019430160522,7.204493045806885,0.4671143591403961,0.5052083333333329,0.49551641941070557,0.5547325102880657
21,1.1027940511703491,0.056152790784835815,-0.0011477768421173096,7.183512210845947,0.5384495854377747,0.5377604166666666,0.5097771286964417,0.561728395061728
22,1.0877320766448975,0.06973101198673248,-0.0010329782962799072,7.18386173248291,0.48446327447891235,0.6289062499999998,0.5220394730567932,0.5641975308641972
23,1.1219316720962524,0.04912920668721199,-0.0015826374292373657,7.303901672363281,0.4243067502975464,0.5638020833333329,0.5266577005386353,0.573251028806584
24,1.1947696208953857,0.036547012627124786,-0.0016462206840515137,7.082122802734375,0.42298462986946106,0.44010416666666663,0.5502093434333801,0.5748971193415636
25,1.126596450805664,0.037768539041280746,-0.0013063699007034302,7.290981292724609,0.5427523851394653,0.6093749999999998,0.5639613270759583,0.5650205761316868
26,1.0364738702774048,0.03485015034675598,-0.0007999241352081299,7.247920989990234,0.5339218974113464,0.49869791666666663,0.5670126080513,0.5748971193415636
27,1.04696786403656,0.02440125122666359,-0.001144111156463623,7.291046142578125,0.5977694988250732,0.7330729166666666,0.5847348570823669,0.5810699588477364
28,1.0833804607391357,0.030121829360723495,-0.0011478811502456665,7.297061920166016,0.5230078101158142,0.5572916666666666,0.5776965618133545,0.5872427983539091
29,1.0815460681915283,0.030095679685473442,-0.0016602426767349243,7.20885705947876,0.3962630033493042,0.5247395833333329,0.5680749416351318,0.5810699588477364
30,0.9868272542953491,0.020925726741552353,-0.001115068793296814,7.160192012786865,0.509590744972229,0.6028645833333329,0.571226954460144,0.5893004115226336
31,1.134164571762085,0.025750204920768738,-0.0012240707874298096,7.204387664794922,0.6050688028335571,0.5442708333333329,0.5678604245185852,0.588477366255144
32,1.1576368808746338,0.018599877133965492,-0.0014721453189849854,7.303072929382324,0.6047658920288086,0.5703124999999998,0.5939105153083801,0.5843621399176951
33,0.9226794242858887,0.022696739062666893,-0.0009948760271072388,7.159817218780518,0.49451175332069397,0.5638020833333329,0.5938800573348999,0.5839506172839504
34,1.0826932191848755,0.018068943172693253,-0.0011207163333892822,7.362608909606934,0.5435495376586914,0.5182291666666666,0.5908780097961426,0.58559670781893
35,1.047847867012024,0.013498842716217041,-0.0018384158611297607,7.1851115226745605,0.5669267177581787,0.5833333333333329,0.6039370894432068,0.5864197530864196
36,0.9692946672439575,0.01573321968317032,-0.0013020187616348267,7.235734462738037,0.7571560740470886,0.4921874999999998,0.6073810458183289,0.5876543209876539
37,0.9923165440559387,0.02122088149189949,-0.0011994242668151855,7.160672664642334,0.5171915888786316,0.6419270833333329,0.6072239875793457,0.5864197530864196
38,0.9980016350746155,0.011743216775357723,-0.0009064823389053345,7.379636287689209,0.5522456765174866,0.5963541666666666,0.6021350026130676,0.5868312757201644
39,1.0472897291183472,0.01872876100242138,-0.0010808110237121582,7.161929130554199,0.7919344902038574,0.5442708333333329,0.5882642865180969,0.5897119341563783
40,1.0279018878936768,0.016540929675102234,-0.0007312148809432983,7.203487396240234,0.5972649455070496,0.5768229166666666,0.6067193150520325,0.588477366255144
41,0.9015076160430908,0.01872079446911812,-0.0009889602661132812,7.2614054679870605,0.6248162984848022,0.5638020833333329,0.6003539562225342,0.594238683127572
42,1.069469690322876,0.01193828321993351,-0.0005616545677185059,7.245277404785156,0.536543607711792,0.4531249999999998,0.6056327223777771,0.5934156378600819
43,1.111862063407898,0.010938074439764023,-0.0013317763805389404,7.289996147155762,0.4187834858894348,0.5768229166666666,0.6164798140525818,0.5876543209876539
44,1.0351958274841309,0.015467662364244461,-0.000532686710357666,7.290563583374023,0.486438125371933,0.5377604166666666,0.6047427654266357,0.5979423868312755
45,1.1377819776535034,0.008314501494169235,-0.0007039010524749756,7.430332660675049,0.5020910501480103,0.6614583333333329,0.5981536507606506,0.5909465020576127
46,1.072520136833191,0.014954143203794956,-0.0006279200315475464,7.208872318267822,0.6162880063056946,0.6354166666666666,0.6075007915496826,0.5962962962962959
47,0.9617019295692444,0.008912919089198112,-0.000902518630027771,7.310389041900635,0.5815582275390625,0.5638020833333329,0.6122565865516663,0.594238683127572
48,1.0144224166870117,0.008951783180236816,-0.0012961626052856445,7.264503002166748,0.6206894516944885,0.5703124999999998,0.6087586879730225,0.5958847736625511
49,1.1053153276443481,0.010801216587424278,-0.0011836439371109009,7.206430912017822,0.4118056297302246,0.5703124999999998,0.6034073829650879,0.6045267489711931
50,1.0384247303009033,0.01152079924941063,-0.0007437765598297119,7.280632972717285,0.8224732279777527,0.6354166666666666,0.596206784248352,0.5995884773662546
51,1.034515619277954,0.008686164394021034,-0.001465529203414917,7.099262714385986,0.8372302055358887,0.49869791666666663,0.6084237098693848,0.6012345679012343
52,1.0525907278060913,0.00845450721681118,-0.0009775906801223755,7.287912845611572,0.7218112945556641,0.5703124999999998,0.6023664474487305,0.6016460905349791
53,1.0390585660934448,0.008323141373693943,-0.0011684149503707886,7.2766337394714355,0.5956045389175415,0.5312499999999998,0.5985764861106873,0.5979423868312755
54,1.009737491607666,0.008041249588131905,-0.0008644163608551025,7.194023132324219,0.543041467666626,0.5312499999999998,0.5991917252540588,0.5995884773662546
55,1.062326431274414,0.008628747425973415,-0.0011542141437530518,6.996016979217529,0.4418579638004303,0.5117187499999998,0.6016805171966553,0.5917695473251028
56,1.0295374393463135,0.00901006069034338,-0.0009277462959289551,7.13538122177124,0.5511691570281982,0.6158854166666666,0.5796279311180115,0.5893004115226336
57,1.1004189252853394,0.007815835997462273,-0.000912398099899292,7.234273433685303,0.5814351439476013,0.5117187499999998,0.6050615906715393,0.5909465020576127
58,1.000367522239685,0.007293281145393848,-0.0006433725357055664,7.260918617248535,0.4645000100135803,0.6028645833333329,0.5932580828666687,0.6045267489711931
59,1.0711239576339722,0.0067326901480555534,-0.001038864254951477,7.227214813232422,0.5911765098571777,0.6093749999999998,0.6052493453025818,0.5921810699588476
60,1.0439372062683105,0.006652184762060642,-0.000757262110710144,7.224125385284424,0.539118766784668,0.6549479166666666,0.5988437533378601,0.5995884773662546
61,1.0005861520767212,0.006470852065831423,-0.000547453761100769,7.22129487991333,0.638271689414978,0.5117187499999998,0.6075817942619324,0.6024691358024692
62,1.094518780708313,0.0060198623687028885,-0.00035296380519866943,7.219135284423828,0.7134860754013062,0.4075520833333329,0.6055562496185303,0.5979423868312755
63,1.0717964172363281,0.005970935337245464,-0.0006205886602401733,7.136898040771484,0.6631236672401428,0.5442708333333329,0.6083605289459229,0.5905349794238679
64,0.9878733158111572,0.006716534495353699,-0.0005101710557937622,7.243956565856934,0.6511960625648499,0.5182291666666666,0.608452320098877,0.597119341563786
65,1.015953779220581,0.006354002747684717,-0.000661894679069519,7.17742919921875,0.8147161602973938,0.5507812499999998,0.602933943271637,0.5938271604938267
66,1.0648142099380493,0.004767582751810551,-0.0004839599132537842,7.19197940826416,0.49916312098503113,0.5638020833333329,0.5933679938316345,0.597119341563786
67,1.1108856201171875,0.004615971818566322,-0.0004223287105560303,7.306289196014404,0.5966800451278687,0.5182291666666666,0.6037412881851196,0.591358024691358
68,0.9600998163223267,0.005472801625728607,-0.0005140155553817749,7.2332563400268555,0.7193953394889832,0.5442708333333329,0.5964433550834656,0.6004115226337448
69,1.064170479774475,0.005775464233011007,-0.0008482187986373901,7.16928768157959,0.6803812384605408,0.5638020833333329,0.588407576084137,0.5917695473251028
70,0.9561262130737305,0.005079794209450483,-0.0005292147397994995,7.157063961029053,0.4690837264060974,0.5638020833333329,0.5940420031547546,0.5938271604938267
71,1.0910959243774414,0.0065822238102555275,-0.00010098516941070557,7.30542516708374,0.44624266028404236,0.4921874999999998,0.5831618309020996,0.5901234567901231
72,1.0344038009643555,0.005125891417264938,-0.00034353137016296387,7.254017353057861,0.4388146996498108,0.5638020833333329,0.5848899483680725,0.5925925925925923
73,0.9810224771499634,0.005348800681531429,-0.0004149824380874634,7.2644805908203125,0.6010011434555054,0.6028645833333329,0.5849895477294922,0.5909465020576127
74,1.0013165473937988,0.004506398923695087,-0.0003996938467025757,7.210883140563965,0.5168619155883789,0.5507812499999998,0.5927516222000122,0.5876543209876539
75,1.0162149667739868,0.00509627815335989,-0.0007175654172897339,7.279272079467773,0.4319782555103302,0.6614583333333329,0.5699997544288635,0.594238683127572
76,0.9898259043693542,0.004318326245993376,-0.0006409436464309692,7.288290023803711,0.601216197013855,0.5963541666666666,0.5693373680114746,0.5921810699588476
77,1.0560026168823242,0.005174022167921066,-0.0002543330192565918,7.175778865814209,0.748971700668335,0.6223958333333329,0.569192111492157,0.5909465020576127
78,1.0379301309585571,0.004899372346699238,-0.0005232542753219604,7.200194358825684,0.5432642102241516,0.5572916666666666,0.5696359872817993,0.5909465020576127
79,1.0711934566497803,0.004949315916746855,-0.00035743415355682373,7.172868251800537,0.5721405148506165,0.44010416666666663,0.5606172680854797,0.5905349794238679
80,1.0670355558395386,0.0033410079777240753,-0.00010053813457489014,7.263733863830566,0.7652810215950012,0.4661458333333329,0.5672388076782227,0.5905349794238679
81,0.9977049231529236,0.004783635027706623,-0.00020290911197662354,7.209697723388672,0.5625558495521545,0.5572916666666666,0.5572866797447205,0.5921810699588476
82,1.088412880897522,0.006636165082454681,-0.0006429404020309448,7.1036696434021,0.4169997572898865,0.4531249999999998,0.5458924770355225,0.58559670781893
83,0.8576887845993042,0.0035918669309467077,-0.00034852325916290283,7.320498466491699,0.7231220602989197,0.6093749999999998,0.5462750792503357,0.588477366255144
84,1.0202748775482178,0.005266471765935421,-0.00044333934783935547,7.206223964691162,0.5877622365951538,0.6093749999999998,0.5463740825653076,0.5938271604938267
85,0.9887264966964722,0.0037919804453849792,-0.00034902989864349365,7.131406784057617,0.48990923166275024,0.5833333333333329,0.5152029991149902,0.5888888888888888
86,1.130538821220398,0.0036417583469301462,-0.0005987435579299927,7.2666449546813965,0.40980082750320435,0.6809895833333329,0.48601165413856506,0.5876543209876539
87,1.0594018697738647,0.0033626765944063663,-0.0004637390375137329,7.1496806144714355,0.4138745069503784,0.6289062499999998,0.44016918540000916,0.5880658436213987
88,0.9652995467185974,0.004129466600716114,-0.0004862546920776367,7.165341854095459,0.5012797117233276,0.5377604166666666,0.38977891206741333,0.5860082304526748
89,1.0357615947723389,0.0036341450177133083,-0.00043673813343048096,7.225464820861816,0.49447572231292725,0.5638020833333329,0.3860411047935486,0.5888888888888888
90,1.0887659788131714,0.004879405256360769,-0.0005728453397750854,7.178371429443359,0.41807591915130615,0.47916666666666663,0.3971046209335327,0.58559670781893
91,1.0377391576766968,0.0031341873109340668,-0.0002502650022506714,7.1116437911987305,0.25063464045524597,0.5572916666666666,0.40217870473861694,0.5938271604938267
92,1.0881388187408447,0.004421011544764042,-0.00035427510738372803,7.2588114738464355,0.41455206274986267,0.5052083333333329,0.4027760624885559,0.588477366255144
93,1.0287353992462158,0.0036090780049562454,-0.000497281551361084,7.327796459197998,0.4637303054332733,0.6093749999999998,0.39810094237327576,0.5897119341563783
94,0.9815873503684998,0.0033342500682920218,9.708106517791748e-05,7.249245643615723,0.42861056327819824,0.6093749999999998,0.40176570415496826,0.5872427983539091
95,1.0332391262054443,0.003278978168964386,-0.00017473101615905762,7.244687557220459,0.41314032673835754,0.5703124999999998,0.4049178957939148,0.5905349794238679
96,1.066408395767212,0.0030373637564480305,-1.9669532775878906e-05,7.248259544372559,0.3981492519378662,0.5182291666666666,0.4008401930332184,0.591358024691358
97,1.091244101524353,0.00286300340667367,-0.0005235224962234497,7.2298583984375,0.4077702760696411,0.5572916666666666,0.40295329689979553,0.5897119341563783
98,1.0766550302505493,0.002913251519203186,-2.473592758178711e-05,7.1053080558776855,0.5203381180763245,0.6223958333333329,0.40556710958480835,0.5938271604938267
99,1.0155744552612305,0.0032321265898644924,-0.0002585798501968384,7.066728115081787,0.49130213260650635,0.5247395833333329,0.4089184105396271,0.5921810699588476
100,1.0640747547149658,0.0028621351812034845,-0.00032830238342285156,7.256865978240967,0.43488559126853943,0.7265624999999998,0.4043506979942322,0.594238683127572
101,1.1216981410980225,0.0037240178789943457,-0.00026479363441467285,7.236069679260254,0.3809197247028351,0.7070312499999998,0.4043784439563751,0.5934156378600819
102,1.124636173248291,0.0027905062306672335,-0.00016170740127563477,7.096089839935303,0.27401599287986755,0.6289062499999998,0.40388354659080505,0.5934156378600819
103,0.8917239308357239,0.0030863150022923946,-0.00033564865589141846,7.282032489776611,0.3901968002319336,0.4531249999999998,0.40721920132637024,0.5880658436213987
104,1.0429410934448242,0.0019827180076390505,0.0004930645227432251,7.264512538909912,0.4893583059310913,0.5182291666666666,0.4059410095214844,0.5901234567901231
105,0.9370718598365784,0.002978214994072914,4.60892915725708e-05,7.221534729003906,0.48486918210983276,0.4335937499999998,0.4084983468055725,0.5930041152263371
106,1.1068302392959595,0.00402194494381547,5.1021575927734375e-05,7.308684825897217,0.4477822780609131,0.6354166666666666,0.40412965416908264,0.5872427983539091
107,1.067905306816101,0.0021375389769673347,0.0001484602689743042,7.082143306732178,0.4480978548526764,0.5507812499999998,0.4076524078845978,0.5946502057613168
108,0.9923309683799744,0.002081403974443674,0.00015248358249664307,7.085850238800049,0.37974095344543457,0.4856770833333329,0.40540483593940735,0.591358024691358
109,0.9457817077636719,0.002492025261744857,-0.00027845799922943115,7.198368072509766,0.37732478976249695,0.5572916666666666,0.40484917163848877,0.58559670781893
110,1.0853114128112793,0.001746143912896514,0.00017693638801574707,7.358684539794922,0.4361169934272766,0.5572916666666666,0.4083716571331024,0.591358024691358
111,1.0213303565979004,0.002700155135244131,-6.830692291259766e-05,7.302944183349609,0.3859733045101166,0.6419270833333329,0.40684252977371216,0.5967078189300407
112,1.104156494140625,0.0032077759969979525,0.00014534592628479004,7.241269588470459,0.44417276978492737,0.5572916666666666,0.40413007140159607,0.5962962962962959
113,1.1106377840042114,0.0019636915531009436,0.0002002716064453125,7.210274696350098,0.4100189805030823,0.5963541666666666,0.40331220626831055,0.5934156378600819
114,1.0612972974777222,0.0016926323296502233,0.0001811683177947998,7.225263595581055,0.3921630084514618,0.6419270833333329,0.40537381172180176,0.5954732510288063
115,1.0487114191055298,0.0022028894163668156,0.00044368207454681396,7.219405174255371,0.4145507216453552,0.5963541666666666,0.4017692804336548,0.5888888888888888
116,1.015230417251587,0.0026122136041522026,0.0002960115671157837,7.213997840881348,0.37265512347221375,0.49869791666666663,0.39549756050109863,0.5954732510288063
117,1.0233452320098877,0.0018628784455358982,0.00025385618209838867,7.075117111206055,0.3951290547847748,0.4140624999999998,0.39355868101119995,0.5897119341563783
118,1.1233272552490234,0.0020547648891806602,6.55055046081543e-05,7.3031134605407715,0.3516295254230499,0.6158854166666666,0.38572967052459717,0.5880658436213987
119,1.015855312347412,0.0028580124489963055,5.0395727157592773e-05,7.2374749183654785,0.38884153962135315,0.5833333333333329,0.3364448845386505,0.5925925925925923
120,1.0432946681976318,0.002272638725116849,0.0001147538423538208,7.012606143951416,0.3524527847766876,0.5898437499999998,0.25655004382133484,0.5905349794238679
121,1.0660237073898315,0.002587520517408848,0.00020739436149597168,7.2610297203063965,0.22849395871162415,0.5247395833333329,0.23548640310764313,0.5909465020576127
122,1.0042340755462646,0.0021222764626145363,-0.00013799965381622314,7.199706554412842,0.2570588290691376,0.6158854166666666,0.2350403070449829,0.5893004115226336
123,0.9635440707206726,0.001854331698268652,0.00018963217735290527,7.419893741607666,0.23105132579803467,0.6028645833333329,0.23624898493289948,0.5901234567901231
124,1.0956389904022217,0.00174212665297091,0.00016908347606658936,7.197945594787598,0.14753161370754242,0.6028645833333329,0.22920268774032593,0.594238683127572
125,1.0444175004959106,0.001748196897096932,0.00017733871936798096,7.1843085289001465,0.32011932134628296,0.6028645833333329,0.2343936413526535,0.5925925925925923
126,1.0800868272781372,0.0019963306840509176,3.775954246520996e-05,7.186867713928223,0.3507368862628937,0.4661458333333329,0.23255345225334167,0.591358024691358
127,1.103861927986145,0.0018071869853883982,0.00021164119243621826,7.192385196685791,0.2605440318584442,0.6223958333333329,0.2372232973575592,0.5880658436213987
128,1.0718533992767334,0.0013922664802521467,0.0004342794418334961,7.24130392074585,0.26734253764152527,0.49869791666666663,0.23437970876693726,0.5930041152263371
129,0.9870824813842773,0.0016233426285907626,0.00014671683311462402,7.227062702178955,0.2709049582481384,0.5963541666666666,0.23138925433158875,0.5888888888888888
130,1.0983047485351562,0.001421996857970953,0.0002525150775909424,7.310157299041748,0.3050044775009155,0.6223958333333329,0.2340579330921173,0.5897119341563783
131,1.025637149810791,0.0015843750443309546,0.00022564828395843506,7.206590175628662,0.258029043674469,0.4921874999999998,0.2299661636352539,0.5946502057613168
132,1.0736956596374512,0.0011351066641509533,0.0003056377172470093,7.2550272941589355,0.19937732815742493,0.5638020833333329,0.23335975408554077,0.5897119341563783
133,1.1076054573059082,0.0013550716685131192,0.0004481673240661621,7.276444911956787,0.26524484157562256,0.47916666666666663,0.23403367400169373,0.5888888888888888
134,1.080411672592163,0.0021143718622624874,0.0003080219030380249,7.226145267486572,0.27351686358451843,0.5703124999999998,0.23054739832878113,0.5917695473251028
135,1.0133240222930908,0.001599856186658144,0.00030034780502319336,7.294708251953125,0.2803586721420288,0.6158854166666666,0.23370738327503204,0.5868312757201644
136,0.97701495885849,0.0012311278842389584,0.0005783736705780029,7.120304584503174,0.20959416031837463,0.6158854166666666,0.23072639107704163,0.588477366255144
137,1.10273277759552,0.0008328581461682916,0.0003452301025390625,7.117496967315674,0.30883559584617615,0.6158854166666666,0.2353478968143463,0.5921810699588476
138,0.989456295967102,0.001644390169531107,0.0003158152103424072,7.228301048278809,0.22629553079605103,0.5507812499999998,0.23343129456043243,0.5909465020576127
139,1.129791259765625,0.0018008749466389418,0.0002510547637939453,7.354438304901123,0.31375178694725037,0.47916666666666663,0.23699285089969635,0.5860082304526748
140,1.0050652027130127,0.0014288523234426975,0.0006208866834640503,7.292254447937012,0.2625928819179535,0.5703124999999998,0.23297744989395142,0.5880658436213987
141,1.0385113954544067,0.0013159076916053891,0.0002311617136001587,7.298764705657959,0.2552492320537567,0.6940104166666666,0.22946462035179138,0.5917695473251028
142,1.039567470550537,0.0008103471482172608,0.0006031841039657593,7.116075038909912,0.29110270738601685,0.4856770833333329,0.23238052427768707,0.5897119341563783
143,0.9565060138702393,0.0007315508555620909,0.0007345825433731079,7.158416271209717,0.2337580770254135,0.5312499999999998,0.2354130744934082,0.5893004115226336
144,1.047551155090332,0.0010840222239494324,0.0008101612329483032,7.243359088897705,0.22604316473007202,0.5247395833333329,0.2334892451763153,0.5897119341563783
145,1.1109107732772827,0.0007683609146624804,0.0006441622972488403,7.099599838256836,0.32319176197052,0.6093749999999998,0.23289741575717926,0.5888888888888888
146,1.0526390075683594,0.001500724465586245,0.00028195977210998535,7.371747970581055,0.31498461961746216,0.5703124999999998,0.23229041695594788,0.5897119341563783
147,1.0818467140197754,0.0007178002269938588,0.0008212625980377197,7.2754693031311035,0.29110056161880493,0.6093749999999998,0.23338930308818817,0.5893004115226336
148,1.0223804712295532,0.0014914637431502342,0.0005177706480026245,7.35073184967041,0.25954383611679077,0.5572916666666666,0.23080982267856598,0.5880658436213987
149,1.069258213043213,0.0009199958294630051,0.0006000995635986328,7.329919338226318,0.23872767388820648,0.5768229166666666,0.23246048390865326,0.5934156378600819
150,0.9692090749740601,0.0011400929652154446,0.00026379525661468506,7.334677696228027,0.29179203510284424,0.6028645833333329,0.23029668629169464,0.5864197530864196
151,1.0917447805404663,0.000980589771643281,0.0004030168056488037,7.249380111694336,0.2856210172176361,0.5572916666666666,0.2337062954902649,0.5872427983539091
152,0.9891892075538635,0.001004969235509634,0.00038105249404907227,7.240220069885254,0.265140175819397,0.5052083333333329,0.2308620661497116,0.591358024691358
153,1.1257110834121704,0.0006904738256707788,0.0006253570318222046,7.277998924255371,0.2431199699640274,0.5703124999999998,0.2288954257965088,0.588477366255144
154,1.074263572692871,0.0009776816004887223,0.000688895583152771,7.313826560974121,0.26509523391723633,0.5768229166666666,0.23524177074432373,0.5925925925925923
155,1.112823486328125,0.0010372132528573275,0.0006093978881835938,7.320329189300537,0.25590208172798157,0.5247395833333329,0.22989226877689362,0.5930041152263371
156,1.0752214193344116,0.000933135743252933,0.0005915015935897827,7.1215081214904785,0.26880016922950745,0.5442708333333329,0.23272451758384705,0.5880658436213987
157,1.0403342247009277,0.0009640355128794909,0.0006129443645477295,7.295579433441162,0.23698461055755615,0.5507812499999998,0.23171760141849518,0.5917695473251028
158,0.9413029551506042,0.0009366192389279604,0.0009023845195770264,7.305142879486084,0.27073514461517334,0.47916666666666663,0.23212005198001862,0.5905349794238679
159,1.1754871606826782,0.0007990067824721336,0.0006168335676193237,7.280699729919434,0.26897531747817993,0.6354166666666666,0.23165297508239746,0.5901234567901231
160,1.0304882526397705,0.0005724907387048006,0.0007600486278533936,7.245851039886475,0.23054581880569458,0.5312499999999998,0.23197056353092194,0.5925925925925923
161,1.1369904279708862,0.0005839606747031212,0.0007735639810562134,7.1880717277526855,0.2417718917131424,0.6093749999999998,0.2342345416545868,0.5905349794238679
162,0.978126585483551,0.0006777716334909201,0.0007607340812683105,7.069016933441162,0.3199727237224579,0.5507812499999998,0.23084396123886108,0.594238683127572
163,1.0856472253799438,0.0003813080256804824,0.0008123815059661865,7.342462062835693,0.2523362338542938,0.5572916666666666,0.22945019602775574,0.591358024691358
164,1.1603143215179443,0.0004006581148132682,0.0009571164846420288,7.275167465209961,0.31397485733032227,0.5507812499999998,0.23082968592643738,0.5897119341563783
165,1.1913304328918457,0.0004693404771387577,0.0009525865316390991,7.301093101501465,0.18868912756443024,0.5182291666666666,0.2241080403327942,0.5909465020576127
166,1.0596998929977417,0.00035218114499002695,0.0008537024259567261,7.436497211456299,0.2309243381023407,0.5638020833333329,0.22537963092327118,0.5909465020576127
167,0.9847273826599121,0.0013331840746104717,0.0006279498338699341,7.288774013519287,0.24657216668128967,0.6614583333333329,0.21884851157665253,0.5880658436213987
168,1.0493699312210083,-6.219884380698204e-05,0.001205161213874817,7.270206928253174,0.22288641333580017,0.6679687499999998,0.21655353903770447,0.5909465020576127
169,0.9967287182807922,0.0005161300068721175,0.000641554594039917,7.154606342315674,0.1914547234773636,0.5117187499999998,0.21890026330947876,0.588477366255144
170,1.1027370691299438,0.00025952060241252184,0.0009701848030090332,7.21850061416626,0.22210180759429932,0.6223958333333329,0.2191653847694397,0.5925925925925923
171,1.0504940748214722,0.0006001517176628113,0.0008405447006225586,7.320620536804199,0.23575226962566376,0.5703124999999998,0.20681427419185638,0.588477366255144
172,0.9923633337020874,0.0006611383287236094,0.0008838176727294922,7.175595760345459,0.19606931507587433,0.5963541666666666,0.19999438524246216,0.5909465020576127
173,1.0876230001449585,0.0005749862175434828,0.0007893592119216919,7.353456020355225,0.19511786103248596,0.4921874999999998,0.18883171677589417,0.5864197530864196
174,0.9646074175834656,0.0007084219250828028,0.0007127076387405396,7.36767578125,0.14850100874900818,0.6093749999999998,0.18867447972297668,0.5897119341563783
175,1.0716404914855957,0.00047726044431328773,0.0009823441505432129,7.117034435272217,0.18840964138507843,0.5182291666666666,0.2039375603199005,0.5897119341563783
176,1.0557743310928345,0.0005381535738706589,0.0010666102170944214,7.283680438995361,0.2768993079662323,0.5833333333333329,0.2161637544631958,0.588477366255144
177,0.8774564266204834,0.000162418931722641,0.001371040940284729,6.9732842445373535,0.2586131989955902,0.5182291666666666,0.21771766245365143,0.5897119341563783
178,1.0582399368286133,0.00018301489762961864,0.0009614676237106323,7.416886806488037,0.26137545704841614,0.5703124999999998,0.2187056541442871,0.5934156378600819
179,1.0104994773864746,0.00043862685561180115,0.0008169561624526978,7.257854461669922,0.27695637941360474,0.6419270833333329,0.2200169861316681,0.591358024691358
180,1.0801599025726318,0.0007359961746260524,0.0008838623762130737,7.271566390991211,0.20380209386348724,0.5377604166666666,0.21893656253814697,0.5897119341563783
181,0.9808550477027893,0.00023603916633874178,0.0008703470230102539,7.3127617835998535,0.2800663411617279,0.6028645833333329,0.21807484328746796,0.588477366255144
182,0.9509530663490295,0.00017575162928551435,0.0009042322635650635,7.122988224029541,0.2992156147956848,0.4921874999999998,0.21947483718395233,0.588477366255144
183,1.1169357299804688,0.0004163426347076893,0.0009644031524658203,7.097199440002441,0.218533456325531,0.5507812499999998,0.21643540263175964,0.5905349794238679
184,1.0029668807983398,0.0008820554940029979,0.0007608085870742798,7.196585655212402,0.3925396502017975,0.6223958333333329,0.22439812123775482,0.5868312757201644
185,0.9788812398910522,0.00040184170939028263,0.0009141713380813599,7.207034111022949,0.20935921370983124,0.5768229166666666,0.22879019379615784,0.5897119341563783
186,1.0205093622207642,0.0001074550673365593,0.0011549144983291626,7.235515594482422,0.20863641798496246,0.6419270833333329,0.229569673538208,0.5897119341563783
187,1.0899733304977417,-0.0001571381581015885,0.0011206120252609253,7.200478553771973,0.24357230961322784,0.6289062499999998,0.23277243971824646,0.5917695473251028
188,1.0148149728775024,-2.3301108740270138e-05,0.0010716915130615234,7.281641483306885,0.2210320085287094,0.5833333333333329,0.23024342954158783,0.5917695473251028
189,1.1033787727355957,0.00048502953723073006,0.0008891820907592773,7.333486080169678,0.24588195979595184,0.6809895833333329,0.22951428592205048,0.5930041152263371
190,1.0322376489639282,0.0005344483070075512,0.0009645819664001465,7.077216148376465,0.5025057792663574,0.5377604166666666,0.23170776665210724,0.5930041152263371
191,1.1081359386444092,0.0003806606400758028,0.00089244544506073,7.125521659851074,0.27584636211395264,0.5507812499999998,0.23370909690856934,0.5917695473251028
192,1.1753809452056885,-1.674110535532236e-05,0.0009795576333999634,7.2337646484375,0.32915350794792175,0.5703124999999998,0.2276730239391327,0.5917695473251028
193,0.9926921129226685,0.00025106477551162243,0.0010129958391189575,7.189687728881836,0.2456757128238678,0.49869791666666663,0.23064523935317993,0.591358024691358
194,1.0623915195465088,0.0002723898505792022,0.0009428709745407104,7.12015438079834,0.3018702566623688,0.5507812499999998,0.23096111416816711,0.5905349794238679
195,1.0232590436935425,0.0003174298908561468,0.0009156763553619385,7.373030662536621,0.2145872563123703,0.5312499999999998,0.23059777915477753,0.5909465020576127
196,1.0505075454711914,7.314153481274843e-05,0.0008941292762756348,7.354284286499023,0.26910239458084106,0.6028645833333329,0.23345239460468292,0.5909465020576127
197,1.0842777490615845,0.00014398351777344942,0.0009734034538269043,7.2718329429626465,0.3247170150279999,0.5638020833333329,0.23066069185733795,0.5893004115226336
198,1.066461443901062,9.190267883241177e-05,0.0009992867708206177,7.25405216217041,0.24028806388378143,0.5898437499999998,0.23136626183986664,0.5888888888888888
199,1.0892179012298584,8.882128167897463e-05,0.0011401921510696411,7.2672295570373535,0.19336475431919098,0.5052083333333329,0.22939984500408173,0.5897119341563783
200,0.9698717594146729,0.00018869258929044008,0.000959545373916626,7.235494613647461,0.2757868468761444,0.5833333333333329,0.23279984295368195,0.5893004115226336
201,1.027376651763916,0.0004693594528362155,0.0008834004402160645,7.285643577575684,0.2495635598897934,0.5963541666666666,0.2306824028491974,0.591358024691358
202,1.060145616531372,-5.092879291623831e-05,0.0009831041097640991,7.2375335693359375,0.23899371922016144,0.5833333333333329,0.23127147555351257,0.5880658436213987
203,1.058855652809143,0.0002610163064673543,0.0009233653545379639,7.240523815155029,0.3421713411808014,0.6158854166666666,0.23173561692237854,0.5893004115226336
204,1.2146010398864746,0.00023504404816776514,0.0009020119905471802,7.289046764373779,0.20084001123905182,0.6093749999999998,0.23191992938518524,0.591358024691358
205,1.1439088582992554,-0.00013808748917654157,0.0010300427675247192,7.229137420654297,0.23807089030742645,0.5963541666666666,0.22928272187709808,0.5901234567901231
206,1.0793260335922241,0.00042657239828258753,0.0009283721446990967,7.297987937927246,0.3399178981781006,0.5898437499999998,0.22990895807743073,0.5905349794238679
207,1.1581027507781982,9.8639284260571e-05,0.0009841471910476685,7.268400192260742,0.1789853572845459,0.5117187499999998,0.2308233678340912,0.5888888888888888
208,1.0626227855682373,-0.00014300289331004024,0.0011192411184310913,7.21616792678833,0.20862798392772675,0.5377604166666666,0.23080679774284363,0.5876543209876539
209,1.0986907482147217,0.0003029697109013796,0.0011140406131744385,7.242420673370361,0.3163330554962158,0.5898437499999998,0.23061729967594147,0.5921810699588476
210,1.0038540363311768,0.00016389135271310806,0.0008610337972640991,7.101495265960693,0.27501529455184937,0.6093749999999998,0.22929219901561737,0.588477366255144
211,1.118302583694458,7.39699462428689e-05,0.0009239166975021362,7.443713188171387,0.25353682041168213,0.5703124999999998,0.2315414547920227,0.588477366255144
212,1.041341781616211,0.0006889387732371688,0.0009313970804214478,7.057034969329834,0.2128591686487198,0.5703124999999998,0.23092065751552582,0.5893004115226336
213,1.0016149282455444,-0.0002827444113790989,0.0012331604957580566,7.216996669769287,0.25359076261520386,0.4921874999999998,0.22779053449630737,0.5880658436213987
214,0.9873698949813843,0.00036816007923334837,0.0008502453565597534,7.308902740478516,0.2634701728820801,0.6614583333333329,0.22930577397346497,0.588477366255144
215,0.9784526824951172,-6.051338277757168e-05,0.0009080618619918823,7.366277694702148,0.27518588304519653,0.6158854166666666,0.22851809859275818,0.5864197530864196
216,1.0793671607971191,2.8694281354546547e-05,0.000987619161605835,7.313911437988281,0.2739647626876831,0.5638020833333329,0.23014074563980103,0.5897119341563783
217,1.028106927871704,-0.00017040089005604386,0.0010874271392822266,7.2471232414245605,0.3231886625289917,0.6223958333333329,0.22887833416461945,0.5860082304526748
218,1.0530908107757568,-0.000332639436237514,0.001436188817024231,7.366215229034424,0.19199694693088531,0.5572916666666666,0.2310018688440323,0.5868312757201644
219,1.134507656097412,0.0003249304136261344,0.0013423115015029907,7.150858402252197,0.25290897488594055,0.5768229166666666,0.2309861034154892,0.5835390946502056
220,1.1306936740875244,0.00022495945449918509,0.0011493861675262451,7.269254684448242,0.22709469497203827,0.6289062499999998,0.2316182553768158,0.58559670781893
221,0.922858476638794,-0.00012047903146594763,0.001257389783859253,7.22661828994751,0.1797671616077423,0.5377604166666666,0.2321157455444336,0.5835390946502056
222,1.0727591514587402,-0.00037604826502501965,0.0013934671878814697,7.357875823974609,0.21597766876220703,0.5507812499999998,0.23120106756687164,0.5790123456790119
223,1.0285391807556152,-0.0006883061723783612,0.0013345927000045776,7.257744789123535,0.296270489692688,0.5768229166666666,0.23168694972991943,0.5777777777777776
224,1.0438499450683594,-0.00019298354163765907,0.0010689795017242432,7.151712894439697,0.3022792339324951,0.6093749999999998,0.23184970021247864,0.5757201646090532
225,0.9245481491088867,-0.0003358874819241464,0.0013017207384109497,7.137429237365723,0.2149539291858673,0.6289062499999998,0.22526392340660095,0.5810699588477364
226,1.0878992080688477,-0.0004607825540006161,0.0014690011739730835,7.168322563171387,0.26424267888069153,0.5572916666666666,0.22475072741508484,0.5835390946502056
227,1.0223861932754517,-0.00020966294687241316,0.0014048218727111816,7.187304496765137,0.2503036856651306,0.49869791666666663,0.2260679453611374,0.582716049382716
228,1.1209810972213745,-0.0005704142386093736,0.0016633272171020508,7.222945213317871,0.2588260769844055,0.5507812499999998,0.2285807579755783,0.5843621399176951
229,1.1039305925369263,-0.00015751703176647425,0.0012345612049102783,7.201545715332031,0.24178142845630646,0.5377604166666666,0.2116905301809311,0.5810699588477364
230,1.0828900337219238,-0.0006615068996325135,0.0016175806522369385,7.2384867668151855,0.24899691343307495,0.6484374999999998,0.20892637968063354,0.582716049382716
231,1.0350619554519653,-0.0002643200568854809,0.0013854950666427612,7.230055809020996,0.21281060576438904,0.5507812499999998,0.20180070400238037,0.5790123456790119
232,0.9816570281982422,-0.00030873081414029,0.0012847930192947388,7.2168426513671875,0.20995961129665375,0.5963541666666666,0.19970183074474335,0.5839506172839504
233,1.0279157161712646,-0.00014439818914979696,0.0011161267757415771,7.20297908782959,0.35150146484375,0.5963541666666666,0.22052887082099915,0.5860082304526748
234,1.0966256856918335,-0.0007133829640224576,0.0016272515058517456,7.178851127624512,0.25043371319770813,0.5963541666666666,0.23363129794597626,0.5839506172839504
235,1.0718713998794556,-0.0004347320646047592,0.0014229565858840942,7.272660732269287,0.3055900037288666,0.6223958333333329,0.23952537775039673,0.5860082304526748
236,1.0409870147705078,-0.00021858885884284973,0.0014515817165374756,7.1842803955078125,0.2430361658334732,0.5507812499999998,0.23771706223487854,0.5843621399176951
237,1.0768886804580688,-0.00021629873663187027,0.0013465583324432373,7.207077980041504,0.3384454846382141,0.5572916666666666,0.24105294048786163,0.5868312757201644
238,1.1002495288848877,-0.0002349803689867258,0.0013167262077331543,7.2411322593688965,0.16419634222984314,0.5898437499999998,0.24507935345172882,0.5860082304526748
239,0.9258074760437012,-0.00048304605297744274,0.0015714913606643677,7.3057427406311035,0.36337995529174805,0.6028645833333329,0.24452996253967285,0.5909465020576127
240,1.0218453407287598,-0.00023857969790697098,0.0014753937721252441,7.1023268699646,0.22639530897140503,0.47916666666666663,0.24369274079799652,0.588477366255144
241,1.0051480531692505,-0.0006463117897510529,0.0014869272708892822,7.392980575561523,0.2882949113845825,0.6419270833333329,0.243754580616951,0.5868312757201644
242,0.8709208369255066,-0.00010063208173960447,0.0014527291059494019,7.250361442565918,0.22399859130382538,0.5117187499999998,0.24431653320789337,0.588477366255144
243,0.9915564060211182,-0.0005014054477214813,0.0014103204011917114,7.242524147033691,0.3977227807044983,0.5703124999999998,0.24602942168712616,0.5868312757201644
244,1.0161521434783936,-0.0008465830469503999,0.001619100570678711,7.295238494873047,0.32729703187942505,0.5833333333333329,0.24027234315872192,0.5864197530864196
245,0.938927173614502,-0.0004938131896778941,0.0014605671167373657,7.354442596435547,0.3813199996948242,0.6549479166666666,0.24611781537532806,0.5893004115226336
246,0.9703629612922668,-0.0003990066470578313,0.0015497058629989624,7.277106761932373,0.2662600576877594,0.5768229166666666,0.2399570494890213,0.5897119341563783
247,1.0268309116363525,-0.0008685422362759709,0.0017127543687820435,7.4055705070495605,0.32957354187965393,0.5833333333333329,0.24299593269824982,0.5888888888888888
248,1.0811320543289185,-0.0006735471542924643,0.001437455415725708,7.284316062927246,0.22909431159496307,0.4921874999999998,0.2432754635810852,0.5897119341563783
249,1.0881704092025757,-0.0006310059688985348,0.0016564875841140747,7.3821258544921875,0.23652301728725433,0.6419270833333329,0.2438913732767105,0.588477366255144
250,1.0722936391830444,-0.0004372582770884037,0.0015884488821029663,7.302286624908447,0.25761547684669495,0.5833333333333329,0.2441135197877884,0.5893004115226336
251,1.0629171133041382,-0.0005288573447614908,0.001593753695487976,7.2477545738220215,0.21548058092594147,0.5377604166666666,0.2458159327507019,0.5901234567901231
252,1.0770291090011597,-0.0005904936115257442,0.0014961212873458862,7.366926193237305,0.21553801000118256,0.5833333333333329,0.24605296552181244,0.5905349794238679
253,1.0941846370697021,8.883420377969742e-06,0.0017637461423873901,7.176644325256348,0.34628230333328247,0.5507812499999998,0.24623069167137146,0.5864197530864196
254,1.0591914653778076,-0.0005098601104691625,0.001679837703704834,7.3577094078063965,0.27647140622138977,0.5768229166666666,0.2481565773487091,0.588477366255144
255,1.09592866897583,-0.0006902423338033259,0.0015765875577926636,7.246439456939697,0.31055039167404175,0.5833333333333329,0.24336087703704834,0.5880658436213987
256,1.1361874341964722,-0.00045189022785052657,0.0012768059968948364,7.173034191131592,0.32550472021102905,0.6679687499999998,0.24511557817459106,0.5893004115226336
257,1.0933191776275635,-0.0003861670847982168,0.0013744235038757324,7.24722957611084,0.19103804230690002,0.5833333333333329,0.246964231133461,0.5893004115226336
258,1.0307865142822266,-0.0008930567419156432,0.0016255825757980347,7.311741352081299,0.2979796528816223,0.5442708333333329,0.24688048660755157,0.5893004115226336
259,1.1015890836715698,-0.00048307236284017563,0.0014494359493255615,7.238872528076172,0.1986897587776184,0.5442708333333329,0.2498905211687088,0.5893004115226336
260,1.0787087678909302,-0.0006942679174244404,0.0018257349729537964,7.194033622741699,0.3353288173675537,0.4856770833333329,0.2462134212255478,0.5897119341563783
261,1.0373233556747437,-0.0007344462792389095,0.001681298017501831,7.271288871765137,0.25426751375198364,0.5898437499999998,0.2413526326417923,0.5893004115226336
262,1.1279186010360718,-0.0007657446549274027,0.0014471709728240967,7.2013773918151855,0.23432911932468414,0.5898437499999998,0.24506725370883942,0.5897119341563783
263,1.0461698770523071,-0.0009809557814151049,0.0018218010663986206,7.249736785888672,0.300776869058609,0.47916666666666663,0.2435828149318695,0.5897119341563783
264,1.0167521238327026,-0.0010582819813862443,0.0019229352474212646,7.145940780639648,0.21526770293712616,0.4661458333333329,0.24442161619663239,0.588477366255144
265,1.0319360494613647,-0.0008937977254390717,0.0015664547681808472,7.100406646728516,0.20943260192871094,0.4726562499999998,0.2443052977323532,0.5893004115226336
266,1.086413025856018,-0.0011018398217856884,0.00172385573387146,7.179236888885498,0.22084423899650574,0.5898437499999998,0.24340085685253143,0.588477366255144
267,1.0010130405426025,-0.0005974884843453765,0.0016730129718780518,7.334484100341797,0.2992970943450928,0.6093749999999998,0.2437189221382141,0.5876543209876539
268,1.1443979740142822,-0.0008367663249373436,0.001778915524482727,7.1969757080078125,0.21925804018974304,0.6223958333333329,0.24325990676879883,0.5888888888888888
269,0.992563784122467,-0.0010243651922792196,0.0020000040531158447,7.181571006774902,0.19027100503444672,0.5572916666666666,0.24122393131256104,0.5888888888888888
270,1.0200132131576538,-0.0006596842431463301,0.001547396183013916,7.150927543640137,0.21862909197807312,0.5963541666666666,0.24475570023059845,0.5872427983539091
271,1.0129976272583008,-0.0009342099074274302,0.0020648539066314697,7.262067794799805,0.34224042296409607,0.5507812499999998,0.24680283665657043,0.5888888888888888
272,1.1869068145751953,-0.0010415450669825077,0.0018280893564224243,7.388580322265625,0.2049337923526764,0.5768229166666666,0.24107512831687927,0.5897119341563783
273,1.0195138454437256,-0.0009270707378163934,0.0018980950117111206,7.167232513427734,0.3482109010219574,0.5312499999999998,0.24807409942150116,0.5897119341563783
274,1.1883435249328613,-0.0008277393644675612,0.0019439011812210083,7.114774227142334,0.3027372360229492,0.5247395833333329,0.2380688339471817,0.5897119341563783
275,1.0978730916976929,-0.0008419818477705121,0.0017124861478805542,7.245952606201172,0.19649633765220642,0.5312499999999998,0.24125637114048004,0.5901234567901231
276,1.1946804523468018,-0.000686135608702898,0.0014464855194091797,7.331658840179443,0.27700239419937134,0.5507812499999998,0.23546026647090912,0.5901234567901231
277,1.1295371055603027,-0.0007921315263956785,0.0018893927335739136,7.2693281173706055,0.2934117019176483,0.5182291666666666,0.2359069436788559,0.5897119341563783
278,1.053789496421814,-0.001305138343013823,0.0021293461322784424,7.112821578979492,0.28772658109664917,0.5312499999999998,0.23378877341747284,0.588477366255144
279,1.0737026929855347,-0.0009074991685338318,0.0016743987798690796,7.280144691467285,0.31943127512931824,0.5768229166666666,0.2578946053981781,0.591358024691358
280,1.133921504020691,-0.000809028628282249,0.001819893717765808,7.2317376136779785,0.296040415763855,0.5638020833333329,0.2621864080429077,0.5888888888888888
281,1.008486032485962,-0.0008965920424088836,0.0019525885581970215,7.288782596588135,0.34432166814804077,0.5377604166666666,0.26485714316368103,0.5901234567901231
282,0.975388765335083,-0.0009698499925434589,0.001990973949432373,7.0304059982299805,0.28289392590522766,0.5377604166666666,0.265566885471344,0.588477366255144
283,0.9846958518028259,-0.0012570270337164402,0.001887589693069458,7.028618812561035,0.3072851300239563,0.5833333333333329,0.2705400586128235,0.5893004115226336
284,1.0245980024337769,-0.0008613609243184328,0.0017991364002227783,7.157068729400635,0.33987879753112793,0.4921874999999998,0.2678074836730957,0.5893004115226336
285,1.0204135179519653,-0.000868631002958864,0.0017778873443603516,7.175868988037109,0.27040785551071167,0.4921874999999998,0.2667015790939331,0.5905349794238679
286,1.0297911167144775,-0.000931959948502481,0.0019733309745788574,7.268942832946777,0.21687032282352448,0.5182291666666666,0.26642486453056335,0.5909465020576127
287,1.0901168584823608,-0.0011832535965368152,0.0019957423210144043,7.074611663818359,0.2829461693763733,0.6028645833333329,0.2666570544242859,0.5905349794238679
288,1.1020110845565796,-0.0007920152856968343,0.001755937933921814,7.293494701385498,0.2934383451938629,0.5703124999999998,0.2677016854286194,0.5901234567901231
289,1.024359107017517,-0.00043967925012111664,0.0017688870429992676,7.18671989440918,0.3380327522754669,0.6354166666666666,0.2675909399986267,0.5897119341563783
290,0.9525522589683533,-0.0008825643453747034,0.001990184187889099,7.289190292358398,0.26910489797592163,0.4466145833333329,0.26608574390411377,0.5880658436213987
291,1.0921969413757324,-0.0011484511196613312,0.001894623041152954,7.102375507354736,0.2349090576171875,0.5572916666666666,0.2666112780570984,0.5905349794238679
292,1.095956802368164,-0.0012302100658416748,0.0021506398916244507,7.349369525909424,0.33773869276046753,0.5703124999999998,0.26710113883018494,0.5893004115226336
293,0.9761903285980225,-0.0009730588062666357,0.0018704235553741455,7.325472831726074,0.30554619431495667,0.6549479166666666,0.2693619430065155,0.588477366255144
294,0.9753445386886597,-0.0010383953340351582,0.0018724650144577026,7.2018141746521,0.2569947838783264,0.6679687499999998,0.26553767919540405,0.5893004115226336
295,0.9086424112319946,-0.0010392435360699892,0.0018172115087509155,7.230842113494873,0.26848292350769043,0.6354166666666666,0.26954013109207153,0.5901234567901231
296,0.9954518675804138,-0.0009839170379564166,0.0017726421356201172,7.209046840667725,0.3213622570037842,0.5638020833333329,0.2666277289390564,0.5888888888888888
297,1.133232831954956,-0.0011660403106361628,0.0018887966871261597,7.333608150482178,0.3292635977268219,0.6744791666666666,0.2667074501514435,0.5901234567901231
298,1.0292751789093018,-0.0012329526944085956,0.0022109299898147583,7.213587284088135,0.3016235828399658,0.6549479166666666,0.26596957445144653,0.588477366255144
299,0.9590275883674622,-0.0008951794588938355,0.0019409656524658203,7.279786586761475,0.20859867334365845,0.5507812499999998,0.26677748560905457,0.5893004115226336
300,1.090788722038269,-0.0010868534445762634,0.002061501145362854,7.387076377868652,0.22141502797603607,0.7070312499999998,0.27134832739830017,0.5901234567901231
301,1.0036441087722778,-0.001011758460663259,0.0017470121383666992,7.250460147857666,0.2143784761428833,0.5182291666666666,0.2655015289783478,0.5897119341563783
302,1.0668129920959473,-0.0014092214405536652,0.0022814273834228516,7.177997589111328,0.3297760784626007,0.5963541666666666,0.2672457695007324,0.5888888888888888
303,1.0657917261123657,-0.001059461967088282,0.001867532730102539,7.220081806182861,0.251716285943985,0.5377604166666666,0.26509422063827515,0.5888888888888888
304,1.0098971128463745,-0.0012169749243184924,0.0021308064460754395,7.135025978088379,0.34859538078308105,0.5963541666666666,0.26811158657073975,0.5901234567901231
305,0.9513916373252869,-0.0011495694052428007,0.002139165997505188,7.177638053894043,0.3242010474205017,0.5052083333333329,0.2698597311973572,0.5897119341563783
306,1.0685890913009644,-0.0009687785059213638,0.002209007740020752,7.249154090881348,0.2546764612197876,0.4466145833333329,0.26035386323928833,0.5897119341563783
307,1.0030317306518555,-0.001234589726664126,0.002097517251968384,7.347676753997803,0.26535946130752563,0.6419270833333329,0.26276275515556335,0.5897119341563783
308,1.1529642343521118,-0.0009974665008485317,0.001930341124534607,7.14938497543335,0.3642566502094269,0.5312499999999998,0.26717355847358704,0.5897119341563783
309,1.1574652194976807,-0.0015636704629287124,0.002455472946166992,7.141574859619141,0.29739296436309814,0.5963541666666666,0.26263928413391113,0.5893004115226336
310,1.030885100364685,-0.0015281434170901775,0.0022626668214797974,7.285844326019287,0.3183618187904358,0.6289062499999998,0.2639800012111664,0.5897119341563783
311,1.1490716934204102,-0.0013921922072768211,0.002178683876991272,7.3438568115234375,0.2850073575973511,0.6549479166666666,0.26155585050582886,0.5893004115226336
312,1.0021395683288574,-0.0012146661756560206,0.0022308379411697388,7.406472206115723,0.28399598598480225,0.5638020833333329,0.2604559063911438,0.5909465020576127
313,1.0951697826385498,-0.001311920816078782,0.0023422688245773315,7.12114953994751,0.24850258231163025,0.6419270833333329,0.26471006870269775,0.591358024691358
314,0.9110530018806458,-0.0013608576264232397,0.0022231340408325195,7.283202171325684,0.32979094982147217,0.5182291666666666,0.2634442448616028,0.5901234567901231
315,1.0766263008117676,-0.0010991125600412488,0.0021201670169830322,7.132786273956299,0.2527138292789459,0.6809895833333329,0.2619215250015259,0.5897119341563783
316,1.0917192697525024,-0.0012413610238581896,0.0020475387573242188,7.296361923217773,0.2910117208957672,0.6158854166666666,0.2597998082637787,0.5893004115226336
317,1.0424937009811401,-0.001694690203294158,0.0023571550846099854,7.238439559936523,0.33075815439224243,0.5833333333333329,0.25682640075683594,0.5901234567901231
318,1.1713123321533203,-0.0014544937293976545,0.0023650825023651123,7.306090831756592,0.32635894417762756,0.5703124999999998,0.25697314739227295,0.5901234567901231
319,1.0445435047149658,-0.0014999379636719823,0.0025207996368408203,7.175524711608887,0.24146254360675812,0.6549479166666666,0.25890666246414185,0.5905349794238679
320,1.0125112533569336,-0.001478744437918067,0.0023866891860961914,7.077775478363037,0.3232414424419403,0.5052083333333329,0.25481101870536804,0.5901234567901231
321,1.0046758651733398,-0.001525143045000732,0.002276211977005005,7.289559841156006,0.26665809750556946,0.6093749999999998,0.24849338829517365,0.5897119341563783
322,0.9143616557121277,-0.0010599243687465787,0.002165287733078003,7.215795516967773,0.21208931505680084,0.6940104166666666,0.24190576374530792,0.588477366255144
323,0.9852027893066406,-0.0014751388225704432,0.0022798478603363037,7.104700565338135,0.28887537121772766,0.6484374999999998,0.22884714603424072,0.5876543209876539
324,1.087653636932373,-0.0015393546782433987,0.0023151934146881104,7.343464374542236,0.23731864988803864,0.5572916666666666,0.21573084592819214,0.5901234567901231
325,0.9671831130981445,-0.0013631454203277826,0.0022702664136886597,7.315117835998535,0.2860690653324127,0.5703124999999998,0.21699051558971405,0.5901234567901231
326,1.0680299997329712,-0.001191316288895905,0.002124384045600891,7.261777877807617,0.22045397758483887,0.6484374999999998,0.22057150304317474,0.5893004115226336
327,1.0560526847839355,-0.0013440961483865976,0.002291247248649597,7.197333812713623,0.27775171399116516,0.5703124999999998,0.22187213599681854,0.5897119341563783
328,0.9883304834365845,-0.001333666848950088,0.0021464675664901733,7.309045314788818,0.3002830743789673,0.6028645833333329,0.2255328744649887,0.5897119341563783
329,1.1019643545150757,-0.0015252374578267336,0.0023032724857330322,7.2740797996521,0.2548702657222748,0.5963541666666666,0.22894832491874695,0.5876543209876539
330,0.965493381023407,-0.001323146978393197,0.0022491663694381714,7.211740970611572,0.2811811566352844,0.5507812499999998,0.2262449562549591,0.5893004115226336
331,1.0856897830963135,-0.0014437369536608458,0.0020976513624191284,7.280483722686768,0.19514892995357513,0.5572916666666666,0.22677552700042725,0.5897119341563783
332,1.1073640584945679,-0.0015317907091230154,0.002194523811340332,7.310530662536621,0.31765127182006836,0.6614583333333329,0.22526583075523376,0.5905349794238679
333,1.0961490869522095,-0.0015673334710299969,0.0024076104164123535,7.265254974365234,0.2637780010700226,0.6158854166666666,0.22477389872074127,0.5905349794238679
334,0.999071478843689,-0.001474439981393516,0.002380654215812683,7.4304680824279785,0.26106369495391846,0.5117187499999998,0.22666186094284058,0.588477366255144
335,0.9962888956069946,-0.0011887034634128213,0.002182289958000183,7.212915897369385,0.2326696217060089,0.6158854166666666,0.22719989717006683,0.5876543209876539
336,0.9830689430236816,-0.0016443351050838828,0.0023617446422576904,7.2001166343688965,0.3065061867237091,0.5182291666666666,0.2259574830532074,0.5893004115226336
337,1.0037317276000977,-0.001493394491262734,0.0025005489587783813,7.212498188018799,0.31963029503822327,0.5898437499999998,0.22588926553726196,0.5901234567901231
338,1.160183310508728,-0.0017615713877603412,0.0025172829627990723,7.238595008850098,0.2525465190410614,0.6549479166666666,0.2260323166847229,0.5901234567901231
339,1.0426859855651855,-0.001267891377210617,0.0024627894163131714,7.220650672912598,0.2283484786748886,0.5312499999999998,0.2252536565065384,0.5909465020576127
340,1.0699414014816284,-0.0015306163113564253,0.002431318163871765,7.166918754577637,0.38136374950408936,0.5247395833333329,0.22782985866069794,0.5893004115226336
341,1.0186865329742432,-0.001648774603381753,0.0023853182792663574,7.229725360870361,0.27228596806526184,0.5963541666666666,0.22562287747859955,0.588477366255144
342,1.0713188648223877,-0.0010545486584305763,0.0024771392345428467,7.2061262130737305,0.2760259807109833,0.5703124999999998,0.22637438774108887,0.5880658436213987
343,1.0896985530853271,-0.0016121410299092531,0.0024469196796417236,7.321543216705322,0.22743602097034454,0.6223958333333329,0.22768594324588776,0.588477366255144
344,1.0267441272735596,-0.0017785485833883286,0.00253276526927948,7.168131351470947,0.25506874918937683,0.5377604166666666,0.22635476291179657,0.5888888888888888
345,1.0735219717025757,-0.0015692837769165635,0.002335846424102783,7.240767478942871,0.23037658631801605,0.6093749999999998,0.22859929502010345,0.5893004115226336
346,1.0881950855255127,-0.0011792144505307078,0.0026147067546844482,7.241668701171875,0.21094220876693726,0.5442708333333329,0.22539122402668,0.5901234567901231
347,1.1274455785751343,-0.0017642974853515625,0.00257718563079834,7.279683589935303,0.2470065802335739,0.5703124999999998,0.22650447487831116,0.5909465020576127
348,1.0761816501617432,-0.0015479805879294872,0.0023464709520339966,7.2792816162109375,0.27712810039520264,0.5507812499999998,0.22510553896427155,0.5901234567901231
349,1.1166503429412842,-0.0015034204116091132,0.0025667399168014526,7.087229251861572,0.28490811586380005,0.5898437499999998,0.22598448395729065,0.5901234567901231
350,0.988732099533081,-0.0016231564804911613,0.002430647611618042,7.236346244812012,0.2454124391078949,0.5572916666666666,0.22607320547103882,0.5901234567901231
351,0.9992531538009644,-0.0015721542295068502,0.0023737698793411255,7.383224010467529,0.3052804470062256,0.5833333333333329,0.22479021549224854,0.5893004115226336
352,1.049152135848999,-0.0017011191230267286,0.0023903250694274902,7.218737602233887,0.2464267462491989,0.5507812499999998,0.22470013797283173,0.5905349794238679
353,1.1028556823730469,-0.0015986060025170445,0.0025936365127563477,7.296943187713623,0.22072529792785645,0.5377604166666666,0.2210760861635208,0.5905349794238679
354,1.0260229110717773,-0.0015823978465050459,0.002443835139274597,7.22403621673584,0.24425408244132996,0.6289062499999998,0.22109052538871765,0.5897119341563783
355,1.0316636562347412,-0.001695952727459371,0.002463802695274353,7.193752288818359,0.1961357742547989,0.5507812499999998,0.22149385511875153,0.5909465020576127
356,1.048527717590332,-0.0013754870742559433,0.0025027990341186523,7.16585636138916,0.19197581708431244,0.4921874999999998,0.2185712605714798,0.5897119341563783
357,1.053570032119751,-0.0017097042873501778,0.002506658434867859,7.3476738929748535,0.33027806878089905,0.5703124999999998,0.2168789505958557,0.5897119341563783
358,0.9679564237594604,-0.0018329607555642724,0.0025573819875717163,7.367600917816162,0.2575734555721283,0.5638020833333329,0.2165350466966629,0.5880658436213987
359,1.0720641613006592,-0.0017735653091222048,0.00247056782245636,7.203766822814941,0.2395436018705368,0.5963541666666666,0.23496736586093903,0.5897119341563783
360,1.1151633262634277,-0.0015675374306738377,0.002709105610847473,7.137786865234375,0.234547957777977,0.5833333333333329,0.24415035545825958,0.5901234567901231
361,1.0678695440292358,-0.001752358046360314,0.002632230520248413,7.183907508850098,0.2470032125711441,0.49869791666666663,0.2487078309059143,0.5897119341563783
362,1.0573207139968872,-0.0016482226783409715,0.0024124085903167725,7.381467342376709,0.22062255442142487,0.5312499999999998,0.25136563181877136,0.5893004115226336
363,0.9829708933830261,-0.0015952076064422727,0.0024932175874710083,7.33538818359375,0.28417500853538513,0.49869791666666663,0.2501075267791748,0.5905349794238679
364,1.0355991125106812,-0.001838016789406538,0.002513408660888672,7.32873010635376,0.2628476917743683,0.5052083333333329,0.24933700263500214,0.5893004115226336
365,1.035406231880188,-0.00166034372523427,0.0026126354932785034,7.365190029144287,0.2856661379337311,0.5833333333333329,0.2525857985019684,0.5897119341563783
366,0.9734759330749512,-0.00178825156763196,0.002641722559928894,7.384270668029785,0.2091638296842575,0.6028645833333329,0.2509746253490448,0.5905349794238679
367,0.9949824810028076,-0.0018354313215240836,0.0027115195989608765,7.169315338134766,0.3056989908218384,0.5768229166666666,0.2527592182159424,0.5888888888888888
368,1.0339733362197876,-0.0017242379253730178,0.002726837992668152,7.161896705627441,0.22014711797237396,0.5768229166666666,0.2512776553630829,0.5893004115226336
369,1.1605274677276611,-0.001983050722628832,0.002619519829750061,7.212093353271484,0.31296324729919434,0.5572916666666666,0.2505628168582916,0.5888888888888888
370,0.9735754132270813,-0.001685752416960895,0.00244748592376709,7.244677543640137,0.26120126247406006,0.5703124999999998,0.2489725649356842,0.5901234567901231
371,1.0793218612670898,-0.00136296555865556,0.0026389509439468384,7.165694236755371,0.28597790002822876,0.6549479166666666,0.2498762309551239,0.5901234567901231
372,1.049848198890686,-0.0020063715055584908,0.0028500109910964966,7.1946539878845215,0.21533146500587463,0.4661458333333329,0.2469978928565979,0.5888888888888888
373,1.03682279586792,-0.0018054713727906346,0.0027475953102111816,7.235337734222412,0.37618809938430786,0.5117187499999998,0.24707260727882385,0.5897119341563783
374,1.036538004875183,-0.0019514772575348616,0.002742290496826172,7.213900566101074,0.26851171255111694,0.6028645833333329,0.24389466643333435,0.5901234567901231
375,0.9646837711334229,-0.0018834739457815886,0.0026660561561584473,7.1939568519592285,0.32694724202156067,0.5833333333333329,0.23589062690734863,0.5901234567901231
376,0.9700976014137268,-0.0017821877263486385,0.0025512278079986572,7.314182758331299,0.2762128412723541,0.6614583333333329,0.23850823938846588,0.5893004115226336
377,1.0916693210601807,-0.0019557378254830837,0.0027386993169784546,7.199218273162842,0.27174338698387146,0.5572916666666666,0.21633443236351013,0.5901234567901231
378,0.9729986786842346,-0.0020285681821405888,0.00289270281791687,7.0975470542907715,0.31089597940444946,0.5768229166666666,0.19005660712718964,0.5901234567901231
379,1.0584200620651245,-0.0019709912594407797,0.0026417821645736694,7.427164554595947,0.17391735315322876,0.6028645833333329,0.15841519832611084,0.5880658436213987
380,0.9868935942649841,-0.0018567098304629326,0.002595067024230957,7.3079657554626465,0.1362638920545578,0.5898437499999998,0.14455097913742065,0.5897119341563783
381,0.980093240737915,-0.0015635298332199454,0.0027528852224349976,7.190650463104248,0.19821274280548096,0.5963541666666666,0.1523737609386444,0.5893004115226336
382,0.9678707718849182,-0.001647746772505343,0.002336561679840088,7.293376922607422,0.1847468614578247,0.6549479166666666,0.15411825478076935,0.5897119341563783
383,1.178328275680542,-0.0015198423061519861,0.0027027130126953125,7.205982685089111,0.2049698382616043,0.5117187499999998,0.15588800609111786,0.5897119341563783
384,1.0553189516067505,-0.002010858617722988,0.0026666969060897827,7.242835521697998,0.1761702448129654,0.5247395833333329,0.15453116595745087,0.5901234567901231
385,0.9516958594322205,-0.0018373040948063135,0.0025540143251419067,7.259716033935547,0.10583525151014328,0.6093749999999998,0.1567351371049881,0.5901234567901231
386,1.1087275743484497,-0.0015850977506488562,0.002477020025253296,7.321889877319336,0.12814930081367493,0.6223958333333329,0.1552966684103012,0.5893004115226336
387,0.9995642304420471,-0.0017205330077558756,0.002746954560279846,7.227993488311768,0.15210646390914917,0.6549479166666666,0.15756607055664062,0.5897119341563783
388,1.0372382402420044,-0.001678254222497344,0.002795785665512085,7.254077911376953,0.17939014732837677,0.5703124999999998,0.15554702281951904,0.5893004115226336
389,0.9152805209159851,-0.0014688402879983187,0.002505660057067871,7.1716413497924805,0.137096107006073,0.6223958333333329,0.15618456900119781,0.5901234567901231
390,1.1277875900268555,-0.002012177137658,0.0028421878814697266,7.2696027755737305,0.1302669495344162,0.5117187499999998,0.15425774455070496,0.5888888888888888
391,1.0697617530822754,-0.00211541960015893,0.002797231078147888,7.088529109954834,0.2237413376569748,0.5833333333333329,0.15364570915699005,0.5901234567901231
392,1.0634223222732544,-0.0017287463415414095,0.002716273069381714,7.2341132164001465,0.12394006550312042,0.5442708333333329,0.15401877462863922,0.5893004115226336
393,1.152013897895813,-0.0019975672475993633,0.002753332257270813,7.273943901062012,0.18921799957752228,0.5638020833333329,0.15576015412807465,0.5897119341563783
394,1.0714330673217773,-0.0019715542439371347,0.002707183361053467,7.19915771484375,0.18689154088497162,0.6223958333333329,0.15372587740421295,0.5901234567901231
395,1.068674921989441,-0.0018881340511143208,0.002675175666809082,7.2686614990234375,0.18118661642074585,0.5638020833333329,0.15455523133277893,0.588477366255144
396,1.0114307403564453,-0.0020765066146850586,0.003028079867362976,7.217724323272705,0.1645713895559311,0.5117187499999998,0.15668454766273499,0.5897119341563783
397,0.9648943543434143,-0.0022533689625561237,0.0028939247131347656,7.20872163772583,0.1285041868686676,0.6158854166666666,0.15551486611366272,0.5901234567901231
398,1.0875061750411987,-0.0018921294249594212,0.002851814031600952,7.134474754333496,0.17660659551620483,0.5182291666666666,0.15450996160507202,0.5901234567901231
399,1.1209360361099243,-0.002072220668196678,0.002891451120376587,7.23444938659668,0.15133889019489288,0.6158854166666666,0.15459805727005005,0.5893004115226336
